0.801
0.667
0.425
0.567
0.599
0.455
0.455
0.362
0.403
0.460
0.339
0.422
0.466
0.614
0.409
0.472
0.400
0.211
0.365
0.551
0.556
0.586
0.544
0.431
0.452
0.234
0.266
0.594
0.685
0.431
0.501
0.653
0.549
0.452
0.383
0.413
0.914
0.895
0.740
0.581
0.702
0.858
0.731
0.870
0.783
0.927
0.902
0.773
0.779
0.572
0.458
0.266
0.383
0.362
0.400
0.466
0.579
0.396
0.223
0.205
0.145
0.184
0.125
0.089
0.089
0.145
0.051
0.000
0.135
0.153
0.000
0.102
0.072
0.125
0.000
0.000
0.000
0.135
0.000
0.000
0.125
0.135
0.000
0.000
0.409
0.434
0.655
0.480
0.390
0.681
0.553
0.365
0.419
0.351
0.406
0.512
0.534
0.466
0.437
0.472
0.428
0.681
0.627
0.519
0.541
0.694
0.608
0.428
0.390
0.605
0.663
0.823
0.983
0.946
1.032
0.724
0.809
0.836
0.633
0.532
0.705
0.517
0.590
0.755
0.583
0.551
0.643
0.416
0.343
0.612
0.512
0.907
0.725
0.707
0.809
0.532
0.975
0.663
0.838
0.927
0.985
0.989
1.060
1.073
1.056
0.983
1.077
1.001
0.924
0.771
0.815
0.586
0.679
0.586
0.425
0.409
0.343
0.633
0.594
0.307
0.466
0.532
0.396
0.485
0.234
0.472
0.328
0.425
0.409
0.285
0.198
0.514
0.266
0.409
0.372
0.358
0.362
0.431
0.446
0.416
0.443
0.315
0.191
0.339
0.217
0.285
0.251
0.386
0.466
0.463
0.320
0.315
0.351
0.643
0.612
0.223
0.251
0.256
0.170
0.372
0.390
0.240
0.483
0.620
0.289
0.205
0.324
0.229
0.245
0.184
0.089
0.153
0.303
0.358
0.289
0.339
0.256
0.443
0.229
0.514
0.211
0.240
0.280
0.311
0.372
0.339
0.774
0.590
0.637
0.507
0.488
0.793
0.472
0.655
0.565
0.809
0.551
0.631
0.783
0.727
0.618
0.592
0.567
0.581
0.485
0.466
0.419
0.285
0.551
0.458
0.425
0.558
0.549
0.512
0.546
0.449
0.425
0.460
0.336
0.266
0.383
0.428
0.354
0.311
0.298
0.298
0.285
0.289
0.339
0.428
0.298
0.347
0.229
0.376
0.496
0.198
0.256
0.372
0.347
0.315
0.240
0.294
0.311
0.245
0.406
0.655
0.659
0.307
0.477
0.639
0.409
0.565
0.362
0.774
0.731
0.631
0.694
0.714
0.882
0.989
0.802
1.007
0.651
0.637
0.667
0.581
0.483
0.307
0.556
0.393
0.529
0.620
0.480
0.567
0.483
0.517
0.393
0.285
0.597
0.488
0.509
0.601
0.722
0.692
1.027
0.752
0.517
0.762
0.839
0.949
0.663
0.769
0.798
0.778
0.842
0.659
0.649
0.605
0.558
0.659
0.618
0.446
0.276
0.184
0.332
0.599
0.379
0.673
0.616
0.778
0.698
0.799
0.714
0.437
0.563
0.727
0.663
0.499
0.639
0.743
0.491
0.579
0.724
0.592
0.588
0.485
0.577
0.734
0.608
0.635
0.677
0.466
0.519
0.431
0.577
0.608
0.673
0.532
0.663
0.549
0.517
0.483
0.784
0.601
0.493
0.645
0.499
0.601
0.563
0.643
0.645
0.663
0.509
0.455
0.572
0.491
0.625
0.567
0.519
0.437
0.572
0.724
0.599
0.485
0.455
0.677
0.524
0.605
0.524
0.537
0.514
0.504
0.336
0.406
0.422
0.153
0.177
0.256
0.145
0.170
0.153
0.256
0.294
0.347
0.256
0.431
0.449
0.205
0.311
0.294
0.315
0.289
0.581
0.588
0.393
0.474
0.294
0.289
0.191
0.280
0.409
0.437
0.437
0.365
0.307
0.324
0.234
0.307
0.372
0.383
0.261
0.358
0.440
0.362
0.365
0.425
0.217
0.336
0.449
0.298
0.266
0.343
0.294
0.285
0.541
0.339
0.336
0.311
0.303
0.574
0.416
0.452
0.298
0.422
0.376
0.406
1.141
0.928
0.741
0.761
0.522
0.657
0.618
0.603
0.539
0.718
0.802
0.703
0.485
0.102
0.102
0.102
0.000
0.051
0.125
0.162
0.198
0.651
0.655
0.184
0.683
0.599
0.769
0.819
0.842
0.927
0.685
0.641
0.921
0.910
0.885
0.809
0.663
0.496
0.396
0.354
0.455
0.605
0.563
0.466
0.425
0.477
0.311
0.379
0.507
0.413
0.365
0.362
0.460
0.474
0.677
0.551
0.460
0.499
0.614
0.369
0.527
0.675
0.541
0.601
0.422
0.493
0.635
0.702
0.783
0.724
0.605
0.833
0.610
0.529
0.514
0.396
0.583
0.477
0.354
0.271
0.261
0.469
0.205
0.245
0.428
0.396
0.365
0.358
0.276
0.324
0.320
0.324
0.240
0.354
0.271
0.379
0.289
0.507
0.501
0.386
0.480
0.347
0.419
0.393
0.390
0.298
0.343
0.449
0.653
0.446
0.446
0.449
0.645
0.393
0.229
0.354
0.294
0.240
0.205
0.332
0.406
0.303
0.276
0.205
0.336
0.581
0.354
0.539
0.372
0.509
0.217
0.135
0.396
0.428
0.488
0.403
0.504
0.560
0.393
0.493
0.577
0.499
0.519
0.422
0.649
0.446
0.315
0.372
0.234
0.422
0.369
0.315
0.372
0.211
0.234
0.184
0.488
0.403
0.205
0.280
0.285
0.289
0.422
0.400
0.358
0.452
0.496
0.280
0.372
0.413
0.245
0.480
0.386
0.594
0.425
0.251
0.383
0.413
0.324
0.393
0.537
0.485
0.362
0.217
0.125
0.217
0.311
0.419
0.807
0.812
0.581
0.315
0.372
0.376
0.406
0.446
0.549
0.362
0.276
0.315
0.419
0.501
0.343
0.376
0.251
0.294
0.217
0.491
0.343
0.594
0.362
0.403
0.474
0.610
0.422
0.590
0.440
0.443
1.104
0.639
0.895
0.544
0.605
0.733
0.205
0.567
0.852
0.811
0.894
0.709
0.727
0.532
0.625
0.537
0.512
0.696
0.541
0.452
0.544
0.745
0.707
0.386
0.645
0.485
0.673
0.771
0.822
0.625
0.553
0.627
0.736
0.783
0.791
0.716
0.677
0.572
0.544
0.477
0.396
0.396
0.480
0.440
0.280
0.406
0.605
0.544
0.396
0.491
0.488
0.413
0.501
0.452
0.390
0.379
0.347
0.289
0.396
0.211
0.184
0.153
0.135
0.089
0.000
0.135
0.051
0.153
0.000
0.072
0.114
0.089
0.000
0.000
0.135
0.125
0.000
0.000
0.000
0.000
0.000
0.000
0.000
0.114
0.000
0.000
0.135
0.102
0.072
0.000
0.000
0.000
0.000
0.000
0.000
0.000
0.000
0.000
0.000
0.051
0.000
0.000
0.000
0.000
0.000
0.000
0.000
0.000
0.000
0.000
0.072
0.000
0.000
0.000
0.000
0.000
0.000
0.000
0.000
0.000
0.000
0.390
0.298
0.261
0.285
0.460
0.251
0.191
0.285
0.336
0.153
0.198
0.376
0.425
0.485
0.372
0.351
0.446
0.332
0.229
0.135
0.393
0.386
0.153
0.529
0.320
0.480
0.354
0.522
0.455
0.413
0.271
0.298
0.409
0.519
0.440
0.434
0.369
0.271
1.081
0.597
0.365
0.343
0.198
0.551
0.748
0.798
0.649
0.692
0.820
0.667
0.761
0.957
0.938
1.037
0.965
0.987
0.991
0.918
0.806
0.925
0.711
0.311
0.716
0.532
0.512
0.663
1.017
0.716
0.748
0.443
0.419
0.339
0.177
0.229
0.499
0.620
0.480
0.618
0.396
0.372
0.565
0.544
0.307
0.376
0.499
0.354
0.532
0.434
0.509
0.386
0.683
0.541
0.396
0.379
0.480
0.343
0.452
0.586
0.501
0.324
0.463
0.422
0.541
0.271
0.514
0.266
0.446
0.372
0.546
0.403
0.358
0.400
0.354
0.339
0.466
0.409
0.362
0.422
0.474
0.443
0.842
0.663
0.466
0.496
0.579
0.362
0.362
0.170
0.669
0.549
0.754
0.532
0.681
0.745
0.833
0.888
0.844
0.747
0.855
0.982
0.984
0.952
0.999
0.700
0.764
0.762
0.830
0.752
0.852
0.873
0.960
0.698
0.651
0.524
0.653
0.653
0.778
0.841
0.901
0.879
0.942
0.844
0.794
0.362
0.622
0.572
0.738
0.700
0.786
0.406
0.544
0.483
0.358
0.396
0.315
0.315
0.466
0.369
0.491
0.400
0.422
0.437
0.647
0.315
0.466
0.307
0.298
0.477
0.614
0.529
0.669
0.722
0.458
0.819
0.754
0.762
0.740
0.400
0.577
0.718
0.514
0.551
0.446
0.452
0.620
0.572
0.507
0.635
0.541
0.446
0.386
0.307
0.483
0.376
0.409
0.485
0.499
0.437
0.234
0.458
0.565
0.496
0.458
0.434
0.422
0.581
0.804
0.608
0.789
0.764
0.620
0.416
0.675
0.776
0.556
0.643
0.781
0.452
0.135
0.240
0.463
0.512
0.692
0.734
0.910
0.969
0.848
0.886
0.880
0.910
0.902
0.245
0.051
0.177
0.635
0.729
0.705
0.485
0.738
0.755
0.665
0.757
0.463
0.570
0.603
0.551
0.372
0.339
0.365
0.480
0.639
0.586
0.512
0.276
0.413
0.466
0.477
0.679
0.612
0.946
0.729
1.016
0.694
0.856
0.960
0.969
1.028
0.980
1.013
0.991
1.063
1.072
1.045
0.976
0.885
0.922
0.783
0.725
0.622
0.574
0.443
0.460
0.428
0.472
0.524
0.532
0.446
0.403
0.376
0.431
0.419
0.434
0.463
0.491
0.539
0.499
0.472
0.437
0.581
0.718
0.485
0.491
0.493
0.539
0.320
0.251
0.162
0.000
0.603
0.673
0.796
0.743
0.570
0.501
0.597
0.622
0.703
0.501
0.669
0.635
0.509
0.549
0.572
0.431
0.332
0.458
0.376
0.507
0.581
0.434
0.354
0.643
0.406
0.504
0.332
0.311
0.517
0.681
0.524
0.223
0.416
0.612
0.390
0.449
0.324
0.422
0.294
0.336
0.612
0.567
0.527
0.819
0.677
0.616
0.455
0.443
0.460
0.466
0.551
0.599
0.637
0.434
0.565
0.581
0.556
0.645
0.396
0.512
0.509
0.556
0.631
0.425
0.588
0.601
0.472
0.577
0.499
0.469
0.386
0.524
0.455
0.565
0.452
0.217
0.177
0.162
0.311
0.544
0.512
0.514
0.702
0.311
0.834
0.586
0.894
0.896
0.870
0.907
0.898
0.879
0.910
0.853
0.922
0.927
0.945
0.856
0.935
0.588
0.868
0.692
0.822
0.594
0.549
0.690
0.413
0.386
0.266
0.493
0.400
0.458
0.245
0.354
0.416
0.556
0.491
0.261
0.716
0.512
0.416
0.177
0.320
0.776
0.762
0.752
0.625
0.633
0.663
0.876
0.882
0.968
0.804
0.825
0.844
0.917
0.972
0.988
1.026
0.892
0.692
0.102
0.796
0.867
0.859
0.935
0.616
0.637
0.855
0.885
0.975
0.949
0.793
0.946
0.686
0.655
0.572
0.683
0.767
0.514
0.496
0.390
0.271
0.477
0.509
0.443
0.307
0.496
0.376
0.336
0.458
0.477
0.458
0.413
0.311
0.480
0.460
0.372
0.463
0.565
0.776
0.707
0.369
0.315
0.847
0.669
0.713
0.336
0.153
0.191
0.608
0.466
0.406
0.731
0.590
0.396
0.673
0.934
0.673
0.745
0.836
0.939
0.910
0.902
0.982
0.975
0.972
0.992
0.901
0.532
0.629
0.871
0.778
0.383
0.170
0.556
0.229
0.409
0.315
0.428
0.211
0.184
0.125
0.170
0.177
0.089
0.114
0.245
0.240
0.616
0.793
0.888
0.761
0.779
0.618
0.403
0.524
0.507
0.727
0.784
0.778
0.724
0.707
0.574
0.685
0.647
0.396
0.474
0.315
0.469
0.514
0.681
0.437
0.514
0.519
0.455
0.499
0.413
0.072
0.205
0.000
0.051
0.000
0.205
0.000
0.135
0.114
0.000
0.072
0.051
0.072
0.000
0.000
0.000
0.000
0.072
0.000
0.102
0.114
0.089
0.000
0.000
0.000
0.000
0.102
0.425
0.539
0.211
0.051
0.177
0.000
0.000
0.000
0.000
0.135
0.102
0.000
0.051
0.000
0.000
0.102
0.000
0.051
0.000
0.000
0.000
0.114
0.000
0.000
0.051
0.000
0.000
0.000
0.000
0.000
0.000
0.000
0.000
0.125
0.000
0.000
0.000
0.000
0.000
0.000
0.000
0.000
0.000
0.000
0.000
0.000
0.000
0.000
0.000
0.000
0.000
0.000
0.000
0.000
0.000
0.000
0.000
0.000
0.000
0.000
0.000
0.000
0.000
0.000
0.102
0.000
0.000
0.000
0.000
0.000
0.000
0.000
0.153
0.000
0.000
0.000
0.000
0.000
0.000
0.000
0.000
0.000
0.000
0.000
0.000
0.000
0.000
0.000
0.000
0.000
0.000
0.000
0.000
0.000
0.000
0.000
0.000
0.307
0.409
0.289
0.339
0.307
0.251
0.294
0.280
0.205
0.177
0.145
0.256
0.223
0.072
0.276
0.362
0.376
0.365
0.339
0.170
0.256
0.198
0.198
0.446
0.336
0.245
0.463
0.560
0.311
0.485
0.534
0.307
0.416
0.413
0.379
0.336
0.474
0.565
0.336
0.449
0.413
0.541
0.332
0.428
0.409
0.365
0.315
0.303
0.383
0.089
0.000
0.000
0.102
0.072
0.390
0.256
0.000
0.000
0.000
0.102
0.000
0.000
0.000
0.000
0.051
0.000
0.051
0.000
0.000
0.072
0.000
0.000
0.000
0.000
0.000
0.000
0.051
0.000
0.000
0.051
0.000
0.000
0.000
0.000
0.000
0.000
0.000
0.000
0.000
0.000
0.000
0.000
0.000
0.000
0.000
0.089
0.000
0.000
0.000
0.000
0.170
0.000
0.000
0.000
0.000
0.000
0.000
0.000
0.000
0.000
0.000
0.000
0.000
0.000
0.000
0.000
0.000
0.000
0.000
0.000
0.000
0.000
0.000
0.000
0.000
0.000
0.000
0.000
0.000
0.000
0.000
0.000
0.000
0.000
0.000
0.000
0.000
0.000
0.000
0.000
0.000
0.000
0.000
0.000
0.000
0.000
0.000
0.000
0.000
0.000
0.000
0.000
0.000
0.000
0.000
0.000
0.000
0.000
0.000
0.000
0.000
0.000
0.000
0.000
0.000
0.000
0.000
0.000
0.000
0.000
0.000
0.000
0.000
0.000
0.000
0.000
0.000
0.000
0.000
0.000
0.000
0.000
0.000
0.000
0.153
0.362
0.280
0.153
0.191
0.311
0.285
0.303
0.307
0.089
0.184
0.315
0.386
0.280
0.266
0.276
0.320
0.336
0.223
0.229
0.205
0.234
0.409
0.303
0.170
0.311
0.307
0.229
0.351
0.153
0.229
0.145
0.229
0.599
0.449
0.303
0.177
0.191
0.072
0.000
0.051
0.217
0.000
0.000
0.000
0.114
0.000
0.000
0.000
0.089
0.089
0.000
0.000
0.000
0.000
0.000
0.000
0.000
0.000
0.000
0.000
0.000
0.114
0.000
0.072
0.051
0.000
0.000
0.000
0.000
0.000
0.000
0.000
0.000
0.000
0.000
0.051
0.000
0.000
0.000
0.000
0.000
0.051
0.089
0.000
0.051
0.072
0.000
0.000
0.000
0.000
0.000
0.000
0.000
0.000
0.000
0.089
0.000
0.000
0.000
0.000
0.000
0.000
0.000
0.000
0.000
0.000
0.000
0.153
0.458
0.386
0.336
0.303
0.311
0.000
0.223
0.153
0.184
0.072
0.191
0.145
0.089
0.135
0.000
0.000
0.000
0.162
0.493
0.332
0.198
0.177
0.000
0.519
0.271
0.229
0.245
0.276
0.102
0.320
0.343
0.393
0.347
0.386
0.311
0.170
0.307
0.256
0.198
0.452
0.409
0.285
0.177
0.303
0.324
0.261
0.162
0.425
0.469
0.428
0.437
0.332
0.428
0.527
0.556
0.512
0.400
0.365
0.612
0.544
0.667
0.641
0.733
0.633
0.696
0.809
0.748
0.731
0.440
0.501
0.396
0.702
0.807
0.877
0.912
0.804
0.935
0.902
0.718
0.838
0.932
0.801
0.184
0.125
0.145
0.135
0.223
0.240
0.125
0.089
0.102
0.089
0.000
0.000
0.145
0.114
0.184
0.162
0.125
0.114
0.162
0.102
0.125
0.153
0.177
0.198
0.184
0.125
0.089
0.089
0.072
0.125
0.191
0.170
0.153
0.089
0.089
0.072
0.114
0.205
0.177
0.072
0.000
0.089
0.051
0.000
0.051
0.102
0.000
0.072
0.641
0.271
0.245
0.102
0.102
0.570
0.266
0.365
0.271
0.170
0.000
0.170
0.135
0.000
0.089
0.452
0.592
0.673
0.733
0.862
0.820
0.868
0.965
0.950
0.929
0.807
0.845
0.532
0.633
0.517
0.572
0.514
0.620
0.583
0.709
0.620
0.734
0.781
0.443
0.324
0.452
0.413
0.700
0.586
0.685
0.688
0.599
0.802
0.834
0.588
0.798
0.841
0.705
0.472
0.440
0.354
0.369
0.493
0.731
0.743
0.700
0.738
0.579
0.653
0.603
0.750
0.605
0.627
0.541
0.393
0.570
0.496
0.491
0.556
0.549
0.620
0.463
0.285
0.472
0.685
0.386
0.422
0.332
0.458
0.504
0.251
0.271
0.343
0.311
0.413
0.358
0.339
0.347
0.303
0.413
0.419
0.351
0.581
0.261
0.294
0.383
0.519
0.440
0.413
0.649
0.647
0.942
0.870
0.336
0.294
0.641
0.324
0.328
0.320
0.379
0.320
0.583
0.736
0.727
0.754
0.692
0.657
0.372
0.245
0.493
0.551
0.597
0.637
0.534
0.485
0.276
0.332
0.428
0.443
0.493
0.276
0.452
0.449
0.324
0.251
0.514
0.362
0.298
0.403
0.396
0.198
0.256
0.472
0.358
0.307
0.266
0.336
0.393
0.211
0.211
0.332
0.336
0.135
0.491
0.217
0.608
0.191
0.289
0.211
0.443
0.369
0.425
0.271
0.285
0.541
0.592
0.351
0.324
0.512
0.419
0.507
0.271
0.403
0.556
0.403
1.115
0.915
0.675
0.501
0.762
0.809
0.935
0.952
0.886
0.761
0.877
1.019
0.949
0.844
0.720
0.836
0.773
0.850
0.943
0.877
0.927
0.971
0.963
0.734
0.757
0.677
0.603
0.716
0.544
0.434
0.434
0.343
0.379
0.332
0.307
0.072
0.153
0.162
0.145
0.000
0.145
0.114
0.051
0.669
0.379
0.251
0.089
0.177
0.491
0.458
0.899
0.639
0.546
0.400
0.458
0.419
0.256
0.460
0.493
0.383
0.362
0.452
0.217
0.271
0.125
0.229
0.527
0.622
0.406
0.463
0.396
0.386
0.343
0.449
0.452
0.419
0.879
0.725
0.740
0.804
0.762
0.784
0.783
0.761
1.087
0.703
0.635
0.793
0.831
0.815
0.847
0.774
0.681
0.539
0.799
0.455
0.294
0.612
0.493
0.761
0.831
0.932
0.935
0.907
0.969
0.915
0.823
0.762
0.556
0.904
0.867
0.827
0.754
0.605
0.679
0.883
0.702
0.778
0.989
0.748
0.814
0.386
0.661
0.567
0.594
0.509
0.369
0.574
0.485
0.522
0.217
0.376
0.347
0.358
0.396
0.501
0.627
0.669
0.696
0.501
0.336
0.522
0.365
0.256
0.539
0.328
0.324
0.198
0.393
0.285
0.276
0.211
0.205
0.211
0.114
0.205
0.631
0.651
0.328
0.522
0.425
0.463
0.413
0.440
0.455
0.522
0.354
0.474
0.483
0.428
0.358
0.455
0.251
0.320
0.431
0.406
0.280
0.234
0.383
0.491
0.223
0.229
0.271
0.145
0.416
0.315
0.266
0.347
0.743
0.655
0.608
0.574
0.781
0.798
0.748
0.469
0.581
0.786
0.804
0.504
0.590
0.280
0.343
0.603
0.549
0.406
0.483
0.280
0.315
0.501
0.622
0.509
0.425
0.574
0.485
0.667
0.551
0.766
0.663
0.512
0.501
0.477
0.631
0.280
0.245
0.541
0.449
0.625
0.549
0.647
0.574
0.864
0.688
0.778
0.643
0.889
0.791
0.820
0.720
0.793
0.827
0.842
0.972
1.035
1.033
1.017
1.016
0.976
0.979
0.862
0.817
0.692
1.049
0.915
0.766
0.332
0.605
0.488
0.507
0.655
0.522
0.413
0.563
0.372
0.383
0.223
0.211
0.170
0.661
0.339
0.135
0.072
0.000
0.000
0.365
0.700
0.972
0.549
0.443
0.452
0.546
0.608
0.406
0.425
0.358
0.683
0.786
0.681
0.522
0.537
0.641
0.460
0.452
0.567
0.700
0.653
0.856
0.791
0.724
0.546
0.570
0.679
0.519
0.618
0.496
0.514
0.347
0.311
0.472
0.379
0.354
0.579
0.567
0.618
0.579
0.446
0.422
0.488
0.332
0.393
0.463
0.485
0.463
0.514
0.586
0.731
0.529
0.485
0.347
0.223
0.643
0.718
0.724
0.865
0.915
0.945
0.738
0.620
0.586
0.522
0.594
0.544
0.474
0.343
0.372
0.437
0.324
0.298
0.324
0.365
0.298
0.416
0.416
0.437
0.280
0.276
0.362
0.307
0.315
0.289
0.534
0.549
0.393
0.261
0.372
0.406
0.261
0.285
0.271
0.376
0.501
0.170
0.320
0.320
0.509
0.419
0.280
0.198
0.177
0.114
0.089
0.145
0.089
0.000
0.000
0.251
0.245
0.315
0.289
0.390
0.271
0.298
0.354
0.422
0.217
0.280
0.455
0.315
0.460
0.339
0.369
0.311
0.145
0.307
0.240
0.251
0.358
0.339
0.918
0.647
0.579
0.729
0.565
0.952
0.700
0.608
0.546
0.474
0.605
0.681
0.605
0.681
0.817
0.784
0.871
0.874
0.972
0.781
0.957
0.673
0.639
0.517
1.007
0.460
0.336
0.509
0.409
0.386
0.266
0.437
0.507
0.551
0.698
0.298
0.256
0.794
0.807
0.716
0.463
0.522
0.358
0.311
0.390
0.425
0.504
0.339
0.315
0.532
0.362
0.324
0.440
0.324
0.256
0.362
0.289
0.276
0.217
0.276
0.574
0.460
0.379
0.315
0.434
0.336
0.332
0.403
0.685
0.339
0.245
0.386
0.379
0.276
0.968
0.862
0.641
0.761
1.047
0.883
0.692
0.603
0.532
0.601
0.446
0.690
0.449
0.477
0.403
0.386
0.271
0.452
0.514
0.463
0.261
0.261
0.365
0.271
0.347
0.406
0.320
0.324
0.303
0.383
0.324
0.294
0.372
0.311
0.328
0.298
0.276
0.393
0.567
0.867
0.612
1.117
0.685
0.725
0.868
0.659
0.339
0.477
0.729
0.807
0.908
0.601
0.892
0.755
0.544
0.546
0.474
0.422
0.546
0.354
0.240
0.376
0.332
0.339
0.261
0.311
0.707
0.477
0.488
0.496
0.499
0.416
0.488
0.280
0.400
0.211
0.234
0.324
0.328
0.485
0.458
0.440
0.285
0.280
0.280
0.485
0.522
0.558
0.383
0.583
0.458
0.365
0.362
0.455
0.590
0.328
0.294
0.460
0.320
0.298
0.347
0.390
0.507
1.101
0.539
0.599
0.635
0.705
0.625
0.217
0.431
0.261
0.320
0.504
0.480
0.440
0.294
0.339
0.396
0.372
0.354
0.311
0.403
0.324
0.485
0.365
0.390
0.289
0.431
0.347
0.369
0.285
0.332
0.422
0.789
0.383
0.170
0.217
0.369
0.501
0.320
0.298
0.229
0.311
0.320
0.396
0.205
0.089
0.251
0.261
0.245
0.162
0.145
0.234
0.000
0.315
0.135
0.184
0.051
0.000
0.051
0.102
0.000
0.125
0.051
0.089
0.102
0.000
0.000
0.000
0.000
0.072
0.000
0.000
0.000
0.000
0.000
0.153
0.153
0.089
0.051
0.072
0.000
0.000
0.000
0.072
0.051
0.000
0.000
0.000
0.000
0.000
0.125
0.000
0.000
0.051
0.000
0.102
0.135
0.000
0.000
0.000
0.102
0.184
0.153
0.051
0.145
0.266
0.324
0.311
0.463
0.512
0.625
0.665
0.599
0.616
0.759
0.603
0.504
0.527
0.406
0.379
0.211
0.102
0.072
0.089
0.000
0.000
0.089
0.000
0.000
0.000
0.000
0.089
0.153
0.000
0.000
0.125
0.051
0.000
0.072
0.000
0.000
0.000
0.000
0.125
0.051
0.000
0.051
0.000
0.000
0.000
0.000
0.089
0.198
0.000
0.000
0.000
0.000
0.000
0.072
0.000
0.051
0.000
0.000
0.191
0.000
0.000
0.000
0.000
0.125
0.000
0.000
0.000
0.000
0.000
0.000
0.000
0.000
0.135
0.000
0.114
0.000
0.089
0.089
0.000
0.114
0.000
0.000
0.000
0.000
0.000
0.000
0.000
0.000
0.125
0.000
0.162
0.000
0.000
0.000
0.000
0.000
0.000
0.000
0.000
0.000
0.000
0.000
0.000
0.000
0.000
0.000
0.000
0.000
0.000
0.000
0.000
0.000
0.000
0.000
0.000
0.000
0.000
0.000
0.000
0.145
0.000
0.000
0.000
0.000
0.000
0.072
0.000
0.000
0.000
0.051
0.000
0.114
0.089
0.000
0.000
0.000
0.000
0.000
0.000
0.000
0.000
0.000
0.000
0.000
0.051
0.000
0.000
0.000
0.000
0.000
0.000
0.089
0.072
0.072
0.000
0.000
0.000
0.000
0.000
0.339
0.217
0.184
0.191
0.162
0.358
0.386
0.298
0.400
0.343
0.276
0.332
0.376
0.446
0.393
0.251
0.266
0.449
0.372
0.390
0.332
0.406
0.409
0.162
0.211
0.390
0.324
0.198
1.010
0.915
0.469
0.184
0.458
0.733
0.527
0.460
0.527
0.522
0.825
0.690
0.762
0.830
1.023
0.799
0.688
0.601
0.657
0.556
0.651
0.514
0.641
0.517
0.431
0.655
0.519
0.406
0.485
0.452
0.229
0.483
0.551
0.858
0.686
0.601
0.480
0.577
0.740
0.645
0.343
0.449
0.509
0.379
0.440
0.622
0.560
0.705
0.759
0.633
0.755
0.722
0.877
0.911
0.985
0.945
0.964
0.748
0.879
0.527
0.419
0.480
0.343
0.452
0.474
0.651
0.651
0.637
0.614
0.679
0.605
0.507
0.583
0.455
0.383
0.496
0.354
0.324
0.261
0.336
0.537
0.307
0.276
0.261
0.383
0.256
0.409
0.298
0.261
0.324
0.369
0.198
0.266
0.413
0.452
0.406
0.328
0.271
0.328
0.240
0.452
0.431
0.271
0.784
0.605
0.328
0.311
0.229
0.245
0.452
0.328
0.256
0.251
0.251
0.240
0.251
0.419
0.362
0.425
0.198
0.298
0.339
0.000
0.191
0.000
0.170
0.000
0.000
0.125
0.000
0.000
0.000
0.089
0.000
0.145
0.000
0.125
0.000
0.000
0.000
0.240
0.393
0.315
0.211
0.320
0.271
0.393
0.298
0.251
0.153
0.240
0.198
0.303
0.369
0.458
0.280
0.256
0.177
0.463
0.320
0.170
0.519
0.240
0.307
0.298
0.343
0.347
0.276
0.217
0.256
0.245
0.440
0.574
0.328
0.280
0.307
0.425
0.217
0.904
0.811
0.985
0.629
0.838
0.895
0.409
0.631
0.488
0.266
0.590
0.307
0.324
0.458
0.635
0.449
0.667
0.522
0.771
1.014
0.838
0.901
0.466
0.771
0.769
0.690
0.162
0.376
0.592
0.673
0.592
1.001
0.839
0.942
0.992
1.039
1.081
1.065
1.044
1.021
1.026
1.010
0.929
0.899
0.546
0.509
0.556
0.396
0.477
0.434
0.653
0.396
0.641
0.469
0.446
0.556
0.705
0.522
0.280
0.627
0.665
0.705
0.979
0.700
0.460
0.524
0.718
0.705
0.740
0.616
0.681
0.764
0.649
0.635
0.592
0.791
0.741
0.731
0.686
0.546
0.633
0.802
0.690
0.641
0.669
0.625
0.645
0.667
0.437
0.534
0.501
0.460
0.472
0.612
0.614
0.549
0.610
0.657
0.443
0.608
0.603
0.796
0.635
0.804
0.539
0.522
0.514
0.532
0.592
0.688
0.629
0.579
0.747
0.592
0.806
0.904
0.963
0.754
0.707
0.685
0.416
0.383
0.434
0.477
0.372
0.393
0.579
0.625
0.527
0.369
0.298
0.315
0.403
0.303
0.298
0.741
0.683
0.705
0.705
0.583
0.577
0.583
0.416
0.727
0.537
0.469
0.577
0.700
0.428
0.560
0.643
0.443
0.343
0.537
0.443
0.692
0.677
0.499
0.413
0.685
0.256
0.051
0.145
0.579
0.635
0.507
0.601
0.396
0.477
1.050
1.065
0.769
0.669
0.724
0.848
0.991
0.458
0.483
0.722
0.870
0.560
0.537
0.416
0.588
0.532
0.452
0.833
0.784
0.458
0.320
0.379
0.362
0.396
0.422
0.413
0.390
0.567
0.315
0.472
0.519
0.339
0.328
0.354
0.135
0.153
0.437
0.332
0.256
0.256
0.493
0.365
0.419
0.463
0.422
0.240
0.419
0.205
0.488
0.485
0.271
0.466
0.480
0.416
0.298
0.888
0.709
0.579
0.362
0.343
0.425
0.529
0.472
0.303
0.449
0.532
0.416
0.379
0.474
0.383
0.614
0.685
0.874
0.861
0.911
0.968
0.968
1.056
0.902
0.812
0.736
0.871
0.850
0.572
0.781
0.799
0.762
0.437
0.303
0.339
0.365
0.365
0.336
0.570
0.485
0.372
0.251
0.234
0.135
0.191
0.114
0.437
0.586
0.806
0.431
0.941
0.400
0.581
0.437
0.358
0.365
0.369
0.579
0.362
0.434
0.458
0.499
0.386
0.823
0.583
0.594
0.483
0.560
0.532
0.499
0.657
0.583
0.507
0.532
0.522
0.541
0.750
0.512
0.469
0.645
0.517
0.390
0.524
0.458
0.702
0.612
0.452
0.567
0.599
0.677
0.773
0.716
0.570
0.556
0.653
0.544
0.886
0.460
0.298
0.400
0.534
0.814
0.663
0.901
0.572
0.885
0.572
0.406
0.539
0.586
0.276
0.463
0.517
0.466
0.332
0.343
0.271
0.339
0.501
0.455
0.425
0.570
0.437
0.560
0.597
0.437
0.428
0.285
0.162
0.328
0.469
0.416
0.289
0.409
0.307
0.184
0.289
0.170
0.276
0.409
0.393
0.466
0.285
0.556
0.496
0.376
0.234
0.298
0.369
0.328
0.477
0.403
0.372
0.276
0.240
0.972
0.612
0.625
0.434
0.512
0.627
0.694
0.793
0.711
0.690
0.546
0.700
0.469
0.480
0.882
0.778
0.685
0.507
0.647
0.362
0.285
0.256
0.000
0.285
0.205
0.409
0.396
0.493
0.493
0.332
0.280
0.354
0.434
0.336
0.343
0.114
0.311
0.336
0.320
0.499
0.458
0.599
0.452
0.261
0.343
0.372
0.303
0.332
0.339
0.205
0.211
0.311
0.483
0.347
0.324
0.379
0.409
0.649
0.544
0.544
0.449
0.443
0.315
0.372
0.396
0.529
0.588
0.328
0.612
0.831
0.339
0.496
0.612
0.549
0.474
0.422
0.419
0.372
0.315
0.372
0.315
0.285
0.369
0.379
0.229
0.280
0.298
0.428
0.463
0.289
0.748
0.504
0.504
0.828
0.907
0.888
0.907
1.000
0.942
1.026
0.993
0.999
0.992
1.014
1.016
1.012
0.939
0.733
0.880
0.437
0.574
0.669
0.431
0.434
0.351
0.311
0.537
0.493
0.614
0.565
0.610
0.428
0.504
0.315
0.311
0.639
0.413
0.627
0.556
0.496
0.383
0.328
0.677
0.675
0.358
0.311
0.332
0.995
0.815
0.779
0.781
0.954
1.025
0.904
0.616
0.685
0.748
0.686
0.320
0.882
0.614
0.659
0.491
0.477
0.493
0.522
0.720
0.488
0.572
0.539
0.390
0.400
0.177
0.351
0.560
0.351
0.483
0.639
0.616
0.458
0.517
0.567
0.594
0.336
0.379
0.422
0.320
0.539
0.191
0.205
0.266
0.245
0.400
0.458
0.455
0.594
0.612
0.603
0.641
0.354
0.369
0.455
0.422
0.446
0.422
0.383
0.480
0.437
0.455
0.469
0.452
0.469
0.365
0.406
0.351
0.517
0.315
0.463
0.477
0.217
0.365
0.266
0.320
0.493
0.610
0.485
0.234
0.276
0.328
0.276
0.266
0.403
0.460
0.240
0.256
0.351
0.307
0.205
0.362
0.315
0.294
0.205
0.386
0.271
0.358
0.635
0.256
1.124
0.902
0.982
0.802
0.594
1.016
0.814
0.610
0.558
0.599
0.403
0.413
0.294
0.379
0.365
0.437
0.556
0.229
0.256
0.466
0.266
0.234
0.198
0.336
0.245
0.153
0.396
0.256
0.294
0.280
0.446
0.298
0.289
0.358
0.307
0.328
0.240
0.315
0.620
0.400
0.599
0.752
0.514
0.784
0.351
0.799
0.752
0.807
0.637
0.504
0.320
0.376
0.783
0.556
0.774
0.474
0.452
0.400
0.522
0.509
0.261
0.588
0.416
0.572
0.616
0.509
0.369
0.416
0.422
0.446
0.403
0.362
0.477
0.431
1.005
0.369
0.386
0.452
0.480
0.458
0.328
0.328
0.358
0.514
0.324
0.419
0.223
0.229
0.354
0.191
0.369
0.416
0.324
0.261
1.030
1.091
0.546
0.677
0.784
0.806
0.731
0.815
0.809
0.927
0.799
0.921
0.975
0.968
1.007
1.005
1.028
1.046
1.033
1.039
0.577
0.679
0.733
0.880
0.759
0.814
0.698
0.716
0.400
0.386
0.532
0.379
0.369
0.271
0.347
0.534
0.480
0.294
0.750
0.671
0.637
0.551
0.339
0.716
0.605
0.679
0.754
0.690
0.649
0.556
0.369
0.491
0.616
0.409
0.280
0.610
0.400
0.483
0.667
0.403
0.567
0.358
0.393
0.261
0.612
0.643
0.655
0.769
0.534
0.789
0.703
0.831
0.924
1.052
0.943
0.774
1.027
0.972
0.844
0.477
0.458
0.614
0.328
0.422
0.419
0.449
0.390
0.320
0.223
0.493
0.294
0.184
0.114
0.162
0.102
0.266
0.386
0.303
0.205
0.162
0.229
0.153
0.072
0.089
0.089
0.000
0.000
0.191
0.191
0.102
0.114
0.000
0.051
0.000
0.000
0.000
0.000
0.000
0.102
0.125
0.000
0.102
0.000
0.000
0.000
0.000
0.256
0.574
0.716
0.683
0.754
0.820
0.807
0.801
0.804
0.683
0.519
0.256
0.612
0.659
0.702
0.541
0.499
0.460
0.776
0.565
0.558
0.783
0.960
0.741
0.904
0.812
0.766
0.466
0.517
0.474
0.409
0.409
0.458
0.320
0.315
0.509
0.276
0.597
0.603
0.409
0.383
0.558
0.716
0.472
0.558
0.673
0.581
0.579
0.409
0.437
0.413
0.529
0.372
0.639
0.480
0.839
1.110
0.725
0.522
0.720
0.718
0.413
0.217
0.153
0.135
0.089
0.223
0.524
0.261
0.198
0.686
0.590
0.850
0.807
0.776
0.761
0.823
0.917
0.627
0.537
0.703
0.771
0.507
0.610
0.645
0.358
0.649
0.681
0.625
0.910
0.577
0.597
0.838
0.889
0.841
0.975
0.925
0.877
0.681
0.802
0.610
0.972
0.766
0.740
0.683
0.512
0.315
0.347
0.485
0.379
0.639
0.707
0.592
0.675
0.546
0.449
0.504
0.390
0.403
0.369
0.276
0.339
0.205
0.354
0.416
0.328
0.477
0.443
0.493
0.675
0.625
0.766
0.409
0.437
0.651
0.390
0.449
0.311
0.667
0.764
0.784
0.597
0.449
0.583
0.446
0.474
0.675
0.754
0.819
0.914
0.920
0.905
0.892
0.807
0.867
0.867
0.501
0.276
0.324
0.324
0.285
0.425
0.307
0.455
0.336
0.544
0.583
0.339
0.271
0.223
0.223
0.271
0.240
0.135
0.480
0.463
0.266
0.198
0.372
0.372
0.240
0.307
0.177
0.271
0.184
0.251
0.339
0.280
0.354
0.336
0.369
0.358
0.294
0.311
0.336
0.336
0.303
0.336
0.315
0.289
0.320
0.351
0.358
0.276
0.234
0.307
0.145
0.280
0.251
0.153
0.162
0.336
0.285
0.184
0.177
0.184
0.240
0.403
0.336
0.294
0.311
0.285
0.354
0.362
0.409
0.396
0.362
0.339
0.396
0.294
0.285
0.403
0.240
0.251
0.289
0.339
0.276
0.324
0.256
0.339
0.280
0.376
0.271
0.339
0.294
0.339
0.455
0.413
0.339
0.280
0.245
0.251
0.261
0.458
0.514
0.324
0.365
0.298
0.328
0.332
0.324
0.332
0.362
0.184
0.298
0.289
0.245
0.205
0.229
0.271
0.343
0.434
0.403
0.354
0.303
0.256
0.276
0.271
0.343
0.303
0.351
0.266
0.240
0.365
0.285
0.332
0.211
0.191
0.229
0.191
0.294
0.177
0.336
0.303
0.271
0.234
0.153
0.114
0.153
0.114
0.145
0.223
0.205
0.234
0.198
0.102
0.184
0.089
0.217
0.125
0.145
0.223
0.261
0.198
0.266
0.223
0.184
0.229
0.311
0.499
0.307
0.285
0.198
0.251
0.285
0.205
0.406
0.383
0.229
0.285
0.114
0.051
0.135
0.191
0.251
0.184
0.240
0.114
0.251
0.315
0.211
0.229
0.234
0.191
0.177
0.089
0.125
0.000
0.000
0.114
0.072
0.125
0.153
0.198
0.170
0.000
0.145
0.245
0.162
0.114
0.125
0.162
0.177
0.051
0.102
0.089
0.229
0.089
0.145
0.145
0.162
0.145
0.072
0.135
0.125
0.114
0.000
0.153
0.089
0.051
0.072
0.125
0.114
0.205
0.162
0.170
0.102
0.170
0.051
0.177
0.145
0.089
0.177
0.211
0.229
0.153
0.261
0.191
0.245
0.177
0.198
0.234
0.234
0.177
0.089
0.153
0.211
0.229
0.177
0.153
0.114
0.072
0.229
0.170
0.153
0.198
0.177
0.191
0.162
0.114
0.177
0.125
0.145
0.145
0.162
0.000
0.153
0.135
0.089
0.162
0.072
0.102
0.114
0.135
0.125
0.177
0.177
0.162
0.153
0.153
0.145
0.089
0.102
0.051
0.145
0.114
0.135
0.072
0.125
0.125
0.135
0.184
0.153
0.170
0.223
0.162
0.135
0.051
0.072
0.153
0.211
0.184
0.089
0.153
0.102
0.170
0.145
0.162
0.162
0.114
0.072
0.114
0.114
0.051
0.114
0.102
0.135
0.000
0.000
0.000
0.000
0.000
