0.678
0.610
0.425
0.525
0.684
0.784
0.786
0.851
0.775
0.610
0.362
0.501
0.665
0.434
0.621
0.528
0.575
0.523
0.627
0.523
0.719
0.459
0.485
0.405
0.638
0.512
0.488
0.515
0.485
0.447
0.504
0.384
0.440
0.391
0.377
0.536
0.401
0.669
0.395
0.339
0.377
0.398
0.496
0.548
0.322
0.512
0.596
0.476
0.196
0.366
0.612
0.601
0.412
0.453
0.601
0.493
0.331
0.482
0.512
0.314
0.450
0.517
0.431
0.573
0.568
0.431
0.548
0.520
0.634
0.584
0.453
0.370
0.580
0.485
0.318
0.366
0.322
0.570
0.465
0.318
0.570
0.418
0.447
0.493
0.428
0.470
0.663
0.594
0.530
0.682
0.507
0.618
0.570
0.644
0.684
0.528
0.428
0.234
0.391
0.636
0.568
0.444
0.625
0.616
0.748
0.747
0.848
0.582
0.838
0.899
0.902
0.995
0.805
0.916
0.730
0.623
0.794
0.587
0.801
0.828
0.453
0.730
1.032
0.632
0.904
0.997
1.022
1.035
1.045
1.038
1.008
0.950
0.997
0.942
0.965
0.864
0.128
0.872
1.008
0.931
0.975
0.876
0.914
0.860
0.737
0.428
0.614
0.468
0.490
0.245
0.148
0.074
0.558
0.437
0.501
0.520
0.398
0.450
0.335
0.512
0.377
0.528
0.395
0.256
0.157
0.536
0.444
0.476
0.663
0.482
0.651
0.612
0.634
0.669
0.479
0.347
0.391
0.326
0.251
0.173
0.228
0.384
0.381
0.291
0.331
0.373
0.370
0.300
0.456
0.267
0.245
0.456
0.589
0.728
0.536
0.688
0.305
0.296
0.256
0.669
0.621
0.565
0.846
0.730
0.614
0.431
0.794
0.661
0.878
0.765
0.786
0.972
0.872
0.931
0.886
0.775
0.358
0.546
0.563
0.401
0.300
0.391
0.347
0.347
0.421
0.300
0.286
0.686
0.209
0.496
0.707
0.603
0.228
0.594
0.202
0.181
0.240
0.418
0.598
0.351
0.678
0.541
0.665
0.384
0.978
0.846
0.623
0.515
0.788
0.914
0.879
0.851
0.955
0.796
0.805
0.748
0.836
0.859
0.745
0.614
0.434
0.251
0.647
0.849
0.625
0.667
0.575
0.373
0.647
0.610
0.651
0.655
0.782
0.523
0.437
0.728
0.673
0.627
0.640
0.816
0.844
0.523
0.711
0.732
0.629
0.507
0.485
0.546
0.456
0.689
0.300
0.470
0.428
0.548
0.470
0.703
0.570
0.577
0.680
0.811
0.931
1.001
1.035
1.019
1.065
1.014
1.055
1.019
1.020
0.916
0.985
0.691
0.719
0.838
0.675
0.515
0.473
0.509
0.926
0.825
0.705
0.899
1.030
0.935
1.007
0.862
1.027
1.005
1.051
1.061
1.051
1.024
1.022
1.015
0.957
0.962
0.724
0.772
0.777
0.421
0.305
0.563
0.362
0.546
0.398
0.512
0.525
0.331
0.789
0.925
0.882
0.957
0.882
0.801
0.616
0.770
0.750
0.707
0.707
0.719
0.768
0.428
0.673
0.556
0.623
0.594
0.453
0.538
0.680
0.587
0.523
0.405
0.515
0.434
0.490
0.655
0.695
0.876
0.967
1.001
1.005
0.975
0.945
0.919
0.928
0.979
0.992
0.788
0.756
0.705
0.759
0.743
0.743
0.605
0.573
0.788
0.957
0.766
0.914
0.649
0.830
0.556
0.493
0.603
0.561
0.614
0.934
0.779
0.765
0.818
0.705
0.661
0.721
0.476
0.638
0.370
0.391
0.796
0.556
0.673
0.520
0.621
0.719
0.634
0.699
0.800
0.948
0.865
0.938
0.917
0.928
0.971
1.055
1.060
1.065
1.052
1.052
1.034
1.004
0.969
0.992
0.889
0.914
0.931
0.759
0.520
0.591
0.594
0.587
0.541
0.401
0.291
0.318
0.398
0.343
0.525
0.575
0.517
0.533
0.415
0.507
0.485
0.398
0.610
0.437
0.629
0.536
0.377
0.536
0.563
0.493
0.453
0.418
0.358
0.196
0.309
0.305
0.281
0.437
0.536
0.621
0.296
0.536
0.507
0.546
0.381
0.318
0.473
0.291
0.499
0.272
0.447
0.453
0.623
0.589
0.453
0.517
0.473
0.415
0.499
0.240
0.222
0.286
0.573
0.388
0.444
0.398
0.314
0.377
0.267
0.517
0.575
0.296
0.398
0.326
0.473
0.501
0.605
0.868
0.865
0.844
0.818
0.813
0.663
0.830
0.848
0.803
0.854
0.768
0.849
0.868
0.948
0.902
0.872
0.898
0.985
1.028
1.051
0.947
0.990
1.004
0.815
0.377
0.634
0.556
0.331
0.496
0.772
0.582
0.939
0.669
0.745
0.820
0.546
0.636
0.634
0.784
1.036
0.605
0.786
0.960
0.726
0.657
0.882
0.653
0.444
0.479
0.300
0.504
0.530
0.355
0.418
0.587
0.509
0.750
0.693
0.543
0.408
0.636
0.291
0.440
0.561
0.546
0.844
1.016
0.691
0.917
0.865
0.969
0.667
0.841
0.941
1.044
0.964
0.833
0.979
0.972
0.928
0.964
1.005
1.049
1.023
1.010
0.950
0.976
1.011
0.937
0.899
0.577
0.523
0.343
0.507
0.607
0.358
0.479
0.256
0.358
0.623
0.705
0.568
0.499
0.794
0.570
0.868
0.587
0.553
0.453
0.339
0.548
0.659
0.573
0.347
0.431
0.536
0.485
0.421
0.705
0.558
0.661
0.431
0.305
0.747
0.391
0.743
0.565
0.551
0.267
0.556
0.644
0.558
0.556
0.612
0.570
0.488
0.504
0.584
1.008
1.014
0.680
0.546
0.713
0.878
0.826
0.803
0.896
0.841
0.693
0.781
0.616
0.747
0.688
0.732
0.711
0.642
0.649
0.568
0.405
0.444
0.440
0.431
0.490
0.444
0.291
0.568
0.485
0.444
0.669
0.589
0.582
0.543
0.509
0.473
0.485
0.256
0.351
0.347
0.642
0.703
0.476
0.523
0.577
0.649
0.926
0.739
0.703
0.703
0.766
0.453
0.603
0.355
0.267
0.625
0.421
0.625
0.715
0.453
0.775
0.570
0.713
0.831
0.889
0.872
0.798
0.782
0.978
0.902
0.507
0.902
0.563
0.680
0.512
0.616
0.813
0.879
0.865
0.816
0.808
0.922
0.976
0.942
1.014
1.023
1.026
1.065
1.065
1.070
1.023
0.979
0.960
0.952
0.945
0.865
0.879
0.899
0.476
0.774
0.627
0.523
0.490
0.577
0.601
0.507
0.309
0.512
0.536
0.580
0.553
0.507
0.391
0.546
0.456
0.530
0.759
0.536
0.447
0.418
0.462
0.515
0.286
0.838
0.625
0.582
0.697
0.485
0.395
0.538
0.388
0.657
0.926
0.717
0.651
0.607
0.499
0.504
0.309
0.395
0.642
0.440
0.496
0.691
0.587
0.476
0.405
0.493
0.528
0.431
0.485
0.543
0.644
0.565
0.573
0.512
0.366
0.616
0.512
0.663
0.584
0.688
0.665
0.351
0.598
0.775
1.004
0.868
0.756
0.786
0.736
0.805
0.876
0.986
0.926
0.947
0.908
0.844
0.910
0.955
0.853
0.541
0.917
0.722
0.587
0.536
0.591
0.644
0.638
0.459
0.580
0.453
0.971
0.750
0.840
0.945
1.011
1.018
1.020
1.043
1.028
1.060
1.052
1.051
1.035
0.777
0.979
0.983
1.014
0.982
0.741
0.879
0.699
0.548
0.607
0.456
0.355
0.470
0.470
0.358
0.616
0.462
0.405
0.629
0.634
0.591
0.649
0.616
0.788
0.747
0.793
0.719
0.736
0.857
0.904
0.939
0.951
0.870
0.898
0.678
0.425
0.309
0.322
0.388
0.370
0.366
0.245
0.173
0.305
0.300
0.291
0.261
0.173
0.222
0.296
0.245
0.272
0.373
0.291
0.322
0.431
0.351
0.267
0.326
0.347
0.314
0.335
0.222
0.296
0.657
0.833
0.425
0.267
0.277
0.188
0.228
0.074
0.128
0.373
0.465
0.296
0.216
0.251
0.488
0.277
0.401
0.370
0.351
0.234
0.216
0.272
0.444
0.366
0.105
0.091
0.117
0.000
0.000
0.000
0.128
0.165
0.157
0.091
0.105
0.000
0.138
0.000
0.148
0.138
0.000
0.000
0.128
0.000
0.052
0.052
0.165
0.228
0.228
0.473
0.541
0.553
0.421
0.551
0.530
0.667
0.736
0.653
0.551
0.499
0.786
0.669
0.575
0.565
0.616
0.546
0.517
0.488
0.485
0.415
0.418
0.575
0.553
0.551
0.614
0.688
0.538
0.659
0.717
0.810
0.659
0.701
0.841
0.766
0.703
0.695
0.632
0.473
0.798
0.794
0.793
0.844
0.800
0.689
0.724
0.528
0.476
0.425
0.761
1.039
0.835
0.682
0.806
1.071
0.996
1.069
1.065
1.049
1.045
1.055
1.028
0.854
0.872
0.879
1.026
0.876
0.759
0.911
0.835
0.663
0.398
0.561
0.657
0.384
0.616
0.766
0.730
0.621
0.612
0.267
0.326
0.612
0.517
0.594
0.601
0.485
0.381
0.488
0.485
0.470
0.418
0.788
0.632
0.339
0.412
0.465
0.468
0.425
0.408
0.291
0.240
0.347
0.366
0.314
0.395
0.563
0.533
0.587
0.277
0.440
0.347
0.228
0.405
0.286
0.322
0.614
0.476
0.358
0.616
0.401
0.240
0.261
0.314
0.335
0.267
0.528
0.476
0.642
0.675
0.536
0.188
0.234
0.434
0.734
0.603
0.638
0.138
0.421
0.818
0.830
0.752
0.743
0.736
0.948
0.786
0.944
0.982
0.997
1.005
0.929
0.351
0.091
0.148
0.105
0.165
0.173
0.181
0.165
0.165
0.216
0.196
0.222
0.196
0.196
0.128
0.256
0.165
0.216
0.117
0.181
0.117
0.074
0.181
0.148
0.128
0.173
0.117
0.277
0.305
0.326
0.105
0.331
0.202
0.105
0.173
0.202
0.091
0.052
0.000
0.000
0.128
0.074
0.000
0.000
0.105
0.000
0.000
0.117
0.000
0.000
0.074
0.000
0.000
0.000
0.074
0.000
0.052
0.000
0.091
0.000
0.000
0.000
0.000
0.074
0.000
0.188
0.091
0.000
0.000
0.000
0.074
0.000
0.362
0.661
0.754
0.917
0.981
1.005
0.926
0.878
0.665
0.649
0.499
0.697
0.784
0.659
0.488
0.512
0.543
0.614
0.701
0.647
0.766
0.418
0.525
0.347
0.245
0.277
0.355
0.543
0.496
0.473
0.377
0.428
0.625
0.551
0.642
0.667
0.596
0.556
0.541
0.734
0.726
0.634
0.747
0.575
0.766
0.794
0.798
0.722
0.911
0.993
1.030
1.047
1.064
1.051
0.941
0.811
0.889
0.765
0.889
0.945
0.911
0.947
1.003
0.879
0.868
0.836
0.515
0.543
0.412
0.468
0.657
0.917
0.983
0.623
0.938
0.691
0.777
0.638
0.591
0.538
0.573
0.717
0.719
0.811
0.793
0.825
0.811
0.830
0.947
0.985
0.889
0.958
0.965
0.976
0.905
0.878
1.016
0.992
0.911
0.995
0.935
0.931
0.801
0.766
0.818
0.470
0.605
0.512
0.291
0.434
0.398
0.632
0.788
0.719
0.944
0.741
0.815
0.761
0.967
0.902
0.864
0.896
0.954
1.012
1.008
0.976
0.931
0.926
1.056
1.045
1.039
1.039
0.923
0.952
0.934
0.992
0.989
0.734
0.490
0.726
0.528
0.528
0.335
0.580
0.517
0.563
0.499
0.440
0.499
0.640
0.570
0.362
0.412
0.468
0.300
0.558
0.453
0.548
0.748
0.772
0.743
0.693
0.601
0.688
0.717
0.754
0.865
0.800
0.768
0.882
1.008
0.686
0.711
0.659
0.623
0.745
0.775
0.857
0.868
0.693
0.509
0.512
0.750
0.781
0.715
0.563
0.989
0.591
0.786
0.926
0.761
0.779
0.926
1.043
1.044
0.864
0.724
0.689
0.743
0.745
0.575
0.591
0.841
0.558
0.551
0.381
0.515
0.418
0.647
0.715
0.822
0.846
0.941
0.770
0.803
0.835
0.902
0.947
0.841
0.840
0.603
0.701
0.629
0.678
0.701
0.873
0.623
0.621
0.745
0.717
0.726
0.673
0.627
0.485
0.577
0.520
0.391
0.267
0.509
0.591
0.634
0.601
0.556
0.636
0.614
0.556
0.673
0.661
0.770
0.695
0.657
0.440
0.591
0.573
0.444
0.561
0.563
0.642
0.528
0.493
0.490
0.470
0.444
0.305
0.459
0.196
0.401
0.395
0.398
0.691
0.634
0.589
0.605
0.418
0.465
0.781
0.796
0.748
0.594
0.607
0.665
0.868
0.908
0.703
0.793
0.395
0.686
0.895
0.697
0.667
0.808
0.621
0.741
0.896
0.907
1.005
1.079
0.945
0.967
1.030
1.024
0.898
0.859
0.879
0.879
0.770
0.793
0.825
0.642
0.794
0.473
0.616
0.565
0.052
0.173
0.401
0.240
0.673
0.523
0.669
0.347
0.653
0.688
0.701
0.434
0.709
0.838
0.937
1.031
1.047
1.032
0.993
1.035
0.989
0.928
0.972
0.989
0.983
0.968
0.992
1.004
0.945
0.934
0.459
0.447
0.405
0.343
0.428
0.234
0.202
0.181
0.256
0.157
0.202
0.251
0.148
0.117
0.138
0.222
0.196
0.148
0.209
0.105
0.117
0.091
0.117
0.202
0.074
0.173
0.157
0.216
0.209
0.196
0.245
0.202
0.196
0.240
0.196
0.181
0.173
0.240
0.291
0.240
0.222
0.251
0.209
0.202
0.128
0.173
0.128
0.196
0.173
0.181
0.188
0.128
0.165
0.165
0.202
0.209
0.181
0.202
0.173
0.216
0.305
0.202
0.165
0.074
0.148
0.091
0.138
0.157
0.117
0.074
0.052
0.052
0.074
0.091
0.421
0.623
0.759
0.932
0.651
0.479
0.405
0.573
0.488
0.418
0.459
0.384
0.245
0.612
0.570
0.741
0.612
0.828
0.870
0.553
0.854
0.682
0.625
0.607
0.453
0.638
0.543
0.405
0.528
0.665
0.713
0.623
0.541
0.644
0.528
0.647
0.470
0.587
0.434
0.370
0.490
0.499
0.701
0.743
0.853
0.784
0.634
0.868
0.468
0.713
0.917
0.705
0.815
0.899
0.944
1.047
1.055
1.071
0.992
1.078
1.058
1.016
0.884
0.983
1.011
0.777
0.663
0.782
0.565
0.548
0.468
0.584
0.781
0.621
0.335
0.148
0.261
0.428
0.587
0.632
0.596
0.493
0.815
0.671
0.680
0.533
0.644
0.896
1.044
0.853
1.018
1.023
0.945
0.990
1.045
0.942
1.010
1.039
0.985
0.990
0.978
0.985
1.015
0.939
0.905
0.849
0.806
0.450
0.568
0.573
0.515
0.634
0.605
0.580
0.523
0.490
0.462
0.501
0.465
0.476
0.384
0.479
0.415
0.431
0.261
0.594
0.415
0.370
0.358
0.216
0.052
0.196
0.428
0.398
0.000
0.000
0.326
0.507
0.291
0.568
0.437
0.331
0.395
0.490
0.377
0.453
0.358
0.556
0.339
0.202
0.515
0.618
0.699
0.601
0.465
0.431
0.669
0.695
0.766
0.779
0.707
0.640
0.711
0.848
0.671
0.568
0.533
0.434
0.256
0.496
0.573
0.610
0.525
0.553
0.444
0.388
0.678
0.684
0.665
0.553
0.691
0.667
0.774
0.765
0.879
0.899
0.920
0.875
0.820
0.904
1.024
0.972
0.926
0.665
1.030
0.570
0.322
0.800
0.584
0.680
0.216
0.689
0.605
0.623
0.661
0.504
0.370
0.222
0.277
0.391
0.561
0.655
0.261
0.370
0.649
0.568
0.309
0.401
0.775
1.001
0.928
0.910
0.989
0.960
1.014
1.014
0.974
0.969
1.004
0.997
0.786
0.872
0.944
1.016
0.974
0.947
0.890
0.811
0.300
0.296
0.202
0.181
0.196
0.216
0.216
0.173
0.105
0.209
0.105
0.222
0.286
0.117
0.165
0.052
0.138
0.148
0.105
0.148
0.138
0.138
0.105
0.538
0.820
0.750
0.801
0.935
0.960
0.577
0.561
0.580
0.456
0.485
0.657
0.558
0.582
0.587
0.623
0.629
0.490
0.661
0.693
0.682
0.719
0.693
0.556
0.734
0.570
0.625
0.684
0.719
0.788
0.715
0.711
0.594
0.591
0.405
0.525
0.636
0.473
0.428
0.575
0.745
0.580
0.405
0.339
0.485
0.493
0.496
0.326
0.405
0.450
0.589
0.517
0.594
0.366
0.366
0.504
0.428
0.296
0.434
0.473
0.750
0.623
0.447
0.515
0.618
0.536
0.565
0.459
0.525
0.558
0.627
0.616
0.533
0.453
0.596
0.868
0.493
0.786
0.926
0.786
0.937
0.995
0.935
0.857
1.034
0.934
0.568
0.556
0.412
0.447
0.741
0.784
0.605
0.942
0.929
0.901
1.015
1.052
1.034
1.065
1.036
0.961
1.034
1.026
1.031
1.026
0.876
0.979
1.015
0.838
0.649
0.499
0.551
0.504
0.655
0.614
0.732
0.450
0.405
0.434
0.388
0.499
0.872
0.905
0.942
0.623
0.671
0.779
0.616
0.594
0.701
0.719
0.669
0.680
0.810
0.784
0.935
0.828
0.951
0.833
0.976
0.951
0.902
0.789
0.689
0.603
0.703
0.822
0.884
0.931
0.830
0.935
0.870
0.989
0.728
0.951
0.490
0.501
0.763
0.322
0.972
0.719
0.561
0.240
0.326
0.421
0.476
0.736
0.836
0.431
0.684
0.512
0.347
0.675
0.459
0.470
0.632
0.689
0.644
0.856
0.717
0.911
0.996
0.995
0.898
1.010
1.019
0.982
1.035
1.030
1.034
0.898
0.739
0.803
0.741
0.745
0.882
0.838
1.011
0.896
0.926
0.801
0.875
0.739
0.286
0.479
0.634
0.779
0.358
0.594
0.766
0.745
0.556
0.875
0.786
0.504
0.520
0.331
0.318
0.453
0.543
0.470
0.490
0.468
0.267
0.686
0.551
0.591
0.496
0.335
0.616
0.667
0.551
0.689
0.610
0.326
0.401
0.473
0.632
0.512
0.326
0.465
0.693
0.381
0.661
0.680
0.709
0.841
0.853
0.644
0.782
0.853
0.703
0.893
0.717
0.816
0.841
0.822
0.955
1.038
0.848
0.621
0.634
0.889
0.791
0.889
0.476
0.105
0.000
0.148
0.105
0.052
0.165
0.165
0.052
0.128
0.148
0.138
0.128
0.000
0.000
0.196
0.684
0.887
0.788
0.673
0.958
0.971
0.695
0.777
0.825
0.833
0.759
0.732
0.873
0.629
0.580
0.752
0.691
0.689
0.515
0.412
0.546
0.669
0.737
0.763
0.661
0.651
0.875
0.917
0.951
1.044
1.066
1.055
1.056
1.051
1.051
0.896
0.849
0.952
0.942
0.971
0.950
0.898
0.988
0.697
0.728
0.678
0.860
0.722
0.447
0.665
0.468
0.496
0.240
0.836
0.591
0.543
0.640
0.556
0.614
0.647
0.496
0.296
0.575
0.614
0.675
0.715
0.786
0.673
0.967
0.747
0.865
0.612
0.671
0.575
0.782
0.937
0.939
0.791
0.796
0.948
0.836
0.715
0.196
0.899
0.899
0.892
0.983
1.065
0.887
0.335
0.326
0.373
0.373
0.431
0.381
0.355
0.234
0.309
0.358
0.339
0.216
0.277
0.431
0.618
0.395
0.267
0.713
0.798
0.835
0.693
0.638
0.947
1.014
0.974
0.884
0.766
1.049
0.836
0.582
0.598
0.331
0.377
0.234
0.515
0.453
0.741
0.355
0.691
0.768
0.728
0.553
0.326
0.573
0.707
0.456
0.603
0.563
0.434
0.546
0.523
0.525
0.401
0.431
0.932
1.076
1.010
0.598
0.950
0.942
0.990
1.049
1.028
0.976
1.018
0.954
0.974
0.986
0.983
1.028
0.995
0.859
0.914
0.841
0.840
0.856
0.501
0.584
0.582
0.719
0.669
0.479
0.682
0.575
0.525
0.582
0.623
0.563
0.671
0.408
0.425
0.638
0.651
0.272
0.667
0.649
0.343
0.456
0.623
0.905
0.736
0.450
0.358
0.415
0.388
0.431
0.634
0.434
0.591
0.366
0.541
0.872
0.678
0.573
0.614
0.384
0.644
0.533
0.496
0.468
0.351
0.644
0.425
0.412
0.373
0.523
0.415
0.517
0.607
0.754
0.431
0.437
0.556
0.649
0.644
0.561
0.456
0.462
0.322
0.546
0.434
0.358
0.605
0.752
0.520
0.493
0.841
0.904
0.689
0.846
0.548
0.509
0.512
0.818
0.942
0.488
0.876
0.801
0.709
0.682
0.890
0.995
0.992
0.981
0.813
0.623
0.584
0.563
0.462
0.625
0.577
0.418
0.655
0.523
0.558
0.541
0.318
0.465
0.607
0.614
0.747
0.734
0.543
0.859
0.777
0.757
0.757
0.756
0.594
0.882
0.689
0.715
0.851
0.851
0.899
0.707
0.848
0.678
0.904
0.929
0.948
1.034
0.884
1.031
1.066
0.836
0.816
0.875
0.859
0.689
0.362
0.657
0.838
0.719
0.747
0.603
0.591
0.536
0.584
0.713
0.699
0.717
0.347
0.401
0.358
0.326
0.318
0.543
0.528
0.962
0.768
0.833
0.806
0.813
0.684
0.418
0.453
0.701
0.899
1.020
0.969
1.039
1.018
1.036
1.047
1.040
1.045
0.969
1.049
1.039
0.990
0.913
0.923
0.867
0.644
0.810
0.447
0.688
0.388
0.456
0.425
0.528
0.563
0.530
0.686
0.614
0.343
0.659
0.644
0.728
0.789
0.826
0.766
0.737
0.636
0.788
0.754
0.856
0.678
0.881
0.775
0.890
0.761
0.899
0.938
0.954
0.450
0.362
0.267
0.456
0.437
0.272
0.281
0.272
0.202
0.228
0.281
0.309
0.381
0.355
0.421
0.355
0.530
0.784
0.339
0.381
0.459
0.370
0.245
0.222
0.173
0.173
0.000
0.148
0.000
0.000
0.117
0.157
0.117
0.074
0.138
0.138
0.000
0.000
0.117
0.000
0.000
0.000
0.000
0.000
0.091
0.000
0.000
0.000
0.000
0.074
0.601
0.616
0.801
0.841
0.911
1.040
0.979
0.470
0.750
0.862
0.920
0.962
0.960
0.833
0.859
0.684
0.675
0.577
0.621
0.596
0.601
0.358
0.509
0.703
0.820
0.763
0.453
0.428
0.726
0.822
0.965
1.035
0.598
0.747
0.501
0.669
0.873
0.937
0.922
0.777
0.932
0.901
1.085
1.067
0.942
1.052
0.901
0.982
0.983
1.039
1.047
0.986
0.911
0.770
0.960
0.843
0.717
0.647
0.734
0.440
0.575
0.428
0.570
0.488
0.507
0.490
0.277
0.377
0.473
0.638
0.594
0.848
0.636
0.657
0.722
0.775
0.678
0.743
0.800
0.659
0.843
0.864
0.781
0.678
0.612
0.577
0.587
0.418
0.202
0.563
0.277
0.421
0.437
0.517
0.428
0.715
0.846
0.872
0.975
0.958
0.960
1.030
1.075
1.007
0.964
0.784
0.726
0.853
0.875
0.745
0.473
0.705
0.663
0.538
0.456
0.482
0.594
0.826
1.024
0.923
0.465
0.431
0.261
0.860
0.395
0.788
0.717
0.992
0.673
0.801
0.917
1.048
1.080
1.051
1.062
1.049
0.935
1.007
1.026
1.041
1.016
1.015
0.997
0.971
0.981
0.997
0.517
0.447
0.750
0.589
0.499
0.373
0.649
0.589
0.418
0.493
0.618
0.525
0.614
0.610
0.434
0.705
0.437
0.582
0.515
0.425
0.314
0.490
0.707
0.523
0.528
0.105
0.148
0.525
0.665
0.584
0.747
0.512
0.362
0.504
0.598
0.636
0.558
0.408
0.370
0.398
0.553
0.568
0.565
0.326
0.598
0.691
0.601
0.669
0.657
0.728
0.673
0.728
0.765
0.678
0.605
0.695
0.665
0.736
0.688
0.713
0.667
0.561
0.488
0.428
0.381
0.447
0.347
0.536
0.525
0.391
0.322
0.517
0.347
0.415
0.456
0.465
0.362
0.570
0.405
0.490
0.272
0.490
0.482
0.314
0.528
0.450
0.501
0.434
0.415
0.339
0.671
0.789
0.331
0.362
0.418
0.277
0.594
0.501
0.587
0.395
0.381
0.421
0.398
0.655
0.607
0.589
0.568
0.577
0.459
0.314
0.651
0.482
0.728
0.870
0.828
1.018
0.857
0.580
0.808
0.594
0.453
0.721
0.967
0.865
0.864
0.929
1.018
1.061
0.999
1.039
1.057
1.012
1.000
1.062
1.056
1.007
0.917
0.947
0.989
1.001
0.884
0.584
0.234
0.216
0.530
0.667
0.496
0.339
0.541
0.530
0.509
0.434
0.575
0.678
0.575
0.739
0.823
0.843
0.831
0.841
0.788
0.896
0.810
0.605
0.216
0.128
0.763
0.732
0.621
0.736
0.752
0.682
0.538
0.655
0.848
0.726
0.665
0.551
0.601
0.594
0.757
0.682
0.719
0.568
0.682
0.556
0.610
0.556
0.603
0.377
0.538
0.490
0.421
0.370
0.373
0.277
0.530
0.447
0.659
0.314
0.318
0.440
0.450
0.296
0.701
0.425
0.473
0.501
0.450
0.591
0.703
0.825
0.995
1.014
0.901
1.007
0.625
0.671
0.721
0.607
0.580
0.680
0.734
0.582
0.300
0.447
0.625
0.479
0.488
0.673
0.632
0.450
0.261
0.488
0.490
0.722
0.964
1.113
0.935
0.621
0.857
0.945
1.030
0.939
1.015
0.928
1.003
1.051
1.055
1.030
1.051
0.968
0.960
0.872
0.965
0.954
0.974
0.444
0.523
0.577
0.431
0.428
0.661
0.381
0.296
0.444
0.657
0.541
0.661
0.589
0.726
0.482
0.343
0.563
0.388
0.314
0.296
0.347
0.728
0.398
0.488
0.695
0.582
0.465
0.507
0.605
0.570
0.362
0.533
0.300
0.362
0.412
0.551
0.425
0.421
0.601
0.425
0.499
0.577
0.425
0.546
0.610
0.488
0.462
0.661
0.538
0.256
0.453
0.384
0.447
0.530
0.281
0.281
0.520
0.391
0.473
0.286
0.322
0.222
0.621
0.465
0.525
0.465
0.647
0.488
0.501
0.651
0.568
0.431
0.405
0.536
0.587
0.661
0.377
0.496
0.444
0.528
0.577
0.459
0.636
0.810
0.789
0.512
0.456
0.347
0.425
0.669
0.636
0.465
0.479
0.335
0.504
0.496
0.479
0.507
0.580
0.415
0.370
0.644
0.598
0.530
0.485
0.314
0.202
0.398
0.538
0.331
0.504
0.512
0.627
0.553
0.616
0.634
0.697
0.730
0.875
0.835
0.437
0.256
0.157
0.052
0.222
0.181
0.418
0.732
0.737
0.447
0.501
0.421
0.209
0.272
0.525
0.209
0.188
0.173
0.228
0.388
0.665
0.669
0.793
0.587
0.647
0.887
0.538
0.366
0.673
0.732
0.873
0.820
0.724
0.642
0.759
0.770
0.841
0.520
0.671
0.826
0.770
0.948
0.796
0.962
0.972
0.992
1.057
1.060
1.003
0.989
1.026
0.914
1.000
0.967
0.846
0.905
0.879
0.750
0.907
0.801
0.465
0.509
0.737
0.623
0.509
0.384
0.517
0.520
0.444
0.267
0.459
0.482
0.444
0.756
0.689
0.722
0.811
0.721
0.782
0.734
0.941
0.675
0.846
0.756
0.737
0.717
0.680
0.644
0.589
0.587
0.651
0.440
0.209
0.281
0.575
0.536
0.309
0.222
0.504
0.538
0.425
0.759
0.447
0.381
0.437
0.482
0.543
0.326
0.515
0.447
0.594
0.551
0.405
0.440
0.570
0.558
0.381
0.434
0.640
0.453
0.485
0.405
0.563
0.558
0.509
0.493
0.669
0.610
0.561
0.450
0.496
0.728
0.504
0.444
0.979
0.820
0.713
0.768
0.955
0.905
1.062
0.947
0.887
0.750
0.318
0.450
0.678
0.398
0.326
0.384
0.343
0.395
0.322
0.209
0.157
0.128
0.000
0.157
0.091
0.117
0.000
0.128
0.000
0.105
0.074
0.117
0.091
0.128
0.000
0.117
0.188
0.634
0.470
0.612
0.501
0.401
0.655
0.286
0.601
0.523
0.462
0.256
0.188
0.314
0.405
0.322
0.202
0.181
0.300
0.331
0.181
0.234
0.157
0.256
0.234
0.339
0.305
0.261
0.181
0.105
0.188
0.202
0.222
0.222
0.256
0.222
0.300
0.256
0.515
0.148
0.148
0.202
0.181
0.128
0.138
0.209
0.173
0.181
0.488
0.541
0.222
0.548
0.691
0.358
0.256
0.580
0.401
0.358
0.823
0.610
0.401
0.570
0.447
0.649
0.343
0.391
0.425
0.485
0.750
0.843
0.947
0.942
0.889
0.818
0.816
0.851
0.811
1.065
0.916
0.974
0.995
0.975
1.000
0.939
0.920
0.950
0.928
0.800
0.216
0.209
0.543
0.188
0.222
0.381
0.447
0.196
0.000
0.165
0.091
0.117
0.181
0.000
0.000
0.105
0.000
0.000
0.117
0.117
0.181
0.000
0.000
0.105
0.074
0.000
0.000
0.000
0.504
0.450
0.693
0.754
0.548
0.358
0.651
0.300
0.523
0.456
0.388
0.488
0.421
0.634
0.647
0.671
0.548
0.575
0.512
0.398
0.465
0.538
0.428
0.728
0.601
0.691
0.496
0.629
0.757
0.881
0.745
0.801
0.803
0.580
0.703
0.501
0.711
0.649
0.801
0.763
1.004
0.697
0.543
0.614
0.318
0.589
0.504
0.490
0.603
0.591
0.384
0.770
0.450
0.781
0.713
0.748
0.975
0.890
0.875
0.905
0.967
0.986
0.996
0.811
0.864
0.820
0.889
0.881
0.882
0.485
0.752
0.757
0.570
0.548
0.157
0.148
0.157
0.128
0.052
0.138
0.000
0.117
0.000
0.105
0.000
0.000
0.000
0.000
0.117
0.128
0.091
0.052
0.105
0.091
0.091
0.000
0.157
0.000
0.000
0.000
0.261
0.695
0.450
0.415
0.305
0.267
0.251
0.157
0.091
0.228
0.603
0.530
0.703
0.305
0.251
0.228
0.428
0.209
0.296
0.651
0.388
0.343
0.388
0.665
0.504
0.533
0.603
0.501
0.355
0.616
0.470
0.640
0.523
0.596
0.657
0.553
0.825
0.693
0.541
0.465
0.705
0.803
0.853
0.781
0.828
0.841
0.961
0.895
0.879
0.691
0.890
0.892
1.004
0.919
1.008
1.028
0.972
0.983
0.911
0.931
0.896
0.978
0.971
0.688
0.267
0.520
0.682
0.655
0.636
0.721
0.587
0.507
0.395
0.366
0.577
0.398
0.558
0.573
0.543
0.434
0.447
0.582
0.515
0.488
0.504
0.684
0.721
0.638
0.395
0.355
0.256
0.459
0.377
0.629
0.465
0.709
0.732
0.582
0.541
0.805
1.001
0.671
0.759
0.768
0.794
0.763
0.667
0.607
0.538
0.612
0.568
0.456
0.440
0.612
0.362
0.543
0.575
0.649
0.684
0.587
0.629
0.582
0.757
0.756
0.665
0.421
0.577
0.736
0.808
0.587
0.695
0.575
0.362
0.437
0.707
0.157
0.587
0.456
0.732
0.673
0.823
0.916
0.932
1.028
0.937
0.636
0.616
0.695
0.961
0.857
0.575
0.678
0.482
0.644
0.591
0.663
0.603
0.914
0.808
0.985
0.647
0.726
0.870
1.007
0.988
1.027
0.715
0.843
1.028
1.055
1.034
1.011
1.039
0.958
0.978
0.948
0.923
1.007
0.995
0.996
0.941
0.695
0.536
0.761
0.689
0.251
0.587
0.575
0.680
0.512
0.425
0.523
0.450
0.493
0.640
0.530
0.541
0.665
0.682
0.752
0.601
0.351
0.594
0.726
0.763
0.752
0.573
0.598
0.616
0.479
0.570
0.717
0.421
0.553
0.530
0.528
0.525
0.601
0.691
0.459
0.401
0.541
0.507
0.541
0.300
0.515
0.496
0.351
0.398
0.418
0.362
0.300
0.517
0.440
0.473
0.286
0.431
0.651
0.418
0.425
0.425
0.490
0.358
0.370
0.444
0.636
0.594
0.470
0.482
0.347
0.456
0.473
0.261
0.546
0.558
0.322
0.754
0.339
0.594
0.370
0.339
0.339
0.286
0.558
0.418
0.485
0.362
0.405
1.024
0.836
0.774
0.793
0.887
0.887
0.766
0.835
0.948
0.886
1.001
0.811
0.884
0.920
0.937
0.972
0.890
0.828
0.665
0.642
0.623
0.343
0.499
0.759
0.370
0.556
0.675
0.388
0.659
0.610
0.605
0.796
0.732
1.096
0.805
0.779
0.857
0.864
0.384
0.815
0.788
0.556
0.603
0.573
0.573
0.649
0.653
0.536
0.625
0.568
0.538
0.493
0.533
0.515
0.644
0.447
0.462
0.459
0.605
0.601
0.573
0.456
0.644
0.496
0.530
0.468
0.682
0.358
0.781
0.833
0.431
0.456
0.490
0.570
0.355
0.504
0.418
0.305
0.366
0.391
0.625
0.437
0.453
0.525
0.575
0.408
0.523
0.493
0.456
0.686
0.395
0.370
0.501
0.322
0.468
0.509
0.546
0.501
0.388
0.575
0.468
0.347
0.444
0.603
0.598
0.570
0.343
0.607
0.488
0.496
0.543
0.415
0.530
0.434
0.504
0.618
0.358
0.291
0.381
0.603
0.370
0.391
0.335
0.366
0.577
0.450
0.504
0.517
0.347
0.546
0.418
0.541
0.384
0.563
0.568
0.675
0.543
0.388
0.384
0.202
0.117
0.117
0.165
0.000
0.117
0.000
0.074
0.000
0.000
0.000
0.074
0.000
0.000
0.465
0.431
0.228
0.515
0.536
0.520
0.322
0.277
0.272
0.408
0.366
0.479
0.447
0.493
0.726
0.644
0.173
0.188
0.515
0.573
0.734
0.509
0.504
0.533
0.462
0.568
0.450
0.607
0.634
0.705
0.808
0.908
0.859
0.944
0.917
0.999
0.961
0.867
0.267
0.138
0.117
0.148
0.157
0.181
0.052
0.138
0.138
0.000
0.052
0.117
0.000
0.074
0.000
0.052
0.165
0.000
0.052
0.000
0.000
0.000
0.074
0.000
0.000
0.000
0.000
0.000
0.000
0.000
0.661
0.405
0.538
0.362
0.558
0.440
0.561
0.682
0.752
0.849
0.605
0.520
0.629
0.538
0.629
0.629
0.589
0.577
0.470
0.828
0.796
0.884
0.975
1.103
0.954
0.711
0.614
0.775
0.625
0.520
0.331
0.728
0.584
0.412
0.598
0.575
0.625
0.589
0.533
0.536
0.878
0.945
0.983
1.010
0.948
0.881
0.892
0.632
0.962
1.003
1.040
1.067
1.057
1.044
1.036
1.007
0.972
0.904
0.922
0.889
0.938
0.541
0.561
0.625
0.479
0.584
0.459
0.601
0.717
0.538
0.873
0.715
0.551
0.453
0.623
0.603
0.561
0.684
0.629
0.556
0.476
0.551
0.565
0.711
0.757
0.709
0.640
0.493
0.844
0.955
0.717
0.849
0.820
0.763
0.859
0.781
0.737
0.895
0.902
0.937
0.823
0.989
1.018
1.001
0.789
0.558
0.601
0.384
0.277
0.377
0.398
0.565
0.421
0.157
0.173
0.091
0.128
0.181
0.281
0.196
0.188
0.148
0.157
0.418
0.366
0.245
0.272
0.188
0.296
0.222
0.228
0.138
0.234
0.188
0.181
0.148
0.128
0.138
0.000
0.157
0.216
0.228
0.222
0.216
0.000
0.281
0.000
0.000
0.074
0.091
0.000
0.000
0.000
0.128
0.074
0.222
0.318
0.366
0.209
0.309
0.128
0.216
0.202
0.188
0.165
0.138
0.173
0.091
0.117
0.157
0.228
0.234
0.209
0.128
0.251
0.339
0.267
0.181
0.234
0.148
0.181
0.453
0.651
0.816
0.932
1.010
0.976
0.843
0.922
0.971
0.828
0.618
0.671
0.366
0.636
0.693
0.391
0.322
0.459
0.548
0.634
0.528
0.482
0.425
0.479
0.777
0.444
0.695
0.983
0.968
0.840
0.816
0.693
0.828
1.036
1.058
1.053
1.018
0.873
0.926
0.997
0.947
0.997
0.896
0.870
0.575
0.616
0.870
0.748
0.251
0.234
0.240
0.202
0.256
0.222
0.216
0.256
0.052
0.000
0.105
0.000
0.188
0.117
0.000
0.000
0.105
0.000
0.000
0.000
0.347
0.425
0.697
0.701
0.768
0.926
0.808
0.882
0.688
0.462
0.553
0.343
0.561
0.462
0.261
0.504
0.335
0.887
0.667
0.836
0.629
0.808
0.759
0.525
0.395
0.507
0.434
0.434
0.476
0.553
0.596
0.447
0.732
0.596
0.577
0.732
0.601
0.707
0.607
0.561
0.476
0.468
0.717
0.610
0.695
0.462
0.543
0.267
0.793
0.671
1.003
0.939
0.548
0.699
0.703
0.594
0.655
0.488
0.632
0.612
0.412
0.523
0.473
0.309
0.188
0.105
0.148
0.128
0.074
0.074
0.117
0.000
0.000
0.000
0.272
0.493
0.370
0.395
0.663
0.501
0.563
0.456
0.453
0.570
0.281
0.616
0.766
0.157
0.538
0.525
0.551
0.621
0.533
0.625
0.899
0.671
0.779
0.793
0.665
0.913
0.697
0.584
0.691
0.887
0.864
0.805
0.810
0.932
0.905
1.007
0.957
1.032
1.047
0.957
1.007
0.964
0.990
0.985
1.023
0.860
0.789
0.800
0.801
0.693
0.612
0.709
0.610
0.657
0.543
0.412
0.391
0.816
0.786
0.612
0.647
0.761
0.750
0.979
0.653
0.724
0.844
0.907
1.043
0.992
1.058
1.069
1.044
1.027
1.038
1.030
1.035
0.895
0.823
0.995
0.999
0.969
0.736
0.678
0.499
0.465
0.536
0.634
0.568
0.587
0.614
0.331
0.634
0.686
0.577
0.680
0.440
0.450
0.536
0.488
0.528
0.548
0.538
0.570
0.398
0.589
0.370
0.440
0.479
0.362
0.437
0.493
0.546
0.647
0.612
0.314
0.598
0.351
0.661
0.618
0.724
0.614
0.530
0.598
0.473
0.291
0.358
0.408
0.300
0.272
0.447
0.326
0.398
0.355
0.314
0.468
0.470
0.222
0.636
0.546
0.256
0.395
0.366
0.533
0.598
0.373
0.401
0.377
0.425
0.347
0.222
0.322
0.370
0.256
0.355
0.876
0.856
0.525
0.682
0.750
0.391
0.267
0.493
0.688
0.582
0.335
0.277
0.234
0.261
0.138
0.355
0.267
0.339
0.314
0.347
0.362
0.261
0.326
0.181
0.377
0.347
0.272
0.256
0.256
0.401
0.415
0.377
0.256
0.305
0.358
0.251
0.381
0.377
0.188
0.181
0.405
0.335
