0.764
0.228
0.188
0.138
0.202
0.239
0.239
0.165
0.261
0.228
0.117
0.090
0.000
0.138
0.128
0.000
0.000
0.090
0.052
0.000
0.074
0.052
0.476
0.677
0.731
0.503
0.437
0.764
0.984
0.654
0.809
0.790
0.937
1.039
0.965
0.996
1.033
1.035
1.020
0.892
1.026
0.913
0.900
1.022
0.968
0.802
0.245
0.652
0.202
0.148
0.181
0.052
0.173
0.148
0.173
0.430
0.792
0.369
0.424
0.304
0.276
0.644
0.281
0.771
0.579
0.671
0.501
0.618
0.446
0.685
0.498
0.380
0.602
0.577
0.346
0.620
0.487
0.414
0.668
0.487
0.834
0.446
0.398
0.552
0.586
0.555
0.394
0.195
0.334
0.342
0.452
0.391
0.404
0.342
0.286
0.322
0.295
0.380
0.376
0.411
0.228
0.437
0.266
0.215
0.338
0.404
0.495
0.418
0.971
0.671
0.611
0.639
0.870
0.358
0.052
0.753
0.633
0.495
0.567
0.492
0.540
0.972
0.817
0.635
0.595
0.758
0.798
0.567
0.574
0.498
0.376
0.326
0.304
0.514
0.391
0.342
0.404
0.322
0.430
0.639
0.552
0.542
0.318
0.771
0.600
0.909
0.924
0.957
0.795
0.986
0.904
0.710
0.550
0.535
0.577
0.455
0.702
0.704
0.509
0.467
0.613
0.618
0.350
0.473
0.362
0.788
0.609
0.391
0.346
0.519
0.708
0.535
0.731
0.776
0.624
0.788
0.758
0.509
0.577
0.581
0.804
0.795
0.484
0.714
0.892
0.922
0.995
1.012
0.988
1.026
0.786
0.921
0.944
0.778
0.922
0.993
0.912
0.484
0.391
0.825
0.815
0.738
0.691
0.434
0.547
0.639
0.595
0.918
0.848
0.838
0.950
0.671
0.622
0.755
0.622
0.798
0.772
0.511
0.591
0.358
0.845
0.740
0.755
0.700
0.922
0.624
0.815
0.641
0.795
0.814
0.464
0.698
0.434
0.295
0.522
0.326
0.250
0.250
0.334
0.369
0.291
0.330
0.309
0.424
0.384
0.313
0.346
0.309
0.365
0.318
0.322
0.346
0.440
0.342
0.354
0.266
0.440
0.414
0.394
0.421
0.318
0.394
0.373
0.376
0.421
0.414
0.313
0.464
0.358
0.418
0.434
0.509
0.411
0.430
0.215
0.365
0.188
0.074
0.128
0.209
0.173
0.157
0.052
0.104
0.128
0.517
0.873
0.984
0.824
0.731
0.615
0.654
0.517
0.398
0.473
0.712
0.822
0.873
0.668
0.611
0.517
0.313
0.376
0.487
0.446
0.530
0.501
0.588
0.853
0.723
0.765
0.804
0.654
0.449
0.607
0.545
0.411
0.478
0.334
0.342
0.527
0.434
0.338
0.408
0.256
0.322
0.309
0.408
0.350
0.384
0.434
0.394
0.461
0.481
0.550
0.338
0.358
0.470
0.276
0.346
0.373
0.330
0.408
0.384
0.411
0.501
0.591
0.620
0.660
0.376
0.318
0.401
0.398
0.455
0.685
0.639
0.380
0.326
0.271
0.398
0.338
0.326
0.358
0.421
0.560
0.404
0.128
0.188
0.165
0.615
0.452
0.300
0.286
0.338
0.427
0.517
0.602
0.542
0.527
0.542
0.565
0.478
0.411
0.326
0.519
0.365
0.552
0.738
0.718
0.712
0.696
0.767
0.830
0.785
0.736
0.842
0.873
0.850
0.832
0.708
0.595
0.584
0.565
0.443
0.427
0.473
0.656
0.781
0.733
0.934
0.668
0.322
0.540
0.613
0.760
0.819
0.855
1.001
0.938
1.011
0.702
0.802
0.798
0.723
0.579
0.729
0.522
0.281
0.052
0.090
0.540
0.487
0.560
0.530
0.560
0.506
0.443
0.593
0.595
0.511
0.501
0.514
0.464
0.812
0.774
0.769
1.027
0.843
0.924
0.913
0.878
0.867
0.909
0.924
0.974
1.005
1.015
0.771
0.560
0.519
0.514
0.781
0.996
0.937
0.963
0.988
0.993
0.834
0.138
0.421
0.552
0.295
0.052
0.181
0.157
0.148
0.074
0.052
0.074
0.128
0.074
0.104
0.117
0.148
0.173
0.157
0.052
0.104
0.000
0.104
0.117
0.148
0.074
0.074
0.090
0.052
0.000
0.074
0.090
0.052
0.188
0.117
0.000
0.000
0.052
0.000
0.000
0.000
0.000
0.000
0.000
0.000
0.000
0.000
0.000
0.000
0.000
0.000
0.000
0.000
0.000
0.000
0.000
0.074
0.000
0.000
0.000
0.000
0.128
0.000
0.000
0.117
0.476
0.735
0.767
0.256
0.509
0.604
0.720
0.631
0.572
0.557
0.449
0.387
0.506
0.503
0.620
0.668
0.391
0.552
0.602
0.567
0.542
0.540
0.579
0.509
0.679
0.721
0.427
0.729
0.689
0.602
0.687
0.880
0.915
0.820
0.740
0.760
0.733
0.866
0.842
1.018
0.875
0.815
0.369
0.245
0.256
0.313
0.128
0.157
0.000
0.138
0.000
0.138
0.000
0.000
0.052
0.117
0.000
0.104
0.104
0.000
0.000
0.090
0.000
0.000
0.148
0.250
0.689
0.945
1.043
1.049
1.035
0.921
0.873
0.742
0.557
0.613
0.785
1.003
0.981
0.720
0.562
0.250
0.900
0.586
0.764
0.455
0.673
0.772
0.774
0.641
0.511
0.729
0.434
0.492
0.648
0.484
0.848
0.644
0.867
1.036
1.024
1.018
1.019
0.517
0.644
0.855
1.026
1.024
0.972
0.971
1.024
1.024
1.023
0.830
0.792
0.798
0.685
0.746
0.535
0.394
0.535
0.535
0.704
0.572
0.334
0.607
0.373
0.685
0.662
0.427
0.693
0.700
0.398
0.545
0.421
0.532
0.586
0.427
0.408
0.434
0.215
0.295
0.714
0.694
0.767
0.202
0.209
0.090
0.052
0.424
0.664
0.693
0.767
0.540
0.710
0.683
0.870
0.696
0.993
0.878
0.545
0.954
0.698
0.856
0.825
0.731
0.747
0.873
0.835
0.746
0.900
1.015
0.971
0.765
0.683
1.031
0.772
0.764
0.771
0.835
0.929
0.767
0.731
0.756
0.604
0.514
0.338
0.391
0.490
0.434
0.414
0.622
0.613
1.004
0.537
1.018
0.694
0.664
0.742
0.525
0.545
0.932
0.815
0.738
0.858
1.028
1.054
1.049
0.825
0.989
1.048
0.873
0.972
0.934
0.597
0.822
0.867
1.020
1.022
1.012
0.960
0.916
0.785
0.772
0.304
0.514
0.309
0.165
0.188
0.256
0.579
0.281
0.291
0.421
0.376
0.215
0.256
0.313
0.326
0.313
0.346
0.157
0.354
0.157
0.138
0.157
0.165
0.000
0.000
0.128
0.000
0.000
0.104
0.000
0.000
0.181
0.000
0.000
0.000
0.000
0.117
0.128
0.074
0.000
0.000
0.181
0.000
0.000
0.000
0.052
0.000
0.369
0.658
0.843
0.913
0.555
0.511
0.519
0.430
0.391
0.588
0.552
0.550
0.915
0.467
0.481
0.509
0.650
0.581
0.567
0.555
0.464
0.758
0.215
0.481
0.326
0.338
0.346
0.365
0.720
0.458
0.776
0.875
0.795
1.031
1.048
0.476
0.449
0.718
0.637
0.776
0.869
0.769
0.731
0.989
0.740
0.749
0.702
0.843
1.000
0.907
0.626
0.744
0.720
0.819
0.805
0.867
0.837
0.984
0.996
0.979
0.942
0.881
0.925
1.004
0.815
0.975
0.832
0.652
0.449
0.490
0.394
0.346
0.309
0.430
0.555
0.555
0.631
0.613
0.470
0.387
0.900
0.941
1.009
1.044
0.875
1.041
0.769
0.835
0.864
0.878
0.907
0.762
0.615
0.708
0.537
0.490
0.373
0.384
0.362
0.322
0.376
0.373
0.443
0.421
0.654
0.266
0.537
0.574
0.369
0.394
0.295
0.387
0.391
0.430
0.530
0.295
0.446
0.427
0.547
0.481
0.586
0.380
0.394
0.535
0.342
0.414
0.391
0.446
0.492
0.365
0.309
0.430
0.452
0.567
0.557
0.503
0.602
0.414
0.490
0.300
0.318
0.567
0.540
0.376
0.430
0.358
0.404
0.519
1.030
1.053
0.909
0.490
0.668
0.940
0.861
0.809
0.487
0.537
0.342
0.188
0.209
0.173
0.209
0.215
0.215
0.188
0.181
0.157
0.195
0.202
0.117
0.090
0.181
0.209
0.128
0.052
0.202
0.117
0.261
0.209
0.173
0.148
0.215
0.209
0.052
0.074
0.117
0.074
0.173
0.215
0.117
0.215
0.195
0.202
0.074
0.138
0.000
0.271
0.090
0.000
0.000
0.000
0.000
0.000
0.000
0.261
0.052
0.000
0.000
0.522
0.414
0.470
0.408
0.658
0.437
0.440
0.380
0.473
0.434
0.369
0.373
0.233
0.233
0.430
0.609
0.350
0.276
0.525
0.613
0.797
0.304
0.626
0.547
0.318
0.138
0.266
0.338
0.693
0.338
0.338
0.593
0.586
0.427
0.650
0.434
0.467
0.624
0.373
0.673
0.604
0.687
0.519
0.646
0.376
0.633
0.509
0.567
0.446
0.437
0.733
0.458
0.530
0.484
0.309
0.635
0.671
0.522
0.276
0.641
0.492
0.535
0.870
0.387
0.817
0.829
0.626
0.783
0.963
0.744
0.785
0.805
0.615
0.476
0.809
0.901
0.840
0.884
0.851
0.648
0.519
0.742
0.872
0.979
0.918
1.024
0.810
0.710
0.829
0.712
0.542
0.646
0.814
0.693
0.624
0.723
0.635
0.807
0.525
0.615
0.664
0.729
0.742
0.764
0.845
0.912
0.668
0.687
0.654
0.774
0.749
0.577
0.586
0.446
0.602
0.937
1.011
1.036
1.030
0.972
1.014
1.014
0.875
0.832
0.877
1.005
0.968
0.955
0.769
0.569
0.689
0.373
0.593
0.662
0.530
0.545
0.338
0.455
0.525
0.478
0.545
0.555
0.517
0.800
0.376
0.261
0.694
0.421
0.478
0.574
0.443
0.350
0.117
0.074
0.090
0.401
0.467
0.215
0.256
0.233
0.074
0.373
0.484
0.593
0.430
0.484
0.309
0.581
0.387
0.733
0.696
0.380
0.384
0.720
0.997
0.714
0.693
0.835
0.861
0.829
0.944
0.932
0.527
0.157
0.373
0.318
0.221
0.304
0.181
0.215
0.181
0.090
0.195
0.221
0.138
0.188
0.128
0.173
0.181
0.202
0.052
0.138
0.074
0.104
0.148
0.000
0.000
0.165
0.000
0.104
0.000
0.000
0.000
0.000
0.202
0.401
0.138
0.233
0.354
0.165
0.104
0.181
0.157
0.090
0.090
0.117
0.181
0.148
0.188
0.181
0.173
0.157
0.138
0.181
0.128
0.188
0.165
0.117
0.304
0.165
0.181
0.117
0.117
0.148
0.117
0.157
0.157
0.128
0.117
0.148
0.165
0.173
0.165
0.202
0.148
0.209
0.239
0.117
0.181
0.104
0.165
0.233
0.239
0.256
0.228
0.228
0.138
0.128
0.148
0.195
0.181
0.148
0.052
0.104
0.209
0.173
0.052
0.000
0.000
0.000
0.138
0.138
0.000
0.104
0.074
0.000
0.000
0.090
0.000
0.481
0.467
0.492
0.545
0.484
0.760
0.795
0.862
0.918
0.731
0.878
0.673
0.740
0.835
0.853
0.942
0.993
1.041
0.792
0.727
0.776
0.704
0.786
0.401
0.464
0.449
0.579
0.604
0.618
0.408
0.525
0.574
0.837
0.673
0.877
0.838
0.501
0.909
0.765
0.978
1.012
1.027
0.710
0.895
0.965
0.892
0.897
0.957
0.941
0.963
0.989
1.003
0.999
0.723
0.635
0.408
0.532
0.188
0.414
0.668
0.937
0.671
0.629
0.408
0.233
0.644
0.698
0.622
0.718
0.261
0.807
0.522
0.430
0.600
0.588
0.446
0.527
0.245
0.749
0.458
0.666
0.712
0.764
0.622
0.365
0.560
0.411
0.560
0.532
0.723
0.654
0.509
0.545
0.830
0.906
0.975
0.827
0.309
0.755
0.716
0.746
0.725
0.972
1.005
0.851
0.870
0.689
0.948
0.772
0.851
0.712
0.714
0.856
0.848
0.798
0.751
0.807
0.982
0.716
0.856
0.710
0.635
0.696
0.418
0.812
0.595
0.478
0.461
0.683
0.758
0.712
0.600
0.679
0.555
0.897
1.056
1.019
1.011
0.960
1.015
0.895
0.951
0.781
0.776
0.414
0.567
0.532
0.981
1.031
0.738
0.982
1.000
0.996
0.837
0.411
0.637
0.897
0.696
0.481
0.394
0.535
0.720
0.380
0.694
0.675
0.256
0.511
0.401
0.567
0.473
0.700
0.552
0.527
0.437
0.437
0.495
0.411
0.330
0.424
0.408
0.286
0.256
0.271
0.300
0.215
0.228
0.424
0.358
0.261
0.228
0.384
0.338
0.449
0.309
0.639
0.215
0.527
0.467
0.430
0.380
0.342
0.562
0.401
0.376
0.644
0.769
0.550
0.827
0.689
0.909
0.584
0.758
0.756
0.648
0.855
0.901
0.963
0.932
0.953
0.555
0.916
0.929
0.720
0.376
0.358
0.350
0.362
0.380
0.443
0.398
0.586
0.300
0.256
0.239
0.239
0.195
0.195
0.266
0.245
0.245
0.074
0.138
0.052
0.074
0.090
0.000
0.165
0.637
0.862
0.853
0.318
0.506
0.798
0.464
0.646
0.362
0.342
0.387
0.424
0.517
0.588
0.795
0.691
0.683
0.792
0.756
0.965
0.837
0.662
0.557
0.490
0.342
0.586
0.607
0.565
0.755
0.565
0.449
0.760
0.851
0.940
0.955
1.033
0.997
0.915
0.937
0.909
0.727
0.864
1.018
0.858
0.736
0.577
0.618
0.527
0.562
0.501
0.291
0.729
0.797
0.430
0.342
0.354
0.394
0.338
0.239
0.271
0.250
0.266
0.358
0.250
0.615
0.530
0.878
1.049
0.664
0.937
0.780
0.928
0.830
0.824
0.455
0.506
0.609
0.785
0.618
0.478
0.530
0.487
0.411
0.373
0.903
0.519
0.437
0.675
0.446
0.783
0.694
0.588
0.424
0.597
0.622
0.476
0.685
0.498
0.552
0.511
0.615
0.565
0.492
0.755
0.716
0.755
0.901
0.835
0.862
0.845
0.829
0.624
0.591
0.250
0.104
0.074
0.202
0.117
0.173
0.104
0.104
0.165
0.074
0.052
0.128
0.148
0.228
0.165
0.221
0.173
0.221
0.202
0.245
0.751
0.913
0.689
0.562
0.591
0.495
0.604
0.458
0.455
0.744
0.747
0.814
0.790
0.971
0.755
0.900
0.838
0.989
0.786
0.577
0.492
0.683
0.380
0.452
0.639
0.747
0.847
0.404
0.597
0.579
0.838
0.644
0.845
0.924
1.070
1.040
0.988
0.837
0.742
0.925
0.753
0.736
0.764
0.742
1.000
0.864
0.830
0.972
0.835
0.837
0.685
0.907
0.992
1.032
0.867
0.819
0.629
0.511
0.490
0.304
0.449
0.271
0.318
0.525
0.837
0.783
0.581
0.685
0.380
0.646
0.562
0.517
0.239
0.358
0.373
0.424
0.418
0.611
0.326
0.286
0.350
0.464
0.286
0.532
0.414
0.408
0.408
0.437
0.509
0.245
0.326
0.195
0.318
0.313
0.300
0.440
0.239
0.342
0.239
0.547
0.365
0.387
0.256
0.434
0.369
0.195
0.239
0.313
0.271
0.326
0.304
0.373
0.440
0.365
0.481
0.286
0.188
0.195
0.387
0.408
0.245
0.819
0.581
0.685
0.733
0.790
0.128
0.484
0.848
0.889
0.820
0.731
0.783
0.767
0.644
0.774
0.600
0.484
0.484
0.318
0.487
0.401
0.565
0.602
0.769
0.814
0.955
0.944
0.904
1.023
0.901
0.922
0.790
0.881
0.961
0.720
1.026
0.658
0.687
0.847
0.470
0.588
0.781
0.501
0.633
0.629
0.668
0.506
0.552
0.547
0.591
0.569
0.644
0.731
0.446
0.557
0.963
0.704
0.639
0.756
0.631
0.557
0.819
0.960
1.007
0.938
0.992
0.644
0.758
0.827
0.999
0.894
0.848
0.929
0.747
0.620
0.747
0.597
0.537
0.354
0.525
0.487
0.588
0.742
0.656
0.800
0.736
0.856
0.765
0.535
0.492
0.487
0.384
0.552
0.266
0.350
0.394
0.404
0.376
0.514
0.387
0.318
0.342
0.404
0.398
0.414
0.613
0.418
0.540
0.266
0.215
0.148
0.195
0.000
0.181
0.148
0.358
0.481
0.215
0.157
0.000
0.074
0.228
0.090
0.000
0.128
0.128
0.000
0.074
0.000
0.000
0.117
0.000
0.104
0.074
0.104
0.000
0.000
0.074
0.000
0.000
0.000
0.000
0.000
0.000
0.000
0.000
0.000
0.000
0.000
0.588
0.581
0.346
0.271
0.221
0.574
0.503
0.519
0.401
0.334
0.281
0.322
0.215
0.261
0.256
0.387
0.487
0.286
0.481
0.458
0.256
0.424
0.271
0.309
0.408
0.411
0.376
0.358
0.557
0.622
0.660
0.427
0.365
0.458
0.221
0.195
0.984
0.805
0.443
0.000
0.362
0.322
0.506
0.673
0.600
0.848
0.948
0.851
0.953
1.076
0.992
0.830
0.856
0.947
0.829
0.369
0.215
0.157
0.157
0.117
0.000
0.195
0.090
0.221
0.215
0.000
0.000
0.138
0.000
0.000
0.000
0.157
0.188
0.209
0.052
0.000
0.000
0.000
0.188
0.000
0.000
0.000
0.000
0.074
0.000
0.000
0.000
0.000
0.000
0.000
0.000
0.052
0.000
0.000
0.138
0.000
0.090
0.052
0.000
0.000
0.052
0.000
0.000
0.000
0.000
0.074
0.000
0.000
0.000
0.000
0.000
0.000
0.000
0.000
0.052
0.000
0.000
0.000
0.000
0.000
0.000
0.104
0.000
0.000
0.000
0.000
0.000
0.188
0.291
0.517
0.742
0.736
0.595
0.398
0.362
0.358
0.401
0.304
0.464
1.003
0.793
0.772
0.827
0.856
0.635
0.780
0.506
0.495
0.408
0.954
0.710
0.746
0.937
0.886
0.827
0.639
0.790
0.522
0.542
0.342
0.322
0.387
0.342
0.658
0.492
0.762
0.790
0.890
1.019
0.727
0.716
0.778
0.776
0.975
0.995
0.855
1.008
0.950
0.588
0.560
0.805
0.873
0.864
0.912
0.953
0.900
0.978
0.848
0.615
0.318
0.572
0.334
0.501
0.613
0.560
0.607
0.654
0.506
0.519
0.326
0.437
0.470
0.540
0.384
0.664
0.414
0.404
0.552
0.514
0.369
0.437
0.209
0.313
0.557
0.404
0.233
0.519
0.322
0.181
0.330
0.404
0.408
0.455
0.430
0.503
0.304
0.245
0.233
0.495
0.394
0.464
0.365
0.398
0.581
0.380
0.470
0.398
0.484
0.271
0.511
0.434
0.484
0.437
0.437
0.584
0.552
0.286
0.965
0.764
0.673
0.755
0.467
0.584
0.530
0.629
0.644
0.418
0.334
0.783
0.776
0.751
0.464
0.157
0.694
0.683
0.646
0.215
0.195
0.209
0.565
0.718
0.588
0.572
0.588
0.527
0.334
0.276
0.446
0.484
0.394
0.567
0.458
0.401
0.387
0.318
0.313
0.620
0.624
0.304
0.286
0.295
0.446
0.694
0.565
0.547
0.540
0.418
0.322
0.427
0.511
0.322
0.350
0.338
0.404
0.861
0.691
0.609
0.785
0.822
0.588
0.934
0.530
0.430
0.461
0.338
0.346
0.629
0.464
0.440
0.506
0.550
0.712
0.687
0.535
0.710
0.562
0.501
0.693
0.815
0.776
0.830
0.918
0.883
0.760
0.873
0.812
0.861
0.945
0.895
0.850
1.039
1.060
1.030
1.054
1.048
1.039
1.082
0.660
0.440
0.511
0.304
0.473
0.467
0.271
0.245
0.245
0.000
0.074
0.000
0.052
0.052
0.000
0.000
0.138
0.000
0.090
0.128
0.000
0.000
0.074
0.138
0.000
0.104
0.090
0.074
0.000
0.000
0.000
0.104
0.000
0.000
0.148
0.000
0.074
0.000
0.074
0.000
0.173
0.052
0.000
0.000
0.000
0.000
0.000
0.000
0.090
0.000
0.000
0.000
0.000
0.000
0.104
0.000
0.000
0.000
0.000
0.000
0.000
0.000
0.000
0.000
0.000
0.000
0.000
0.090
0.000
0.090
0.000
0.000
0.000
0.104
0.000
0.000
0.000
0.239
0.165
0.000
0.165
0.000
0.000
0.000
0.000
0.165
0.000
0.000
0.000
0.000
0.000
0.000
0.165
0.250
0.000
0.552
0.679
0.749
0.555
0.694
0.762
0.391
0.560
0.437
0.555
0.694
0.776
0.593
0.721
0.350
0.586
0.646
0.609
0.597
0.650
0.673
0.832
0.295
0.597
0.476
0.398
0.626
0.747
0.979
1.058
1.050
1.037
1.039
1.019
1.027
0.900
1.047
0.978
0.990
0.970
1.012
0.941
0.843
0.689
0.780
0.812
0.677
0.641
0.470
0.637
0.631
0.633
0.467
0.602
0.718
0.501
0.607
0.550
0.401
0.376
0.567
0.338
0.418
0.443
0.228
0.562
0.708
0.334
0.245
0.326
0.181
0.552
0.747
0.881
0.812
0.853
0.764
0.771
0.855
0.749
0.774
0.727
0.755
0.898
0.986
0.906
0.985
0.802
0.940
0.735
0.837
0.602
0.602
0.584
0.881
0.679
0.484
0.421
0.261
0.309
0.793
0.687
0.940
0.895
0.972
0.765
0.906
0.870
0.758
0.677
0.467
0.350
0.668
0.736
0.481
0.530
0.664
0.765
1.110
0.767
1.043
1.019
0.996
0.964
1.032
0.951
1.019
1.019
0.997
1.000
0.835
0.988
0.877
0.326
0.342
0.188
0.304
0.250
0.228
0.188
0.215
0.188
0.202
0.104
0.209
0.117
0.128
0.165
0.000
0.173
0.209
0.304
0.245
0.202
0.202
0.250
0.239
0.209
0.202
0.202
0.165
0.157
0.239
0.209
0.165
0.074
0.000
0.000
0.157
0.090
0.074
0.000
0.074
0.000
0.000
0.074
0.000
0.000
0.117
0.074
0.157
0.117
0.000
0.000
0.138
0.000
0.000
0.128
0.000
0.188
0.000
0.000
0.148
0.000
0.000
0.157
0.138
0.000
0.090
0.000
0.000
0.000
0.000
0.000
0.074
0.000
0.000
0.000
0.000
0.181
0.000
0.052
0.000
0.000
0.000
0.000
0.000
0.000
0.000
0.104
0.090
0.000
0.000
0.000
0.000
0.000
0.117
0.000
0.000
0.090
0.000
0.000
0.188
0.000
0.000
0.000
0.000
0.000
0.000
0.000
0.000
0.128
0.000
0.000
0.000
0.000
0.000
0.233
0.318
0.309
0.376
0.498
0.584
0.654
0.380
0.000
0.000
0.000
0.000
0.090
0.000
0.128
0.000
0.074
0.090
0.000
0.173
0.104
0.000
0.090
0.000
0.074
0.000
0.157
0.000
0.052
0.000
0.000
0.000
0.090
0.000
0.000
0.117
0.000
0.000
0.000
0.148
0.000
0.000
0.000
0.000
0.074
0.000
0.000
0.000
0.000
0.000
0.181
0.000
0.000
0.000
0.000
0.000
0.000
0.000
0.052
0.000
0.000
0.000
0.000
0.000
0.000
0.117
0.000
0.000
0.000
0.090
0.000
0.000
0.000
0.000
0.000
0.000
0.000
0.239
0.387
0.525
0.681
0.702
0.881
0.861
0.622
0.365
0.555
0.455
0.540
0.611
0.495
0.662
0.633
0.595
0.525
0.631
0.579
0.613
0.434
0.547
0.586
0.506
0.644
0.727
0.819
0.790
0.780
0.829
0.866
0.633
0.550
0.604
0.812
0.591
0.607
0.861
0.867
0.904
0.901
0.772
0.720
0.700
0.847
0.824
0.790
0.907
0.421
0.090
0.215
0.128
0.286
0.148
0.181
0.309
0.256
0.157
0.195
0.369
0.271
0.464
0.527
0.613
0.683
0.753
0.851
0.847
0.774
0.704
0.835
0.593
0.484
0.609
0.658
0.738
0.716
0.858
0.781
0.776
0.584
0.835
0.455
0.369
0.484
0.600
0.855
0.725
0.591
1.040
0.837
0.898
0.693
0.209
0.173
0.148
0.000
0.641
0.698
0.473
0.461
0.387
0.250
0.519
0.394
0.398
0.552
0.276
0.261
0.195
0.117
0.181
0.000
0.000
0.074
0.090
0.052
0.689
0.565
0.117
0.560
0.484
0.157
0.138
0.090
0.148
0.271
0.181
0.404
0.346
0.000
0.117
0.498
0.593
0.487
0.764
0.373
0.511
0.664
0.693
0.346
0.326
0.404
0.555
0.827
0.639
0.261
0.498
0.817
0.691
0.467
0.157
0.157
0.074
0.090
0.074
0.117
0.188
0.000
0.000
0.104
0.104
0.000
0.074
0.052
0.000
0.090
0.148
0.090
0.000
0.000
0.000
0.000
0.052
0.052
0.074
0.000
0.128
0.000
0.000
0.000
0.000
0.000
0.000
0.052
0.000
0.104
0.128
0.000
0.104
0.138
0.181
0.000
0.128
0.000
0.000
0.000
0.000
0.000
0.000
0.000
0.000
0.000
0.000
0.000
0.104
0.138
0.000
0.000
0.000
0.000
0.000
0.000
0.000
0.000
0.000
0.000
0.000
0.000
0.000
0.000
0.000
0.000
0.000
0.000
0.090
0.000
0.000
0.000
0.000
0.000
0.000
0.000
0.117
0.000
0.090
0.000
0.000
0.000
0.000
0.000
0.000
0.000
0.138
0.000
0.000
0.000
0.090
0.148
0.052
0.128
0.000
0.000
0.000
0.000
0.000
0.000
0.000
0.000
0.000
0.000
0.000
0.000
0.000
0.000
0.000
0.165
0.052
0.000
0.157
0.128
0.000
0.000
0.000
0.000
0.000
0.000
0.000
0.000
0.000
0.000
0.052
0.181
0.148
0.000
0.074
0.000
0.128
0.000
0.000
0.000
0.000
0.074
0.000
0.074
0.000
0.000
0.000
0.052
0.000
0.000
0.000
0.000
0.000
0.000
0.000
0.000
0.000
0.000
0.000
0.000
0.000
0.000
0.000
0.000
0.000
0.000
0.000
0.000
0.000
0.000
0.000
0.000
0.000
0.052
0.000
0.000
0.000
0.000
0.000
0.000
0.000
0.000
0.000
0.000
0.000
0.000
0.052
0.000
0.000
0.104
0.000
0.000
0.128
0.000
0.090
0.000
0.000
0.000
0.000
0.000
0.000
0.090
0.000
0.000
0.000
0.000
0.000
0.000
0.000
0.000
0.000
0.000
0.000
0.074
0.000
0.000
0.000
0.000
0.000
0.000
0.000
0.000
0.000
0.000
0.000
0.000
0.000
0.000
0.000
0.000
0.000
0.000
0.000
0.000
0.000
0.000
0.074
0.000
0.000
0.000
0.000
0.000
0.000
0.000
0.000
0.000
0.000
0.000
0.052
0.000
0.000
0.000
0.000
0.000
0.000
0.000
0.173
0.000
0.000
0.000
0.000
0.000
0.000
0.000
0.000
0.000
0.000
0.000
0.104
0.000
0.000
0.157
0.000
0.000
0.090
0.000
0.000
0.000
0.000
0.000
0.000
0.000
0.074
0.000
0.074
0.000
0.000
0.000
0.000
0.090
0.090
0.000
0.000
0.000
0.000
0.000
0.000
0.000
0.000
0.000
0.000
0.000
0.000
0.000
0.000
0.000
0.074
0.000
0.090
0.000
0.052
0.000
0.000
0.000
0.000
0.000
0.309
0.261
0.404
0.330
0.334
0.181
0.318
0.509
0.689
0.584
0.414
0.228
0.266
0.148
0.117
0.148
0.000
0.074
0.052
0.000
0.000
0.117
0.000
0.000
0.467
0.334
0.408
0.387
0.221
0.458
0.309
0.452
0.376
0.304
0.221
0.181
0.104
0.074
0.104
0.000
0.000
0.000
0.052
0.000
0.408
0.300
0.421
0.418
0.313
0.376
0.281
0.286
0.157
0.286
0.511
0.545
0.492
0.195
0.215
0.408
0.525
0.574
0.322
0.300
0.443
0.369
0.517
0.467
0.376
0.309
0.245
0.487
0.604
0.557
0.718
0.595
0.727
0.693
0.424
0.384
0.574
0.731
0.718
0.883
0.738
0.892
0.691
0.725
0.822
0.762
0.644
0.718
0.776
0.756
0.481
0.157
0.074
0.181
0.427
0.365
0.157
0.173
0.467
0.611
0.696
0.074
0.165
0.104
0.138
0.376
0.239
0.261
0.188
0.173
0.128
0.104
0.104
0.000
0.052
0.000
0.000
0.000
0.000
0.000
0.052
0.000
0.052
0.052
0.000
0.000
0.000
0.052
0.000
0.000
0.000
0.000
0.000
0.090
0.128
0.000
0.503
0.519
0.527
0.295
0.286
0.188
0.209
0.181
0.148
0.000
0.117
0.000
0.000
0.000
0.000
0.165
0.000
0.000
0.000
0.052
0.000
0.148
0.000
0.000
0.000
0.000
0.052
0.000
0.000
0.000
0.000
0.000
0.000
0.000
0.000
0.000
0.000
0.165
0.000
0.074
0.090
0.000
0.000
0.000
0.000
0.128
0.000
0.104
0.000
0.000
0.209
0.195
0.000
0.000
0.000
0.000
0.000
0.000
0.000
0.000
0.000
0.000
0.000
0.000
0.000
0.000
0.000
0.000
0.117
0.000
0.000
0.000
0.000
0.000
0.000
0.000
0.000
0.000
0.000
0.000
0.000
0.074
0.000
0.000
0.000
0.000
0.000
0.000
0.000
0.000
0.000
0.000
0.000
0.000
0.000
0.000
0.000
0.000
0.000
0.000
0.000
0.000
0.000
0.000
0.000
0.000
0.000
0.000
0.090
0.000
0.157
0.000
0.000
0.000
0.000
0.000
0.000
0.000
0.000
0.000
0.000
0.000
0.000
0.000
0.000
0.000
0.000
0.000
0.000
0.000
0.000
0.000
0.000
0.000
0.000
0.000
0.000
0.000
0.000
0.000
0.000
0.000
0.000
0.000
0.188
0.000
0.000
0.000
0.000
0.104
0.074
0.195
0.128
0.000
0.117
0.128
0.090
0.128
0.104
0.117
0.138
0.165
0.128
0.128
0.052
0.104
0.138
0.090
0.000
0.000
0.000
0.052
0.173
0.074
0.117
0.202
0.276
0.522
0.607
0.742
0.793
0.607
0.408
0.532
0.473
0.346
0.427
0.532
0.577
0.384
0.498
0.481
0.414
0.527
0.291
0.394
0.209
0.215
0.291
0.376
0.334
0.373
0.391
0.295
0.304
0.266
0.261
0.411
0.401
0.291
0.597
0.509
0.498
0.362
0.404
0.342
0.452
0.354
0.611
0.464
0.965
0.620
0.641
0.239
0.666
0.506
0.195
0.584
0.503
0.467
0.509
0.492
0.567
0.346
0.572
0.394
0.430
0.365
0.250
0.291
0.418
0.408
0.702
0.809
0.644
0.700
0.517
0.452
0.764
0.514
0.735
0.458
0.404
0.338
0.202
0.266
0.365
0.530
0.487
0.464
0.837
0.525
0.626
0.720
0.795
0.790
0.958
0.792
0.843
0.884
0.792
0.990
1.047
1.036
1.047
0.922
0.683
0.877
0.527
0.702
0.693
0.542
0.421
0.449
0.398
0.440
0.354
0.401
0.362
0.511
0.903
1.072
0.772
0.673
0.746
0.373
0.427
0.326
0.394
0.727
0.824
0.972
1.036
1.024
0.864
0.940
0.735
0.673
0.656
0.880
0.838
0.965
0.912
0.941
0.977
0.942
0.805
0.870
0.913
0.780
0.401
0.490
0.671
0.586
0.525
0.138
0.195
0.090
0.000
0.000
0.000
0.000
0.173
0.256
0.104
0.000
0.000
0.074
0.000
0.128
0.000
0.074
0.157
0.000
0.000
0.401
0.506
0.685
0.626
0.679
0.698
0.751
0.604
0.424
0.414
0.338
0.266
0.309
0.326
0.398
0.271
0.443
0.467
0.387
0.414
0.291
0.495
0.975
0.611
0.691
0.569
0.792
0.897
0.738
0.721
0.921
0.662
0.812
0.975
0.909
0.900
0.963
1.009
0.694
0.525
0.769
0.851
0.881
1.019
1.036
0.681
0.228
0.188
0.498
0.912
0.675
0.607
0.830
0.814
0.693
0.609
0.597
0.245
0.250
0.181
0.487
0.427
0.503
0.530
0.322
0.338
0.455
0.398
0.449
0.490
0.511
0.414
0.342
0.427
0.648
0.478
0.455
0.437
0.470
0.304
0.322
0.380
0.487
0.635
0.506
0.537
0.408
0.411
0.358
0.694
0.909
0.961
0.514
0.461
0.679
0.604
0.562
0.708
0.318
0.421
0.434
0.517
0.478
0.525
0.261
0.729
0.635
0.461
0.470
0.631
0.514
0.411
0.424
0.330
0.394
0.256
0.291
0.476
0.498
0.440
0.721
0.401
0.387
0.765
0.886
0.749
0.747
0.886
1.031
1.011
1.023
0.931
0.851
0.845
0.967
1.035
1.027
0.910
0.912
0.514
0.644
0.675
0.547
0.656
0.369
0.487
0.421
0.414
0.537
0.358
0.430
0.418
0.391
0.391
0.498
0.569
0.334
0.430
0.276
0.354
0.473
0.542
0.506
0.384
0.525
0.446
0.467
0.455
0.470
0.495
0.221
0.481
0.266
0.557
0.535
0.668
0.387
0.309
0.228
0.443
0.780
1.043
0.586
0.579
1.016
0.922
0.869
0.517
0.173
0.000
0.173
0.550
0.677
0.577
0.228
0.358
0.157
0.074
0.000
0.052
0.000
0.000
0.000
0.000
0.295
0.449
0.245
0.245
0.797
0.581
0.434
0.418
0.611
0.600
0.261
0.532
0.481
0.764
0.595
0.704
0.928
0.522
0.221
0.228
0.181
0.157
0.000
0.000
0.000
0.117
0.117
0.000
0.000
0.090
0.000
0.000
0.000
0.000
0.584
0.567
0.256
0.074
0.128
0.074
0.689
0.736
0.716
0.644
0.615
0.519
0.398
0.742
0.742
0.780
0.593
0.509
0.404
0.427
0.557
0.827
0.391
0.740
0.588
0.574
0.814
0.644
0.716
0.714
0.850
0.928
0.990
0.691
0.729
0.609
0.506
0.838
0.898
0.827
0.716
0.769
0.637
0.721
0.702
0.607
0.853
0.850
0.886
0.749
0.572
0.815
0.892
0.856
1.031
1.040
0.909
0.965
0.731
0.758
0.740
1.041
0.547
0.660
0.427
0.547
0.562
0.618
0.384
0.591
0.535
0.467
0.537
0.584
0.476
0.602
0.481
0.552
0.550
0.458
0.281
0.550
0.532
0.562
0.746
0.783
0.965
1.000
0.926
1.015
1.054
1.019
0.810
1.018
1.001
1.040
1.026
1.031
1.030
0.837
0.866
0.957
0.851
0.798
0.725
0.514
0.607
0.631
0.704
1.032
0.772
0.609
0.509
0.484
0.855
0.764
0.404
0.552
0.555
0.671
0.434
0.562
0.522
0.660
0.542
0.398
0.387
0.365
0.342
0.581
0.443
0.679
0.762
0.788
0.727
0.662
1.005
0.830
0.951
0.997
0.906
0.957
0.950
1.027
0.985
1.065
1.004
1.033
1.000
0.552
0.304
0.322
0.276
0.295
0.245
0.391
0.295
0.215
0.228
0.281
0.295
0.271
0.446
0.398
0.291
0.281
0.291
0.362
0.261
0.165
0.256
0.394
0.266
0.334
0.304
0.256
0.304
0.387
0.239
0.295
0.291
0.430
0.380
0.266
0.271
0.398
0.245
0.387
0.350
0.173
0.104
0.354
0.228
0.401
0.391
0.358
0.304
0.128
0.384
0.365
0.334
0.384
0.334
0.291
0.300
0.404
0.376
0.322
0.369
0.338
0.384
0.326
0.322
0.286
0.281
0.266
0.228
0.300
0.300
0.188
0.276
0.104
0.173
0.000
0.202
0.128
0.181
0.250
0.266
0.342
0.195
0.181
0.173
0.532
0.309
0.233
0.245
0.233
0.286
0.271
0.256
0.266
0.165
0.245
0.304
0.202
0.202
0.173
0.384
0.221
0.281
0.304
0.188
0.266
0.148
0.117
0.148
0.256
0.128
0.104
0.681
0.586
0.181
0.221
0.165
0.173
0.165
0.074
0.052
0.000
0.000
0.138
0.000
0.250
0.138
0.148
0.000
0.157
0.157
0.104
0.000
0.138
0.000
0.000
0.074
0.104
0.000
0.000
0.000
0.138
0.000
0.000
0.000
0.000
0.000
0.148
0.000
0.000
0.000
0.000
0.000
0.000
0.000
0.000
0.000
0.000
0.157
0.000
0.117
0.000
0.104
0.104
0.128
0.000
0.104
0.000
0.052
0.000
0.000
0.000
0.000
0.000
0.000
0.148
0.165
0.000
0.000
0.000
0.418
0.545
0.326
0.473
0.398
0.495
0.424
0.318
0.165
0.117
0.104
0.090
0.117
0.104
0.239
0.074
0.000
0.000
0.090
0.165
0.052
0.173
0.074
0.052
0.052
0.148
0.138
0.052
0.195
0.165
0.128
0.209
0.188
0.074
0.117
0.148
0.414
0.452
0.209
0.181
0.202
0.195
0.104
0.209
0.165
0.138
0.188
0.188
0.148
0.117
0.148
0.090
0.271
0.181
0.181
0.148
0.202
0.256
0.181
0.181
0.202
0.090
0.148
0.195
0.188
0.090
0.000
0.173
0.128
0.228
0.157
0.000
0.362
0.362
0.233
0.691
0.746
0.704
0.733
0.637
0.574
0.334
0.380
0.560
0.646
0.714
0.814
0.668
0.788
0.498
0.365
0.723
0.650
0.461
0.635
0.350
0.562
0.593
0.727
0.591
0.550
0.478
0.503
0.677
0.753
0.565
0.765
0.872
0.978
1.075
1.062
1.045
0.769
0.780
0.963
0.904
0.866
0.900
0.967
1.015
0.832
0.611
0.461
0.233
0.209
0.128
0.000
0.519
0.354
0.514
0.309
0.749
0.706
0.639
0.537
0.631
0.380
0.577
0.675
0.498
0.481
0.648
0.470
0.418
0.542
0.434
0.687
0.691
0.769
0.729
0.746
0.861
0.922
0.904
0.903
0.859
0.951
0.755
0.595
0.662
0.656
0.600
0.490
0.530
0.560
0.658
0.771
0.710
0.792
0.704
0.772
0.856
0.881
0.982
0.947
0.591
0.812
0.886
0.547
0.256
0.683
0.648
0.693
0.912
1.001
1.028
0.989
0.658
0.641
0.446
0.286
0.633
0.455
0.511
0.624
0.731
0.421
0.535
0.362
0.552
0.418
0.664
0.650
0.476
0.785
0.800
0.941
0.786
0.786
0.817
0.604
0.365
0.530
0.817
0.666
0.698
0.700
0.550
0.714
0.631
0.557
0.414
0.478
0.602
0.350
0.624
0.384
0.668
0.522
0.430
0.414
0.398
0.384
0.334
0.387
0.673
0.785
0.772
0.593
0.744
0.901
0.900
0.895
1.018
0.918
0.944
0.993
0.886
0.664
0.819
0.618
0.446
0.807
0.878
0.681
0.503
0.481
0.484
0.506
0.362
0.384
0.530
0.792
0.609
