0.690
0.725
0.632
0.758
0.784
0.749
0.833
0.993
0.831
0.990
0.972
0.974
1.005
1.048
0.621
0.976
0.861
0.681
0.807
0.553
0.650
0.667
0.623
0.648
0.444
0.551
0.458
0.502
0.866
0.625
0.516
0.466
0.238
0.447
0.419
0.337
0.631
0.544
0.519
0.516
0.544
0.302
0.318
0.455
0.718
0.302
0.533
0.787
0.893
0.979
0.972
0.969
0.952
1.038
1.020
0.962
0.793
1.052
0.916
0.949
0.843
1.001
1.026
1.010
0.940
1.001
0.739
0.784
0.497
0.504
0.502
0.767
0.378
0.455
0.351
0.322
0.388
0.537
0.605
0.558
0.416
0.298
0.667
0.582
0.422
0.258
0.272
0.455
0.461
0.404
0.646
0.521
0.742
0.747
0.607
0.631
0.670
0.553
0.577
0.674
0.680
0.699
0.463
0.533
0.330
0.487
0.750
0.665
0.790
0.665
0.786
0.818
0.642
0.699
0.689
0.365
0.706
0.657
0.697
0.670
0.737
0.807
0.878
0.845
0.859
0.642
0.687
0.706
0.497
0.657
0.821
0.848
0.836
0.842
0.706
0.398
0.365
0.494
1.013
0.670
0.720
0.650
0.494
0.659
0.936
0.663
0.829
0.974
0.940
0.919
0.914
0.980
1.034
1.054
1.053
1.035
0.494
0.157
0.217
0.157
0.149
0.494
0.754
0.949
0.833
0.899
0.923
1.010
0.717
0.824
0.944
0.722
0.422
0.655
0.590
0.469
0.594
0.657
0.605
0.410
0.697
0.394
0.302
0.699
0.318
0.375
0.494
0.631
0.582
0.482
0.706
0.696
0.715
0.640
0.516
0.553
0.401
0.607
0.444
0.362
0.394
0.564
0.489
0.453
0.533
0.419
0.398
0.747
0.516
0.382
0.388
0.422
0.382
0.499
0.450
0.469
0.455
0.330
0.646
0.710
0.787
0.924
0.856
0.582
0.795
0.845
0.613
0.763
0.784
0.627
0.556
0.795
0.407
0.605
0.767
0.849
0.567
0.567
0.701
0.760
0.667
0.846
0.873
0.752
0.956
0.916
0.757
0.869
0.629
0.754
0.724
0.690
0.425
0.531
0.560
0.907
0.955
0.859
1.005
0.993
1.032
0.750
0.789
0.824
1.002
0.674
0.821
0.928
0.640
0.425
0.689
0.669
0.492
0.710
0.703
0.720
0.881
0.916
0.958
0.923
0.663
0.715
0.790
0.853
0.730
0.447
0.388
0.372
0.382
0.507
0.439
0.737
0.596
0.697
0.535
0.567
0.330
0.416
0.407
0.422
0.577
0.952
0.549
0.553
0.422
0.600
0.471
0.217
0.615
0.535
0.654
0.425
0.419
0.442
0.463
0.444
0.444
0.444
0.398
0.547
0.619
0.586
0.398
0.410
0.732
0.617
0.798
0.715
0.631
0.918
0.760
0.885
0.507
0.676
0.801
0.903
0.479
0.711
0.848
0.784
0.856
0.849
0.869
0.497
0.775
0.632
0.648
0.978
0.820
0.779
0.909
0.932
1.045
0.907
0.955
0.744
0.711
0.521
0.471
0.680
0.469
0.447
0.253
0.378
0.497
0.458
0.661
0.826
0.461
0.826
0.918
0.885
0.619
0.625
0.594
0.924
1.052
0.592
0.837
0.897
1.070
1.015
0.818
0.762
0.920
0.991
1.017
0.654
0.665
0.596
0.893
0.939
0.816
0.735
0.762
0.834
0.813
0.901
0.936
0.710
0.697
0.600
0.487
0.588
0.479
0.453
0.489
0.302
0.365
0.355
0.482
0.598
0.419
0.784
0.680
0.519
0.425
0.404
0.378
0.391
0.322
0.326
0.372
0.385
0.575
0.663
0.372
0.715
0.640
0.592
0.737
0.861
0.803
0.629
0.655
0.547
0.477
0.573
0.590
0.579
0.803
0.659
0.773
0.678
0.659
0.815
0.778
0.413
0.487
0.790
0.804
0.775
0.732
0.823
0.549
0.734
0.778
0.725
0.594
0.763
0.732
0.615
0.678
0.519
0.625
0.528
0.533
0.613
0.436
0.542
0.978
0.551
0.935
0.646
0.461
0.823
0.879
0.866
0.770
0.781
0.758
0.734
0.627
0.450
0.542
0.655
0.504
0.487
0.735
0.806
0.935
1.013
0.831
0.333
0.713
0.567
0.745
0.846
0.945
0.842
0.932
0.787
0.892
0.967
0.952
0.998
0.978
0.875
0.762
0.924
0.747
0.792
0.644
0.416
0.344
0.494
0.512
0.629
0.689
0.600
0.489
0.512
0.474
0.413
0.556
0.310
0.413
0.575
0.650
0.724
0.757
0.727
0.739
0.779
0.846
0.787
0.703
0.436
0.416
0.337
0.372
0.294
0.333
0.205
0.172
0.157
0.141
0.070
0.165
0.192
0.689
0.907
0.430
0.710
0.978
0.976
0.887
0.687
0.798
0.918
0.875
0.965
0.883
1.039
0.960
0.455
0.703
0.900
0.598
0.243
0.277
0.268
0.258
0.272
0.302
0.302
0.263
0.228
0.157
0.419
0.318
0.302
0.233
0.369
0.263
0.365
0.358
0.294
0.272
0.306
0.318
0.318
0.326
0.149
0.243
0.238
0.348
0.294
0.205
0.355
0.314
0.318
0.263
0.272
0.248
0.263
0.228
0.326
0.369
0.482
0.238
0.330
0.318
0.314
0.263
0.268
0.268
0.238
0.310
0.290
0.149
0.111
0.000
0.141
0.165
0.222
0.000
0.000
0.000
0.000
0.000
0.070
0.122
0.000
0.149
0.000
0.111
0.000
0.131
0.111
0.000
0.000
0.050
0.131
0.086
0.000
0.172
0.000
0.111
0.000
0.141
0.131
0.000
0.000
0.000
0.000
0.000
0.000
0.000
0.050
0.000
0.050
0.000
0.000
0.000
0.000
0.277
0.365
0.179
0.070
0.179
0.111
0.111
0.000
0.131
0.099
0.205
0.070
0.233
0.172
0.179
0.111
0.186
0.165
0.205
0.157
0.222
0.205
0.211
0.141
0.086
0.149
0.186
0.141
0.205
0.172
0.165
0.192
0.192
0.298
0.222
0.099
0.238
0.157
0.186
0.172
0.362
0.463
0.290
0.205
0.217
0.243
0.263
0.149
0.192
0.272
0.263
0.157
0.243
0.248
0.217
0.233
0.238
0.165
0.281
0.253
0.263
0.222
0.290
0.281
0.233
0.111
0.149
0.157
0.192
0.179
0.131
0.149
0.192
0.165
0.070
0.070
0.000
0.050
0.099
0.050
0.000
0.000
0.131
0.086
0.233
0.000
0.000
0.000
0.000
0.281
0.430
0.623
0.770
0.840
0.800
0.742
0.858
0.489
0.866
0.710
0.798
0.715
0.621
0.605
0.502
0.524
0.502
0.621
0.388
0.416
0.569
0.238
0.526
0.322
0.413
0.272
0.306
0.310
0.290
0.442
0.577
0.398
0.638
0.613
0.549
0.375
0.461
0.521
0.477
0.535
0.302
0.388
0.382
0.442
0.375
0.439
0.222
0.579
0.509
0.489
0.533
0.358
0.466
0.362
0.492
0.477
0.469
0.385
0.391
0.461
0.362
0.447
0.199
0.222
0.326
0.258
0.351
0.502
0.217
0.391
0.372
0.609
0.442
0.348
0.715
0.706
0.619
0.875
0.915
0.912
0.960
0.905
0.812
0.830
0.775
0.928
1.028
1.010
0.928
0.615
0.926
0.986
0.957
1.000
0.607
0.827
0.789
0.903
0.790
0.905
0.768
0.883
0.466
0.528
0.410
0.547
0.535
0.542
0.401
0.375
0.362
0.621
0.792
0.596
0.526
0.594
0.667
0.394
0.678
0.442
0.551
0.521
0.391
0.394
0.544
0.233
0.433
0.533
0.469
0.697
0.701
0.547
0.646
0.447
0.404
0.398
0.369
0.469
0.298
0.322
0.447
0.461
0.333
0.407
0.492
0.471
0.444
0.439
0.644
0.605
0.243
0.388
0.385
0.337
0.355
0.314
0.560
0.355
0.419
0.407
0.314
0.433
0.455
0.502
0.562
0.588
0.444
0.547
0.727
0.644
0.667
0.724
0.720
0.631
0.502
0.586
0.577
0.602
0.800
0.663
0.789
0.672
0.657
0.683
0.556
0.701
0.894
0.836
0.894
0.609
0.588
0.577
0.740
0.526
0.650
0.730
0.678
0.859
0.703
0.504
0.425
0.502
0.611
0.663
0.579
0.787
0.903
0.773
0.849
0.600
0.960
1.018
0.804
0.941
0.964
0.931
0.966
0.967
0.611
0.809
0.659
0.692
0.680
0.504
0.752
0.897
1.001
1.011
0.996
0.996
0.784
0.739
0.786
0.864
0.711
0.815
0.362
0.575
0.526
0.584
0.492
0.494
0.401
0.394
0.484
0.375
0.294
0.497
0.484
0.594
0.562
0.285
0.667
0.605
0.646
0.469
0.663
0.734
0.789
0.859
0.868
0.768
0.883
0.868
0.938
1.010
0.985
0.941
1.030
1.010
0.976
0.995
1.009
0.976
1.002
0.947
1.002
0.627
0.839
0.823
0.667
0.602
0.433
0.455
0.928
0.567
0.277
0.238
0.450
0.285
0.344
0.439
0.560
0.654
0.713
0.718
0.494
0.615
0.718
0.970
1.049
1.066
1.055
0.909
0.824
0.750
0.605
0.683
0.849
0.918
0.988
0.980
0.957
0.962
0.852
0.896
0.704
0.803
0.754
0.710
0.745
0.629
0.388
0.499
0.442
0.687
0.516
0.433
0.694
0.461
0.248
0.394
0.447
0.502
0.310
0.806
0.724
0.711
0.492
0.678
0.596
0.398
0.337
0.253
0.285
0.272
0.382
0.404
0.569
0.499
0.382
0.419
0.528
0.676
0.638
0.455
0.553
0.551
0.549
0.600
0.492
0.322
0.341
0.482
0.436
0.407
0.388
0.735
0.740
0.492
0.444
0.567
0.540
0.479
0.594
0.369
0.442
0.365
0.463
0.502
0.222
0.358
0.427
0.519
0.592
0.758
0.851
0.757
0.935
1.001
1.030
0.952
0.812
0.562
0.615
0.654
0.519
0.521
0.442
0.547
0.469
0.450
0.690
0.584
0.514
0.631
0.504
0.547
0.711
0.427
1.022
0.872
0.745
0.638
0.837
0.873
0.711
0.560
0.413
0.466
0.560
0.471
0.455
0.398
0.765
0.725
0.696
0.813
0.985
0.762
0.758
0.960
1.058
0.996
0.931
1.035
1.046
0.911
0.996
0.803
0.747
0.846
0.859
0.994
0.961
0.953
0.905
0.965
0.795
0.631
0.598
0.444
0.494
0.243
0.410
0.337
0.521
0.683
0.542
0.596
0.621
0.358
0.427
0.330
0.277
0.477
0.458
0.492
0.404
0.690
0.815
0.849
0.556
0.663
0.717
0.632
0.631
0.385
0.330
0.636
0.750
0.621
0.729
0.678
0.598
0.730
0.661
0.663
0.685
0.752
0.745
0.742
0.640
0.758
0.800
0.678
0.458
0.427
0.602
0.602
0.720
0.720
0.750
0.765
0.840
0.873
0.617
0.598
0.558
0.672
0.526
0.509
0.482
0.560
0.540
0.553
0.569
0.966
0.579
0.918
0.809
0.939
0.602
0.611
0.533
0.948
0.724
0.718
0.588
0.747
0.665
0.609
0.531
0.768
0.826
0.875
0.846
0.935
0.852
0.330
0.724
0.586
0.348
0.351
0.238
0.222
0.050
0.205
0.131
0.131
0.165
0.141
0.149
0.131
0.172
0.141
0.141
0.099
0.111
0.086
0.157
0.157
0.186
0.165
0.099
0.157
0.149
0.157
0.268
0.337
0.217
0.233
0.192
0.122
0.243
0.258
0.253
0.228
0.233
0.192
0.253
0.199
0.248
0.233
0.263
0.228
0.248
0.233
0.149
0.228
0.192
0.172
0.149
0.149
0.149
0.157
0.199
0.243
0.222
0.217
0.157
0.179
0.157
0.186
0.243
0.141
0.258
0.205
0.294
0.238
0.205
0.141
0.122
0.205
0.165
0.165
0.228
0.179
0.172
0.294
0.238
0.099
0.086
0.070
0.149
0.086
0.000
0.070
0.149
0.141
0.000
0.000
0.141
0.000
0.050
0.050
0.000
0.000
0.277
0.450
0.248
0.333
0.613
0.792
0.484
0.365
0.592
0.535
0.758
0.900
1.006
1.017
1.029
0.943
0.905
0.846
0.807
0.890
0.945
0.824
0.341
0.516
0.750
0.795
0.654
0.544
0.391
0.672
0.623
0.544
0.487
0.388
0.514
0.458
0.474
0.298
0.375
0.512
0.489
0.577
0.837
0.499
0.504
0.547
0.582
0.528
0.372
0.556
0.369
0.375
0.404
0.646
0.776
0.718
0.586
0.807
0.661
0.650
0.754
0.830
0.690
0.842
0.789
0.829
0.768
0.497
0.739
0.826
0.690
0.419
0.410
0.648
0.507
0.272
0.341
0.398
0.504
0.358
0.199
0.111
0.205
0.000
0.179
0.070
0.253
0.535
0.450
0.281
0.217
0.238
0.205
0.233
0.172
0.165
0.000
0.122
0.000
0.000
0.131
0.000
0.000
0.000
0.000
0.648
0.439
0.165
0.099
0.157
0.268
0.290
0.298
0.294
0.243
0.122
0.122
0.111
0.000
0.099
0.099
0.111
0.050
0.000
0.070
0.000
0.000
0.000
0.000
0.086
0.000
0.000
0.000
0.050
0.000
0.000
0.070
0.000
0.000
0.000
0.000
0.131
0.070
0.000
0.000
0.000
0.000
0.199
0.199
0.111
0.165
0.122
0.070
0.099
0.000
0.141
0.070
0.099
0.086
0.149
0.471
0.535
0.537
0.690
0.757
0.425
0.742
0.596
0.692
0.598
0.524
0.519
0.696
0.820
0.984
0.846
0.302
0.864
0.966
0.852
0.607
0.674
0.920
0.742
0.939
0.758
0.894
0.640
0.729
0.806
0.750
0.665
0.474
0.834
0.752
0.484
0.636
0.864
1.000
0.882
1.001
0.846
0.636
0.893
0.809
0.816
0.694
0.842
0.869
0.914
0.960
0.904
0.851
0.949
0.697
0.654
0.528
0.416
0.526
0.674
0.602
0.669
0.609
0.281
0.172
0.000
0.000
0.385
0.341
0.122
0.070
0.348
0.391
0.430
0.333
0.277
0.385
0.453
0.337
0.375
0.463
0.588
0.602
0.453
0.760
0.611
0.699
0.631
0.450
0.669
0.466
0.661
0.629
0.571
0.696
0.533
0.842
0.692
0.659
0.757
0.781
0.889
0.859
0.842
0.855
0.993
0.986
1.006
1.007
0.918
1.000
0.957
0.969
0.934
0.899
0.706
0.793
0.903
0.763
0.754
0.385
0.535
0.504
0.699
0.636
0.569
0.579
0.692
0.919
0.941
1.033
0.868
0.905
0.989
0.904
1.026
1.043
1.027
1.026
1.010
0.986
0.944
0.926
0.996
0.945
0.740
0.558
0.747
0.958
0.927
0.450
0.358
0.564
0.494
0.391
0.469
0.692
0.337
0.602
0.634
0.571
0.544
0.471
0.727
0.596
0.654
0.627
0.778
0.659
0.556
0.577
0.586
0.365
0.427
0.551
0.388
0.528
0.494
0.497
0.567
0.394
0.355
0.667
0.638
0.763
0.644
0.706
0.798
0.763
0.771
0.767
0.676
0.824
0.806
0.775
0.855
0.858
0.792
0.526
0.519
0.588
0.592
0.551
0.640
0.573
0.685
0.588
0.537
0.507
0.516
0.388
0.717
0.547
0.646
0.713
0.482
0.646
0.514
0.533
0.562
0.739
0.710
0.642
0.479
0.372
0.433
0.494
0.564
0.322
0.631
0.564
0.205
0.281
0.394
0.407
0.422
0.717
0.690
1.015
0.911
0.755
0.866
0.928
0.955
0.851
1.012
1.041
1.032
0.969
0.887
1.027
0.975
0.824
0.920
1.010
0.866
0.730
0.786
0.778
0.783
0.681
0.644
0.784
0.497
0.562
0.560
0.737
0.625
0.584
0.404
0.509
0.516
0.463
0.369
0.479
0.469
0.394
0.355
0.544
0.469
0.642
0.502
0.747
0.818
0.669
0.843
0.781
0.542
0.813
0.734
0.773
0.826
0.711
0.613
0.849
0.843
0.949
0.676
0.831
1.001
0.927
0.990
0.636
0.388
0.540
0.573
0.469
0.821
0.779
0.507
0.487
0.646
0.351
0.337
0.407
0.211
0.217
0.228
0.285
0.298
0.680
0.544
0.217
0.199
0.186
0.172
0.141
0.141
0.199
0.302
0.263
0.233
0.228
0.141
0.588
0.879
0.957
1.027
1.009
1.084
1.017
0.923
0.765
0.711
0.621
0.632
0.455
0.619
0.800
0.875
0.735
0.911
0.935
0.634
0.734
0.941
0.924
1.043
0.889
0.830
0.920
0.732
0.355
0.621
0.722
0.851
0.829
0.792
0.846
0.818
0.815
0.789
0.824
0.896
0.672
0.837
0.864
0.924
0.873
0.322
0.444
0.398
0.553
0.439
0.419
0.330
0.433
0.477
0.734
0.442
0.752
0.687
0.516
0.337
0.625
0.648
0.762
0.784
0.787
0.652
0.734
0.582
0.830
0.531
0.632
0.685
0.701
0.681
0.773
0.868
0.734
0.600
0.852
0.745
0.598
0.762
0.864
1.032
0.678
0.815
0.944
0.923
0.971
0.322
0.558
0.575
0.885
0.878
0.749
0.611
0.596
0.986
0.703
0.783
0.927
0.711
0.632
0.615
0.575
0.427
0.341
0.524
0.646
0.588
0.487
0.385
0.253
0.298
0.351
0.436
0.318
0.497
0.497
0.512
0.685
0.401
0.562
0.469
0.492
0.584
0.455
0.388
0.524
0.407
0.391
0.537
0.535
0.535
0.596
0.582
0.375
0.281
0.277
0.277
0.322
0.344
0.199
0.365
0.337
0.322
0.205
0.285
0.222
0.233
0.355
0.285
0.442
0.369
0.385
0.372
0.938
0.436
0.708
0.972
1.041
1.053
0.687
0.995
0.869
0.890
0.708
0.872
0.988
1.036
0.958
1.022
1.040
1.032
0.915
0.991
0.999
1.006
0.936
0.742
0.800
0.644
0.598
0.362
0.362
0.362
0.375
0.362
0.455
0.344
0.556
0.535
0.410
0.535
0.507
0.535
0.556
0.582
0.479
0.410
0.413
0.575
0.717
0.528
0.594
0.407
0.442
0.489
0.290
0.487
0.333
0.632
0.436
0.404
0.669
0.685
0.831
0.638
0.607
0.654
0.588
0.579
0.436
0.477
0.619
0.560
0.199
0.179
0.611
0.657
0.422
0.238
0.172
0.199
0.592
0.385
0.179
0.542
0.577
0.710
0.504
0.855
0.715
0.615
0.745
0.740
0.648
0.715
0.636
0.710
0.564
0.588
0.447
0.540
0.330
0.479
0.482
0.638
0.697
0.528
0.444
0.455
0.477
0.430
0.351
0.378
0.404
0.306
0.322
0.341
0.410
0.453
0.502
0.556
0.330
0.310
0.582
0.469
0.537
0.631
0.790
0.471
0.670
0.773
0.795
0.778
0.792
0.778
0.858
0.798
0.661
0.644
0.747
0.920
0.810
0.943
0.892
0.821
0.839
0.433
0.272
0.268
0.172
0.070
0.149
0.131
0.099
0.122
0.050
0.111
0.050
0.205
0.111
0.165
0.179
0.000
0.172
0.131
0.050
0.070
0.410
0.509
0.537
0.687
0.524
0.672
0.792
0.749
1.006
0.964
0.938
0.969
0.882
0.957
0.953
0.582
0.050
0.507
0.749
0.427
0.141
0.000
0.186
0.141
0.086
0.800
0.699
0.820
0.806
0.638
0.648
0.516
0.749
0.916
0.967
0.704
0.694
0.779
1.032
0.993
1.045
1.063
0.965
0.810
1.013
0.798
0.875
0.575
0.994
0.960
0.928
0.967
0.947
0.984
0.717
0.670
0.607
0.294
0.504
0.358
0.382
0.416
0.450
0.533
0.388
0.551
0.547
0.507
0.507
0.391
0.382
0.463
0.458
0.355
0.461
0.519
0.375
0.586
0.453
0.644
0.636
0.644
0.579
0.579
0.655
0.762
0.657
0.839
0.768
0.773
0.839
0.798
0.899
0.853
0.975
0.996
1.005
0.778
0.893
0.993
0.893
0.718
0.427
0.739
0.537
0.699
0.564
0.526
0.611
0.562
0.711
0.391
0.680
0.634
0.768
0.833
0.617
0.754
0.600
0.535
0.348
0.504
0.401
0.461
0.306
0.577
0.657
0.410
0.602
0.355
0.732
0.401
0.348
0.519
0.290
0.344
0.482
0.322
0.436
0.302
0.310
0.375
0.365
0.310
0.398
0.497
0.598
0.823
1.035
1.028
1.033
0.909
0.879
1.001
0.956
1.011
1.020
1.023
0.718
0.980
0.962
0.951
1.021
1.007
0.991
0.955
0.820
0.694
0.436
0.528
0.466
0.600
0.890
0.594
0.419
0.509
0.433
0.444
0.427
0.560
0.725
0.687
0.680
0.855
0.730
0.754
0.903
0.762
0.786
0.859
0.904
0.912
0.964
0.956
0.663
0.263
0.281
0.248
0.248
0.263
0.277
0.333
0.310
0.122
0.337
0.243
0.310
0.365
0.337
0.268
0.165
0.228
0.369
0.192
0.310
0.149
0.318
0.318
0.333
0.122
0.141
0.172
0.141
0.000
0.086
0.000
0.111
0.000
0.099
0.050
0.165
0.000
0.111
0.070
0.131
0.000
0.157
0.111
0.000
0.099
0.141
0.000
0.000
0.000
0.131
0.000
0.099
0.000
0.000
0.000
0.070
0.000
0.131
0.000
0.141
0.141
0.000
0.000
0.000
0.000
0.000
0.000
0.000
0.000
0.000
0.000
0.000
0.000
0.000
0.000
0.000
0.000
0.000
0.000
0.111
0.000
0.000
0.000
0.000
0.000
0.050
0.000
0.000
0.000
0.000
0.000
0.000
0.000
0.000
0.000
0.000
0.000
0.199
0.000
0.000
0.000
0.000
0.000
0.000
0.000
0.000
0.000
0.000
0.000
0.375
0.385
0.243
0.302
0.369
0.433
0.404
0.351
0.413
0.172
0.263
0.000
0.217
0.141
0.099
0.172
0.086
0.000
0.000
0.000
0.000
0.122
0.000
0.000
0.000
0.050
0.000
0.000
0.000
0.000
0.000
0.000
0.000
0.086
0.050
0.000
0.000
0.000
0.000
0.000
0.050
0.122
0.000
0.111
0.000
0.000
0.000
0.000
0.000
0.000
0.000
0.000
0.000
0.122
0.000
0.000
0.000
0.000
0.000
0.450
0.388
0.318
0.186
0.149
0.268
0.258
0.222
0.131
0.157
0.199
0.268
0.285
0.263
0.277
0.179
0.141
0.179
0.000
0.318
0.290
0.211
0.000
0.217
0.186
0.268
0.165
0.131
0.149
0.172
0.099
0.000
0.000
0.122
0.000
0.000
0.000
0.157
0.149
0.000
0.000
0.000
0.000
0.000
0.000
0.000
0.000
0.000
0.000
0.000
0.000
0.070
0.000
0.000
0.192
0.000
0.000
0.000
0.000
0.000
0.000
0.000
0.000
0.000
0.000
0.000
0.000
0.000
0.000
0.000
0.000
0.000
0.000
0.000
0.000
0.000
0.050
0.000
0.000
0.000
0.000
0.000
0.000
0.000
0.000
0.000
0.131
0.000
0.000
0.000
0.000
0.070
0.000
0.000
0.000
0.000
0.000
0.000
0.000
0.099
0.000
0.000
0.000
0.000
0.000
0.000
0.000
0.000
0.000
0.000
0.000
0.000
0.000
0.000
0.122
0.410
0.516
0.692
0.922
0.859
0.793
0.962
0.930
0.907
0.919
0.602
0.590
0.694
0.549
0.378
0.567
0.789
0.920
0.815
0.621
0.803
0.516
0.644
0.784
0.509
0.528
0.873
0.697
0.609
0.722
0.524
0.644
0.773
1.038
1.073
0.979
1.013
0.839
0.998
1.048
0.994
0.687
0.391
0.070
0.000
0.000
0.000
0.141
0.192
0.050
0.000
0.157
0.050
0.000
0.050
0.000
0.000
0.000
0.131
0.000
0.000
0.050
0.131
0.000
0.192
0.000
0.149
0.141
0.000
0.000
0.000
0.111
0.000
0.086
0.000
0.000
0.000
0.000
0.000
0.455
0.544
0.725
0.787
0.928
1.017
0.932
0.865
0.763
0.803
0.732
0.461
0.718
0.494
0.378
0.302
0.382
0.531
0.358
0.502
0.648
0.378
0.394
0.516
0.466
0.458
0.537
0.294
0.355
0.528
0.502
0.521
0.388
0.703
0.652
0.650
0.584
0.489
0.634
0.540
0.840
0.547
0.455
0.070
0.000
0.086
0.494
0.391
0.447
0.447
0.358
0.512
0.535
0.821
0.775
0.540
0.990
0.611
0.889
0.711
0.936
0.826
0.544
0.528
0.551
0.444
0.558
0.650
0.701
0.810
0.869
0.852
1.006
0.784
0.871
0.943
0.991
0.893
0.629
0.783
0.469
0.514
0.575
0.337
0.594
0.436
0.372
0.165
0.577
0.816
0.519
0.537
0.742
0.851
0.907
0.771
0.715
0.632
0.650
0.509
0.461
0.826
1.017
1.080
0.778
0.681
0.936
1.021
1.060
1.023
1.047
1.060
1.040
0.999
1.012
1.020
0.988
1.020
1.006
0.611
0.678
0.558
0.699
0.453
0.450
0.310
0.416
0.344
0.455
0.596
0.556
0.690
0.680
0.560
0.453
0.413
0.598
0.484
0.401
0.535
0.404
0.531
0.600
0.762
0.730
0.932
0.729
0.708
0.657
0.487
0.479
0.636
0.681
0.689
0.858
0.903
0.948
0.940
0.720
0.775
0.678
0.869
0.793
0.683
0.680
0.727
0.752
0.681
0.735
0.708
0.326
0.233
0.000
0.000
0.000
0.492
0.502
0.375
0.172
0.149
0.192
0.594
0.375
1.102
1.017
0.729
0.754
0.732
0.665
0.674
0.659
0.531
0.745
0.744
0.711
0.907
0.978
1.018
1.045
1.029
1.015
0.990
0.755
1.004
0.958
0.873
0.458
0.263
0.413
0.469
0.627
0.562
0.690
0.499
0.348
0.365
0.477
0.385
0.579
0.516
0.621
0.341
0.623
0.573
0.551
0.542
0.640
0.644
0.537
0.605
0.535
0.672
0.621
0.544
0.669
0.786
0.739
0.655
0.683
0.524
0.672
0.586
0.644
0.750
0.732
0.735
0.745
0.697
0.586
0.704
0.770
0.856
0.887
0.627
0.687
0.732
0.792
0.735
0.582
0.722
0.889
0.801
0.945
0.665
0.842
0.843
0.584
0.507
0.609
0.674
0.717
0.575
0.433
0.494
0.627
0.680
0.333
0.238
0.141
0.086
0.141
0.086
0.558
0.542
0.310
0.238
0.205
0.248
0.233
0.398
0.337
0.157
0.157
0.165
0.099
0.000
0.000
0.131
0.070
0.131
0.050
0.111
0.070
0.086
0.205
0.000
0.050
0.000
0.099
0.000
0.000
0.086
0.131
0.000
0.000
0.000
0.000
0.248
0.310
0.430
0.537
0.526
0.407
0.351
0.521
0.330
0.341
0.474
0.337
0.248
0.419
0.512
0.355
0.484
0.482
0.487
0.540
0.528
0.569
0.413
0.416
0.674
0.745
0.813
0.952
1.000
1.009
0.922
0.955
1.049
1.041
1.028
1.036
0.919
0.964
1.001
0.915
0.834
0.474
0.669
0.909
0.952
0.952
0.648
0.990
0.727
0.617
0.575
0.450
0.407
0.410
0.378
0.602
0.458
0.388
0.567
0.579
0.474
0.482
0.494
0.165
0.192
0.122
0.000
0.607
0.634
0.337
0.398
0.149
0.243
0.131
0.000
0.000
0.000
0.070
0.000
0.000
0.410
0.499
0.524
0.422
0.634
0.348
0.348
0.453
0.519
0.795
0.644
0.699
0.487
0.665
0.553
0.569
0.680
0.588
0.711
0.717
0.752
0.737
0.792
0.732
0.767
0.821
0.969
0.831
0.787
0.755
0.650
0.810
0.694
0.678
0.669
0.636
0.650
0.837
0.750
0.497
0.627
0.858
0.401
0.582
0.602
0.586
0.781
0.436
0.665
0.784
0.800
0.879
0.652
0.739
0.592
0.416
0.404
0.611
0.369
0.258
0.186
0.172
0.070
0.122
0.000
0.000
0.131
0.514
0.430
0.258
0.199
0.157
0.268
0.466
0.243
0.537
0.217
0.355
0.172
0.285
0.330
0.070
0.141
0.086
0.351
0.413
0.272
0.455
0.263
0.000
0.186
0.000
0.179
0.253
0.512
0.471
0.883
1.074
0.945
0.839
0.962
0.846
0.669
0.893
0.833
0.699
0.781
0.685
0.839
0.849
0.492
0.640
0.499
0.849
0.934
0.894
0.978
1.013
1.021
1.012
0.807
0.853
0.939
0.856
0.869
0.687
0.157
0.172
0.165
0.099
0.050
0.172
0.222
0.165
0.131
0.149
0.141
0.086
0.086
0.050
0.099
0.165
0.086
0.111
0.086
0.111
0.141
0.131
0.149
0.070
0.099
0.000
0.000
0.000
0.000
0.099
0.000
0.141
0.000
0.000
0.253
0.577
0.310
0.425
0.413
0.544
0.553
0.502
0.609
0.590
0.298
0.433
0.378
0.504
0.365
0.310
0.466
0.382
0.569
0.704
0.839
0.690
0.727
0.667
0.747
0.858
0.502
0.837
0.849
0.771
0.886
1.018
0.778
0.302
0.131
0.000
0.099
0.122
0.000
0.000
0.000
0.122
0.000
0.099
0.000
0.000
0.000
0.050
0.000
0.000
0.086
0.000
0.000
0.268
0.000
0.000
0.070
0.000
0.000
0.000
0.000
0.070
0.678
0.737
0.928
1.055
1.065
0.991
1.039
0.605
0.277
0.358
0.253
0.355
0.263
0.365
0.243
0.348
0.258
0.205
0.302
0.222
0.211
0.199
0.388
0.149
0.000
0.192
0.141
0.149
0.086
0.111
0.070
0.149
0.179
0.149
0.111
0.099
0.111
0.111
0.099
0.070
0.086
0.099
0.149
0.149
0.111
0.070
0.050
0.111
0.000
0.086
0.070
0.000
0.000
0.050
0.111
0.050
0.172
0.000
0.070
0.149
0.199
0.172
0.179
0.000
0.172
0.000
0.111
0.111
0.000
0.000
0.000
0.099
0.000
0.000
0.086
0.070
0.000
0.000
0.050
0.000
0.000
0.000
0.070
0.000
0.000
0.000
0.111
0.000
0.070
0.000
0.070
0.000
0.086
0.141
0.000
0.000
0.000
0.050
0.000
0.000
0.111
0.000
0.086
0.000
0.000
0.000
0.000
0.000
0.000
0.086
0.000
0.050
0.050
0.000
0.000
0.000
0.211
0.000
0.000
0.341
0.512
0.248
0.471
0.815
0.934
0.893
0.878
0.979
0.905
0.843
0.509
0.619
0.306
0.737
0.382
0.355
0.388
0.419
0.499
0.427
0.382
0.302
0.263
0.258
0.205
0.238
0.337
0.253
0.277
0.824
0.894
0.739
0.598
0.715
0.878
1.017
0.999
1.063
1.040
0.886
0.960
0.924
0.965
1.022
0.813
0.935
0.941
0.896
0.853
0.855
0.871
0.936
0.577
0.436
0.600
0.562
0.544
0.306
0.453
0.391
0.314
0.355
0.388
0.573
0.560
0.310
0.661
0.615
0.341
0.425
0.385
0.436
0.625
0.815
0.734
0.652
0.739
0.598
0.631
0.535
0.469
0.519
0.579
0.484
0.672
0.281
0.388
0.378
0.433
0.471
0.509
0.494
0.642
0.521
0.678
0.609
0.571
0.747
0.793
0.810
0.703
0.797
0.690
0.596
0.776
0.757
0.611
0.704
0.692
0.866
0.689
0.600
0.855
0.674
0.640
0.531
0.447
0.553
0.596
0.615
0.689
0.732
0.575
0.598
0.760
0.744
0.826
0.661
0.551
0.939
0.710
0.427
0.430
0.439
0.439
0.272
0.179
0.537
0.469
0.394
0.482
0.419
0.391
0.642
0.494
0.436
0.609
0.466
0.507
0.416
0.455
0.450
0.482
0.669
0.544
0.471
0.351
0.355
0.326
0.310
0.391
0.489
0.676
0.588
0.382
0.436
0.535
0.717
0.896
0.872
0.773
0.826
0.812
0.792
0.889
0.957
0.922
0.873
1.020
0.754
1.029
1.028
0.911
0.979
0.989
0.939
0.949
0.829
0.924
0.831
0.752
0.609
0.629
0.382
0.413
0.471
0.479
0.499
0.471
0.378
0.450
0.524
0.615
0.492
0.547
0.471
0.277
0.866
0.755
0.646
0.689
0.442
0.516
0.685
0.509
0.544
0.509
0.385
0.410
0.404
0.310
0.413
0.562
0.439
0.489
0.482
0.502
0.504
0.551
0.482
0.577
0.623
0.640
0.758
0.768
0.840
0.683
0.564
0.750
0.634
0.680
0.659
0.897
0.739
0.670
0.638
0.613
0.909
0.768
0.732
0.512
0.487
0.621
0.542
0.535
0.579
0.544
0.489
0.401
0.477
0.861
0.856
0.996
0.704
0.676
0.537
0.450
0.549
0.729
0.749
0.430
0.314
0.430
0.477
0.306
0.341
0.258
0.277
0.375
0.427
0.455
0.369
0.533
0.547
0.477
0.322
0.458
0.310
0.659
0.558
0.348
0.341
0.516
0.762
0.430
0.650
0.461
0.507
0.703
0.762
0.507
0.613
0.632
0.613
0.883
0.941
1.020
1.028
1.046
1.049
0.969
1.004
0.999
1.018
0.920
0.524
0.453
0.924
0.904
0.945
0.966
0.540
0.398
0.199
0.199
0.149
0.131
0.000
0.000
0.099
0.000
0.050
0.439
0.636
0.474
0.650
0.575
0.878
0.586
0.729
0.690
0.502
0.528
0.430
0.382
0.199
0.192
0.268
0.436
0.375
0.492
0.341
0.422
0.248
0.479
0.519
0.598
0.549
0.416
0.509
0.487
0.362
0.533
0.394
0.820
0.670
0.655
0.544
0.627
0.509
0.499
0.582
0.533
0.621
0.567
0.391
0.575
0.627
0.514
0.657
0.758
0.722
0.762
0.927
0.851
0.862
0.699
0.730
0.833
0.792
0.685
0.732
0.957
0.903
0.876
0.922
0.706
0.694
0.681
0.631
0.669
0.413
0.348
0.401
0.818
0.958
0.798
0.703
0.674
0.809
0.652
0.669
0.450
0.592
0.416
0.306
0.681
0.442
0.797
1.030
0.706
0.912
0.883
0.938
0.876
0.804
0.961
1.035
1.004
0.804
0.971
1.030
0.988
0.908
0.994
0.988
0.904
0.681
0.787
0.783
0.502
0.575
0.494
0.592
0.697
0.781
0.797
0.665
0.509
0.609
0.436
0.482
0.422
0.648
0.692
0.683
0.648
0.582
0.770
0.577
0.909
0.627
0.768
0.674
0.598
0.619
0.652
0.584
0.773
0.865
0.779
0.663
0.711
0.816
0.722
0.747
0.492
0.676
0.697
0.629
0.217
0.050
0.086
0.086
0.050
0.086
0.122
0.070
0.000
0.000
0.355
0.732
0.831
1.045
0.837
0.915
0.852
0.985
0.843
0.892
0.823
0.948
0.781
0.444
0.623
0.680
0.492
0.471
0.516
0.502
0.487
0.157
0.537
0.617
0.646
0.372
0.427
0.502
0.469
0.385
0.619
0.701
0.551
0.351
0.318
0.362
0.401
0.533
0.584
0.401
0.636
0.425
0.718
0.492
0.547
0.413
0.253
0.281
0.382
0.228
0.487
0.531
0.442
0.450
0.600
0.482
0.285
0.724
0.365
0.341
0.205
0.330
0.298
0.302
0.375
0.455
0.330
0.318
0.487
0.430
0.277
0.413
0.330
0.556
0.322
0.378
0.579
0.586
0.547
0.547
0.458
0.430
0.519
0.654
0.519
0.466
0.341
0.634
0.268
0.544
0.326
0.248
0.556
0.362
0.333
0.458
0.627
0.704
0.861
0.840
0.934
0.586
0.502
0.263
0.192
0.365
0.268
0.268
0.310
0.326
0.222
0.318
0.233
0.217
0.355
0.310
0.341
0.306
0.238
0.253
0.314
0.248
0.298
0.310
0.285
0.238
0.186
0.310
0.310
0.290
0.233
0.157
0.326
0.238
0.306
0.199
0.172
0.385
0.341
0.253
0.268
0.263
0.378
0.365
0.375
0.326
0.217
0.258
0.131
0.122
0.192
0.070
0.099
0.149
0.217
0.310
0.233
0.355
0.268
0.211
0.192
0.141
0.050
0.000
0.099
0.000
0.000
0.000
0.050
0.000
0.000
0.070
0.086
0.000
0.000
0.000
0.099
0.000
0.000
0.086
0.000
0.000
0.000
0.099
0.000
0.086
0.000
0.000
0.000
0.000
0.000
0.050
0.000
0.070
0.337
0.514
0.391
0.644
0.575
0.537
0.588
0.770
0.833
0.820
0.827
0.840
0.703
0.394
0.717
0.856
0.831
0.846
0.843
0.915
0.908
0.875
0.971
0.984
0.915
0.816
0.725
0.514
0.537
0.528
0.533
0.535
0.471
0.453
0.611
0.596
0.535
0.582
0.883
0.509
0.809
0.676
0.661
0.482
0.744
0.512
0.605
0.810
0.767
0.579
0.757
0.781
0.776
0.547
0.636
0.632
0.797
0.809
0.865
0.830
0.718
0.547
0.752
0.750
0.757
0.425
0.439
0.665
0.745
0.965
0.953
0.631
0.458
0.222
0.422
0.238
0.253
0.233
0.385
0.253
0.404
0.333
0.322
0.337
0.272
0.243
0.281
0.290
0.258
0.277
0.277
0.243
0.228
0.243
0.258
0.131
0.310
0.263
0.243
0.165
0.186
0.318
0.318
0.391
0.333
0.436
0.369
0.427
0.487
0.401
0.413
0.382
0.484
0.388
0.385
0.372
0.322
0.233
0.248
0.205
0.205
0.290
0.238
0.248
0.263
0.205
0.272
0.222
0.290
0.268
0.199
0.211
0.186
0.248
0.302
0.385
0.410
0.365
0.268
0.233
0.238
0.199
0.199
0.277
0.141
0.157
0.186
0.149
0.186
0.122
0.179
0.172
0.378
0.477
0.375
0.391
0.484
0.369
0.882
0.710
0.965
0.427
0.333
0.594
0.742
0.783
0.362
0.268
0.507
0.516
0.205
0.217
0.179
0.192
0.070
0.172
0.672
0.634
0.579
0.629
0.836
0.734
0.730
0.750
0.701
0.940
0.781
0.708
0.768
0.680
0.642
0.826
0.793
0.737
0.573
0.661
0.971
0.834
0.734
0.725
0.988
0.956
0.708
0.911
0.830
0.998
0.972
0.852
0.775
0.725
0.672
0.439
0.573
0.757
0.609
0.640
0.413
0.669
0.571
0.573
0.222
0.186
0.099
0.099
0.398
0.627
0.732
0.592
0.687
0.778
0.636
0.528
0.803
0.801
0.823
0.787
0.833
0.935
1.016
0.976
0.979
1.036
1.009
0.553
0.469
0.369
0.442
0.453
0.407
0.258
0.401
0.310
0.211
0.375
0.600
0.388
0.453
0.524
0.294
0.427
0.378
0.494
0.458
0.248
0.388
0.192
0.199
0.165
0.228
0.111
0.149
0.157
0.157
0.172
0.248
0.775
0.823
0.845
1.000
0.972
0.947
0.900
0.924
0.930
0.932
0.868
0.793
0.670
0.778
0.670
0.533
0.594
0.458
0.122
0.469
0.504
0.463
0.507
0.718
0.779
0.858
0.859
0.869
0.934
0.858
0.919
0.949
1.046
0.976
0.911
0.985
1.062
