0.704
0.695
0.381
0.537
0.788
0.668
0.626
0.811
0.842
0.851
0.924
0.993
1.006
1.024
1.027
1.006
1.049
1.004
0.897
0.936
1.015
0.974
0.938
0.923
0.886
0.776
0.853
0.827
0.721
0.481
0.641
0.405
0.723
0.532
0.790
0.539
0.456
0.395
0.228
0.364
0.444
0.599
0.375
0.655
0.408
0.391
0.429
0.274
0.473
0.607
0.444
0.408
0.375
0.486
0.581
0.395
0.288
0.438
0.547
0.353
0.330
0.364
0.794
0.766
0.776
0.771
0.890
0.899
0.890
0.887
0.936
0.719
0.544
0.467
0.204
0.326
0.250
0.318
0.222
0.360
0.153
0.191
0.197
0.558
0.715
0.653
0.293
0.314
0.334
0.318
0.260
0.353
0.210
0.505
0.353
0.274
0.216
0.184
0.265
0.255
0.338
0.342
0.265
0.244
0.169
0.184
0.169
0.161
0.184
0.153
0.125
0.000
0.125
0.239
0.288
0.378
0.306
0.368
0.647
0.530
0.764
0.768
0.947
0.974
0.900
0.894
0.708
0.542
0.637
0.368
0.481
0.609
0.616
0.712
0.924
0.817
0.909
0.974
0.868
0.250
0.114
0.125
0.398
0.620
0.417
0.274
0.594
0.563
0.597
0.735
0.626
0.728
0.423
0.520
0.579
0.520
0.391
0.401
0.314
0.274
0.284
0.360
0.594
0.197
0.161
0.260
0.563
0.494
0.630
0.859
0.724
0.556
0.583
0.746
0.827
0.834
0.837
0.819
0.752
0.715
0.719
0.825
0.853
0.923
0.915
0.933
0.863
1.032
0.788
0.691
0.751
0.785
0.780
0.579
0.719
0.714
0.607
0.586
0.349
0.583
0.632
0.728
0.655
0.806
0.763
0.661
0.537
0.483
0.450
0.381
0.391
0.381
0.489
0.622
0.401
0.432
0.478
0.639
0.577
0.609
0.601
0.310
0.368
0.326
0.250
0.306
0.408
0.346
0.322
0.599
0.447
0.447
0.594
0.949
0.630
0.938
0.417
0.467
0.497
0.338
0.381
0.456
0.563
0.635
0.561
0.375
0.349
0.429
0.385
0.395
0.293
0.417
0.527
0.462
0.408
0.438
0.462
0.486
0.417
0.279
0.682
0.590
0.414
0.616
0.537
0.288
0.420
0.444
0.447
0.510
0.581
0.583
0.464
0.812
0.456
0.255
0.342
0.342
0.293
0.114
0.353
0.695
0.902
0.314
0.812
0.812
0.875
0.966
0.945
0.955
0.723
0.255
0.318
0.265
0.326
0.244
0.234
0.204
0.306
0.250
0.204
0.204
0.228
0.125
0.088
0.000
0.000
0.102
0.072
0.177
0.342
0.334
0.153
0.051
0.222
0.051
0.072
0.072
0.000
0.000
0.000
0.088
0.000
0.000
0.072
0.000
0.000
0.072
0.000
0.000
0.000
0.395
0.579
0.577
0.697
0.735
0.979
1.057
0.943
1.012
0.990
0.944
0.672
0.459
0.902
0.889
0.250
0.102
0.000
0.072
0.072
0.102
0.072
0.000
0.000
0.000
0.135
0.125
0.000
0.000
0.000
0.102
0.114
0.153
0.088
0.102
0.000
0.072
0.125
0.000
0.184
0.609
0.731
0.781
0.773
0.588
0.661
0.483
0.467
0.470
0.417
0.554
0.599
0.706
0.668
0.632
0.834
0.353
0.655
0.649
0.670
0.551
0.791
0.827
0.958
0.980
0.947
0.966
0.869
0.812
0.801
0.839
0.953
1.015
0.945
1.013
0.910
0.962
0.986
1.051
1.062
0.892
0.297
0.645
0.733
0.622
0.568
0.721
0.565
0.825
0.554
0.411
0.607
0.432
0.326
0.338
0.586
0.447
0.730
0.364
0.641
0.756
0.854
0.659
0.628
0.561
0.494
0.603
0.441
0.672
0.405
0.547
0.547
0.385
0.510
0.592
0.630
0.542
0.475
0.547
0.579
0.801
0.659
0.719
0.670
0.712
0.844
0.820
0.744
0.739
0.551
0.902
0.780
0.842
0.790
0.689
0.894
0.758
0.785
1.019
0.938
0.841
0.740
0.489
0.260
0.444
0.330
0.204
0.260
0.234
0.239
0.204
0.274
0.293
0.191
0.334
0.391
0.284
0.255
0.274
0.228
0.239
0.411
0.228
0.265
0.385
0.368
0.255
0.326
0.177
0.322
0.314
0.302
0.297
0.260
0.364
0.414
0.357
0.197
0.371
0.306
0.216
0.338
0.322
0.204
0.375
0.375
0.279
0.216
0.270
0.260
0.197
0.191
0.144
0.191
0.191
0.204
0.265
0.310
0.184
0.051
0.204
0.161
0.177
0.417
0.668
0.880
0.833
0.663
0.672
0.678
0.603
0.532
0.515
0.486
0.547
0.338
0.605
0.544
0.790
0.892
0.837
0.603
0.470
0.478
0.279
0.314
0.284
0.388
0.364
0.297
0.590
0.260
0.405
0.260
0.502
0.368
0.728
0.723
0.910
0.746
0.322
0.525
0.549
0.388
0.676
0.414
0.714
0.749
0.834
0.887
0.913
0.776
0.759
0.880
0.847
0.735
0.786
0.723
0.657
0.714
0.735
0.742
0.856
0.894
1.037
0.966
0.978
0.860
0.865
0.803
0.804
0.934
0.866
0.612
0.588
0.554
0.776
0.592
0.450
0.515
0.715
0.735
0.641
0.588
0.456
0.512
0.551
0.641
0.497
0.467
0.464
0.441
0.599
0.438
0.481
0.530
0.586
0.353
0.502
0.641
0.717
0.464
0.597
0.411
0.483
0.630
0.420
0.349
0.459
0.758
0.450
0.360
0.435
0.462
0.494
0.429
0.475
0.583
0.462
0.444
0.314
0.177
0.284
0.494
0.453
0.368
0.284
0.191
0.216
0.125
0.135
0.288
0.244
0.470
0.441
0.594
0.368
0.388
0.357
0.191
0.255
0.265
0.274
0.381
0.475
0.334
0.338
0.228
0.368
0.522
0.453
0.581
0.338
0.326
0.395
0.438
0.260
0.951
0.746
0.381
0.635
0.349
0.330
0.423
0.464
0.338
0.478
0.435
0.385
0.375
0.417
0.527
0.577
0.306
0.715
0.663
0.483
0.612
0.884
0.499
0.525
0.859
0.809
0.744
0.759
0.651
0.823
0.706
0.828
0.874
0.210
0.197
0.169
0.216
0.153
0.114
0.144
0.088
0.558
0.622
0.088
0.594
0.798
0.941
0.507
0.381
0.447
0.510
0.614
0.391
0.371
0.288
0.322
0.279
0.274
0.318
0.260
0.368
0.197
0.161
0.161
0.153
0.135
0.153
0.153
0.114
0.000
0.135
0.161
0.353
0.684
0.691
0.941
0.930
0.794
0.974
0.859
0.614
0.525
0.684
0.346
0.360
0.489
0.177
0.204
0.554
0.549
0.284
0.184
0.197
0.191
0.405
0.577
0.244
0.381
0.505
0.605
0.423
0.749
0.799
0.478
0.456
0.515
0.507
0.563
0.586
0.659
0.614
0.651
0.537
0.649
0.525
0.599
0.475
0.776
0.704
0.701
0.859
0.594
0.676
0.603
0.306
0.561
0.597
0.464
0.577
0.715
0.726
0.703
0.676
0.547
0.859
0.819
0.848
0.770
0.733
0.906
0.915
0.881
0.786
0.597
0.747
0.728
0.761
0.688
0.547
0.551
0.417
0.470
0.444
0.398
0.672
0.616
0.491
0.357
0.475
0.563
0.401
0.385
0.388
0.616
0.360
0.464
0.385
0.346
0.489
0.563
0.647
0.473
0.609
0.489
0.447
0.330
0.353
0.520
0.666
0.432
0.568
0.475
0.450
0.441
0.515
0.349
0.371
0.228
0.388
0.620
0.622
0.288
0.293
0.260
0.391
0.497
0.565
0.228
0.250
0.483
0.459
0.310
0.293
0.530
0.284
0.618
0.444
0.375
0.597
0.499
0.274
0.265
0.408
0.288
0.326
0.191
0.438
0.549
0.357
0.806
0.773
0.637
0.839
0.894
0.900
0.964
1.003
1.006
0.923
0.714
0.848
0.825
0.845
0.857
0.853
0.970
0.929
0.751
0.724
0.674
0.639
0.453
0.664
0.773
0.551
0.754
0.684
0.486
0.502
0.537
0.464
0.435
0.385
0.742
0.917
0.628
0.744
0.717
0.945
0.902
0.948
0.949
0.945
0.887
1.005
0.804
0.594
0.657
0.605
0.607
0.626
0.464
0.467
0.473
0.507
0.330
0.459
0.398
0.551
0.438
0.414
0.222
0.326
0.712
0.737
0.614
0.551
0.520
0.577
0.663
0.583
0.635
0.605
0.897
0.630
0.525
0.586
0.556
0.556
0.447
0.558
0.549
0.620
0.682
0.618
0.637
0.447
0.432
0.464
0.216
0.135
0.250
0.184
0.161
0.204
0.125
0.088
0.114
0.161
0.000
0.000
0.000
0.051
0.051
0.000
0.000
0.000
0.000
0.000
0.000
0.161
0.125
0.000
0.000
0.000
0.114
0.197
0.153
0.441
0.349
0.375
0.342
0.357
0.346
0.395
0.357
0.371
0.385
0.234
0.381
0.330
0.216
0.135
0.114
0.255
0.088
0.353
0.210
1.023
0.609
0.708
0.978
0.579
0.622
0.643
0.570
0.697
0.401
0.481
0.391
0.803
0.674
0.594
0.752
0.570
0.494
0.689
0.775
0.618
0.579
0.742
0.752
0.594
0.544
0.547
0.510
0.423
0.612
0.478
0.544
0.739
0.731
0.742
0.752
0.828
0.903
0.900
0.930
0.798
0.894
0.806
0.510
0.851
0.886
0.815
0.884
0.842
0.532
0.228
0.270
0.210
0.161
0.177
0.216
0.349
0.322
0.210
0.177
0.204
0.135
0.191
0.191
0.072
0.210
0.114
0.184
0.547
0.590
0.473
0.293
0.191
0.250
0.255
0.279
0.204
0.184
0.228
0.161
0.072
0.255
0.161
0.169
0.135
0.169
0.000
0.102
0.153
0.153
0.088
0.088
0.135
0.125
0.114
0.144
0.191
0.135
0.144
0.088
0.161
0.144
0.169
0.000
0.161
0.088
0.177
0.184
0.114
0.135
0.125
0.000
0.114
0.125
0.125
0.114
0.161
0.228
0.144
0.102
0.135
0.088
0.114
0.184
0.125
0.184
0.144
0.197
0.210
0.161
0.102
0.135
0.177
0.102
0.184
0.161
0.153
0.161
0.204
0.114
0.184
0.114
0.102
0.161
0.088
0.184
0.161
0.184
0.102
0.088
0.135
0.088
0.177
0.228
0.255
0.228
0.072
0.184
0.204
0.169
0.088
0.135
0.125
0.144
0.000
0.051
0.102
0.000
0.072
0.125
0.153
0.153
0.088
0.114
0.125
0.197
0.184
0.114
0.177
0.144
0.135
0.204
0.197
0.000
0.072
0.088
0.102
0.102
0.102
0.051
0.153
0.102
0.000
0.000
0.000
0.000
0.051
0.000
0.000
0.000
0.244
0.260
0.153
0.051
0.191
0.000
0.144
0.000
0.144
0.088
0.114
0.102
0.000
0.000
0.000
0.000
0.000
0.000
0.135
0.000
0.102
0.000
0.051
0.000
0.072
0.000
0.161
0.401
0.051
0.153
0.000
0.114
0.072
0.000
0.102
0.000
0.051
0.293
0.688
0.814
0.920
0.960
0.737
0.597
0.726
0.453
0.489
0.706
0.438
0.549
0.556
0.405
0.450
0.244
0.599
0.601
0.544
0.274
0.191
0.204
0.507
0.228
0.322
0.423
0.491
0.626
0.708
0.785
0.530
0.346
0.234
0.228
0.169
0.191
0.330
0.279
0.420
0.371
0.395
0.530
0.417
0.432
0.144
0.144
0.222
0.481
0.371
0.438
0.542
0.489
0.334
0.184
0.432
0.411
0.391
0.426
0.643
0.588
0.672
0.837
0.886
0.903
0.948
0.955
1.015
0.875
0.929
0.889
0.937
0.590
0.730
0.364
0.353
0.297
0.819
0.783
0.841
0.886
0.922
0.742
0.773
0.780
0.884
0.983
0.955
0.997
0.997
0.856
0.752
0.651
0.470
0.659
0.626
0.532
0.704
0.507
0.532
0.719
0.643
0.481
0.401
0.539
0.530
0.620
0.686
0.612
0.549
0.637
0.831
0.620
0.708
0.612
0.597
0.489
0.763
0.764
0.871
0.645
0.668
0.735
0.803
0.776
0.688
0.647
0.822
0.922
0.951
1.015
0.903
0.865
0.937
0.912
0.916
0.956
0.887
0.811
0.651
0.653
0.544
0.597
0.525
0.701
0.624
0.771
0.712
0.497
0.628
0.346
0.255
0.401
0.649
0.781
0.820
0.577
0.820
0.505
0.435
0.723
0.310
0.798
0.751
0.649
0.828
0.937
0.917
1.015
1.023
1.042
1.038
1.046
1.026
0.920
0.837
0.444
0.991
1.021
1.087
1.070
0.875
1.061
0.699
0.919
0.674
0.811
0.749
0.653
0.561
0.435
0.429
0.599
0.512
0.462
0.517
0.520
0.666
1.052
1.108
0.714
0.674
0.842
0.834
0.874
1.003
0.912
0.916
0.915
0.913
0.999
0.744
0.788
0.678
0.561
0.544
0.666
0.793
0.653
0.733
0.907
0.910
0.930
0.900
0.723
0.780
0.710
0.794
0.699
0.670
0.605
0.432
0.444
0.388
0.411
0.432
0.385
0.342
0.478
0.535
0.771
0.391
0.896
0.491
0.624
0.349
0.385
0.597
0.342
0.441
0.478
0.274
0.507
0.255
0.368
0.330
0.408
0.510
0.417
0.435
0.395
0.284
0.210
0.000
0.169
0.102
0.102
0.000
0.000
0.000
0.072
0.000
0.000
0.000
0.072
0.114
0.000
0.153
0.088
0.114
0.000
0.000
0.000
0.000
0.000
0.051
0.000
0.000
0.088
0.000
0.000
0.000
0.000
0.088
0.000
0.000
0.000
0.197
0.322
0.398
0.191
0.255
0.432
0.444
0.334
0.574
0.622
0.558
0.388
0.391
0.234
0.239
0.204
0.649
0.597
0.783
0.866
0.747
0.776
0.599
0.491
0.781
0.902
0.854
0.887
0.936
0.949
0.986
0.905
0.893
0.975
1.026
1.052
1.059
1.026
1.015
1.006
1.033
0.906
0.706
0.398
0.579
0.527
0.357
0.429
0.462
0.643
0.639
0.520
0.420
0.624
0.574
0.432
0.483
0.420
0.423
0.486
0.426
0.293
0.391
0.676
0.539
0.360
0.655
0.663
0.659
0.542
0.775
0.746
0.693
0.781
0.890
1.003
0.871
0.865
0.857
0.651
0.768
0.686
0.659
0.791
0.929
0.920
0.944
0.845
0.865
0.853
0.590
0.763
0.527
0.632
0.682
0.549
0.786
0.889
0.831
0.804
0.746
0.420
0.561
0.688
0.680
0.622
0.522
0.378
0.489
0.288
0.517
0.721
0.833
0.420
0.310
0.184
0.473
0.274
0.222
0.153
0.184
0.441
0.568
0.570
0.473
0.375
0.542
0.491
0.385
0.169
0.169
0.210
0.302
0.599
0.426
0.635
0.768
0.871
0.917
0.880
0.672
0.684
0.900
0.900
0.869
0.880
0.701
0.866
0.860
0.963
0.936
0.889
0.664
0.462
0.703
0.597
0.773
0.869
0.930
0.929
0.871
0.915
0.881
0.892
0.697
0.680
0.664
0.715
0.381
0.512
0.456
0.398
0.435
0.486
0.453
0.388
0.426
0.297
0.429
0.525
0.478
0.368
0.507
0.473
0.483
0.723
0.494
0.565
0.515
0.481
0.388
0.284
0.517
0.414
0.525
0.450
0.310
0.444
0.274
1.004
0.987
0.770
0.776
0.815
0.830
0.978
0.930
0.883
0.991
0.823
0.364
0.357
0.284
0.310
0.204
0.204
0.204
0.161
0.228
0.210
0.144
0.330
0.184
0.210
0.234
0.216
0.135
0.135
0.051
0.114
0.000
0.000
0.481
0.710
0.749
0.768
0.962
0.892
0.893
0.959
0.944
0.639
0.527
0.551
0.547
0.801
0.666
0.577
0.775
0.668
0.731
0.620
0.733
0.715
0.520
0.234
0.420
0.288
0.310
0.297
0.161
0.000
0.088
0.088
0.102
0.000
0.000
0.456
0.216
0.051
0.072
0.000
0.334
0.462
0.486
0.265
0.255
0.260
0.314
0.297
0.426
0.525
0.441
0.322
0.411
0.385
0.368
0.453
0.497
0.520
0.605
0.502
0.432
0.744
0.761
0.731
0.889
0.781
0.930
1.000
0.972
0.968
0.742
0.735
0.618
0.620
0.515
0.730
0.952
0.988
0.902
0.978
1.012
0.978
1.004
0.916
0.900
0.815
0.605
0.632
0.357
0.655
0.592
0.664
0.483
0.475
0.462
0.489
0.565
0.515
0.641
0.676
0.664
0.583
0.326
0.505
0.497
0.385
0.432
0.510
0.401
0.607
0.624
0.605
0.391
0.651
0.653
0.572
0.349
0.539
0.338
0.776
0.746
0.728
0.809
0.770
0.756
0.284
0.881
0.916
0.844
0.889
0.695
0.689
0.768
0.896
1.008
0.983
1.013
0.941
0.817
0.834
0.951
0.963
0.923
0.751
0.923
0.982
1.013
0.912
0.815
0.574
0.793
0.364
0.489
0.502
0.502
0.405
0.510
0.643
0.664
0.751
0.758
0.616
0.682
0.834
0.699
0.649
0.661
0.586
0.632
0.288
0.951
0.868
0.811
0.837
0.836
0.801
0.450
0.701
0.680
0.674
0.597
0.607
0.228
0.216
0.616
0.856
0.639
0.731
0.775
0.535
0.244
0.197
0.612
0.975
0.923
0.756
0.934
1.034
0.833
0.848
0.853
0.845
0.929
0.988
1.026
0.730
0.686
0.353
0.381
0.467
0.505
0.411
0.411
0.408
0.497
0.599
0.590
0.649
0.371
0.719
0.803
0.643
0.764
0.723
0.735
0.971
0.823
0.788
0.866
0.941
0.790
0.432
0.360
0.302
0.326
0.255
0.381
0.274
0.478
0.260
0.306
0.270
0.234
0.234
0.368
0.204
0.244
0.228
0.161
0.135
0.284
0.274
0.288
0.974
1.062
0.664
0.747
0.530
0.216
0.161
0.169
0.125
0.255
0.381
0.686
0.740
0.754
0.937
0.936
0.979
0.992
1.024
0.933
0.953
0.897
0.875
0.724
0.601
0.599
0.856
0.643
0.699
0.360
0.525
0.385
0.539
0.520
0.605
0.338
0.447
0.447
0.537
0.453
0.661
0.444
0.288
0.512
0.250
0.423
0.222
0.395
0.274
0.302
0.310
0.579
0.279
0.583
0.594
0.512
0.751
0.432
0.856
0.204
0.483
0.371
0.297
0.432
0.520
0.234
0.398
0.310
0.710
0.592
0.542
0.811
0.701
0.297
0.470
0.664
0.806
0.607
0.807
0.657
0.489
0.568
0.628
0.510
0.405
0.408
0.579
0.783
0.773
0.597
0.896
0.863
0.825
0.967
0.929
1.003
0.689
0.848
0.672
0.859
0.822
0.833
0.721
0.776
0.842
0.988
1.028
0.964
1.003
0.850
0.592
0.740
0.554
0.447
0.486
0.411
0.712
0.577
0.507
0.554
0.549
0.349
0.612
0.459
0.414
0.450
0.288
0.398
0.475
0.420
0.515
0.630
0.703
0.456
0.579
0.793
0.731
0.622
0.719
0.239
0.438
0.599
0.549
0.453
0.597
0.491
0.411
0.391
0.441
0.579
0.391
0.464
0.497
0.322
0.279
0.284
0.438
0.432
0.322
0.512
0.549
0.378
0.441
0.539
0.438
0.288
0.664
0.486
0.364
0.197
0.306
0.310
0.499
0.453
0.265
0.314
0.310
0.270
0.322
0.293
0.475
0.653
0.288
0.310
0.326
0.483
0.441
0.804
0.554
0.556
0.728
0.453
0.535
0.612
0.678
0.588
0.996
0.785
0.842
0.872
0.728
0.833
0.960
0.892
0.940
0.744
0.684
0.768
0.850
0.691
0.653
0.612
0.836
0.657
0.603
0.318
0.539
0.649
0.423
0.577
0.661
0.520
0.570
0.695
0.547
0.438
0.664
0.497
0.475
0.592
0.641
0.747
0.919
0.943
0.791
0.570
0.794
0.733
0.771
0.740
0.783
0.624
0.499
0.624
0.618
0.699
0.730
0.759
0.632
0.641
0.739
0.775
0.776
0.682
0.456
0.481
0.293
0.401
0.411
0.260
0.255
0.464
0.655
0.507
0.659
0.751
0.689
0.663
0.544
0.799
0.609
0.408
0.438
0.502
0.462
0.499
0.809
0.820
0.798
0.823
0.497
0.497
0.456
0.481
0.420
0.539
0.435
0.438
0.385
0.653
0.535
0.456
0.478
0.265
0.558
0.293
0.318
0.581
0.568
0.456
0.486
0.441
0.435
0.459
0.489
0.715
0.398
0.822
0.444
0.672
0.494
0.749
0.535
0.542
0.701
0.310
0.464
0.626
0.695
0.703
0.717
0.856
0.756
0.820
0.695
0.645
0.549
0.420
0.486
0.423
0.357
0.483
0.360
0.395
0.551
0.597
0.302
0.771
1.046
0.823
0.781
0.565
0.535
0.657
0.737
0.735
0.672
0.715
0.781
0.768
0.791
0.697
0.778
0.890
0.912
0.776
0.691
0.776
0.686
0.505
0.547
0.395
0.494
0.505
0.473
0.486
0.651
0.670
0.645
0.622
0.635
0.527
0.432
0.563
0.234
0.577
0.334
0.505
0.338
0.216
0.222
0.522
0.302
0.244
0.293
0.470
0.773
0.785
0.806
0.612
0.682
0.568
0.438
0.635
0.481
0.507
0.470
0.470
0.697
0.381
0.881
0.701
0.815
0.807
0.833
0.856
0.868
0.933
0.922
0.902
0.793
0.719
0.626
0.583
0.626
0.614
0.695
0.542
0.664
0.768
0.770
0.790
0.622
0.494
0.653
0.378
0.544
0.544
0.761
0.878
0.920
0.811
0.577
0.583
0.651
0.435
0.752
0.338
0.391
0.467
0.395
0.423
0.481
0.401
0.462
0.388
0.401
0.411
0.388
0.605
0.637
0.614
0.607
0.353
0.483
0.657
0.489
0.804
0.663
0.653
0.684
0.447
0.385
0.475
0.453
0.260
0.297
0.388
0.297
0.338
0.293
0.464
0.314
0.510
0.411
0.378
0.691
0.612
0.475
0.579
0.210
0.378
0.228
0.330
0.391
0.456
0.597
0.306
0.375
0.388
0.688
0.222
0.302
0.459
0.385
0.357
0.398
0.941
0.556
0.781
0.622
0.360
0.177
0.438
0.812
0.742
0.927
0.878
0.936
0.450
0.260
0.594
0.353
0.222
0.302
0.210
0.169
0.197
0.161
0.222
0.072
0.204
0.191
0.125
0.699
0.747
0.525
0.836
0.862
0.938
0.958
0.959
0.948
0.937
0.953
0.877
0.730
0.854
0.844
0.502
0.565
0.459
0.497
0.338
0.542
0.505
0.306
0.599
0.204
0.210
0.326
0.288
0.330
0.429
0.357
0.391
0.491
0.655
0.478
0.717
0.900
0.717
0.686
0.758
0.796
0.897
1.008
0.986
0.976
0.948
0.952
0.812
0.790
0.712
0.872
0.956
0.917
0.763
0.872
0.881
0.987
0.991
0.850
0.775
0.744
0.670
0.622
0.473
0.375
0.420
0.330
0.349
0.417
0.542
0.607
0.561
0.517
0.255
0.349
0.270
0.467
0.302
0.293
0.499
0.371
0.558
0.371
0.432
0.489
0.346
0.626
0.527
0.438
0.368
0.453
0.715
0.740
0.438
0.274
0.459
0.710
0.607
0.599
0.334
0.447
0.456
0.447
0.532
0.349
0.525
0.659
0.360
0.310
0.561
0.674
0.682
0.599
0.507
0.672
0.730
0.676
0.554
0.657
0.963
0.599
0.781
0.801
0.768
0.866
0.883
0.614
0.450
0.385
0.429
0.378
0.310
0.357
0.499
0.357
0.210
0.314
0.549
0.378
0.255
0.161
0.184
0.144
0.114
0.222
0.191
0.306
0.184
0.000
0.153
0.177
0.204
0.346
0.572
0.836
0.778
0.778
0.922
0.881
0.903
0.844
0.845
0.872
0.853
0.708
0.579
0.572
0.609
0.739
0.551
0.395
0.497
0.599
0.565
0.622
0.651
0.776
0.773
0.686
0.423
0.695
0.364
0.314
0.330
0.302
0.265
0.177
0.306
0.551
0.284
0.630
0.184
0.234
0.510
0.594
0.470
0.556
0.906
0.752
0.632
0.661
0.785
0.684
0.724
0.577
0.432
0.643
0.647
0.682
0.684
0.812
0.483
0.502
0.693
0.453
0.505
0.420
0.549
0.612
0.668
0.583
0.773
0.689
0.572
0.603
0.497
0.375
0.184
0.265
0.270
0.357
0.250
0.234
0.204
0.297
0.260
0.997
0.568
0.889
0.647
0.817
0.822
0.853
0.929
0.902
0.659
0.803
0.798
0.834
0.941
0.641
0.670
0.666
0.535
0.364
0.353
0.349
0.391
0.499
0.342
0.353
0.244
0.284
0.297
0.250
0.153
0.539
0.429
0.357
0.239
0.284
0.250
0.228
0.279
0.364
0.279
0.322
0.297
0.244
0.438
0.265
0.297
0.255
0.435
0.378
0.297
0.222
0.244
0.481
0.520
0.520
1.036
1.033
0.539
0.739
0.699
0.590
0.708
0.592
0.626
0.717
0.478
0.360
0.594
0.714
0.590
0.456
0.388
0.432
0.655
0.628
0.537
0.622
0.790
0.599
0.527
0.676
0.388
0.395
0.517
0.314
0.628
0.639
0.618
0.775
0.749
0.712
0.603
0.473
0.423
0.590
0.851
0.688
0.686
0.414
0.532
0.579
0.505
0.475
0.507
0.499
0.293
0.601
0.398
0.438
0.438
0.330
0.590
0.527
0.462
0.515
0.674
0.940
0.515
0.717
0.682
0.731
0.747
0.626
0.568
0.491
0.459
0.622
0.581
0.663
0.752
0.794
0.923
0.854
0.887
0.902
0.859
0.817
0.807
0.614
0.819
0.726
0.497
0.599
0.605
0.614
0.542
0.507
0.579
0.481
0.568
0.532
0.411
0.701
0.708
0.655
0.823
0.525
0.676
0.790
0.649
0.823
0.793
0.988
0.997
1.023
1.023
1.041
1.046
1.009
1.017
0.940
0.831
0.937
0.839
0.949
0.963
1.029
0.878
0.987
0.806
0.793
0.616
0.622
0.507
0.499
0.478
0.405
0.342
0.517
0.515
0.788
0.678
0.754
0.438
0.703
0.788
0.672
0.483
0.517
0.572
0.450
0.758
0.728
0.897
0.785
0.991
0.783
0.680
0.635
0.539
0.505
0.349
0.486
0.551
0.522
0.637
0.758
0.682
0.603
0.674
0.986
0.710
0.666
0.801
0.565
0.574
0.783
0.721
0.605
0.497
0.583
0.674
0.250
0.411
0.535
0.605
0.653
0.398
0.740
0.801
0.659
0.563
0.497
0.628
0.349
0.210
0.417
0.314
0.284
0.371
0.494
0.255
0.464
0.473
0.520
0.330
0.489
0.450
0.293
0.381
0.441
0.378
0.572
0.405
0.423
0.342
0.556
0.417
0.255
0.364
0.549
0.438
0.453
0.775
0.701
0.783
0.814
0.788
0.910
0.620
0.385
0.603
0.517
0.794
0.590
0.686
0.740
0.693
0.651
0.491
0.635
0.761
0.869
0.883
0.796
0.931
0.848
0.831
0.883
0.894
0.691
0.462
0.706
0.326
0.450
0.334
0.228
0.102
0.260
0.310
0.349
0.222
0.239
0.260
0.284
0.330
0.349
0.330
0.293
0.197
0.265
0.349
0.318
0.279
0.255
0.318
0.357
0.357
0.360
0.234
0.250
0.306
0.260
0.216
0.318
0.353
0.169
0.364
0.216
0.314
0.255
0.197
0.330
0.161
0.234
0.222
0.293
0.346
0.288
0.265
0.338
0.334
0.326
0.371
0.216
0.368
0.284
0.144
0.260
0.204
0.364
0.423
0.318
0.314
0.512
0.699
0.594
0.583
0.497
0.639
0.647
0.661
0.684
0.597
0.475
0.592
0.537
0.346
0.371
0.375
0.378
0.408
0.478
0.250
0.216
0.453
0.505
0.563
0.616
0.612
0.664
0.682
0.651
0.447
0.561
0.497
0.605
0.689
0.708
0.754
0.941
0.793
1.033
0.775
0.746
0.746
0.622
0.742
0.547
0.330
0.398
0.462
0.450
0.371
0.342
0.398
0.505
0.453
0.470
0.459
0.537
0.594
0.473
0.306
0.414
0.537
0.453
0.375
0.603
0.408
0.417
0.326
0.314
0.297
0.565
0.486
0.401
0.570
0.478
0.388
0.426
0.530
0.342
0.497
0.364
0.184
0.197
0.368
0.346
0.216
0.462
0.481
0.371
0.453
0.368
0.385
0.417
0.210
0.556
0.462
0.581
0.408
0.693
0.535
0.556
0.505
0.641
0.510
0.607
0.494
0.470
0.551
0.420
0.302
0.429
0.481
0.239
0.265
0.222
0.191
0.222
0.288
0.314
0.314
0.270
0.051
0.342
0.435
0.297
0.398
0.497
0.712
0.868
0.444
0.664
0.450
0.255
0.491
0.502
0.381
0.429
0.310
0.944
0.622
0.739
0.739
0.527
0.639
0.481
0.678
0.353
0.270
0.740
0.686
0.637
0.645
0.603
0.783
0.775
0.601
0.222
0.570
0.758
0.781
0.381
0.197
0.216
0.239
0.125
0.088
0.153
0.169
0.000
0.244
0.051
0.000
0.349
0.250
0.000
0.177
0.000
0.000
0.353
0.572
0.626
0.556
0.520
0.616
0.641
0.491
0.643
0.763
0.486
0.586
0.371
0.491
0.459
0.371
0.444
0.438
0.420
0.274
0.330
0.270
0.381
0.284
0.342
0.314
0.302
0.255
0.255
0.411
0.532
0.405
0.210
0.250
0.334
0.306
0.405
0.260
0.322
0.391
0.360
0.517
0.426
0.456
0.260
0.405
0.483
0.527
0.737
0.647
0.612
0.464
0.470
0.481
0.664
0.793
0.401
0.676
0.659
0.597
0.411
0.475
0.447
0.302
0.502
0.542
0.310
0.302
0.342
0.408
0.733
0.349
0.371
0.411
0.191
0.525
0.414
0.494
0.414
0.467
0.338
0.274
0.216
0.517
0.905
0.666
0.744
0.554
0.565
0.475
0.260
0.462
0.558
0.473
0.574
0.539
0.544
0.381
0.349
0.401
0.462
0.342
0.388
0.414
0.462
0.570
0.447
1.032
0.666
0.778
1.078
0.572
0.695
0.693
0.663
0.676
0.794
0.956
0.983
0.860
0.878
0.845
0.931
0.796
0.834
0.697
0.766
0.775
0.686
0.749
0.535
0.628
0.708
0.780
0.833
0.723
0.435
0.381
0.297
0.375
0.381
0.216
0.244
0.153
0.153
0.338
0.244
0.144
0.270
0.153
0.239
0.441
0.411
0.197
0.405
0.364
0.426
0.314
0.204
0.614
0.441
0.255
0.574
0.522
0.494
0.539
0.401
0.478
0.398
0.527
0.459
0.326
0.342
0.515
0.318
0.475
0.601
0.689
0.517
0.398
0.349
0.486
0.612
0.645
0.577
0.630
0.626
0.614
0.682
0.674
0.783
0.943
0.653
0.708
0.605
0.768
0.535
0.535
0.715
0.860
0.894
0.820
0.886
0.697
0.811
0.806
0.752
0.670
0.626
0.558
0.594
0.754
0.866
0.915
0.933
0.922
0.847
0.815
0.749
0.761
0.854
0.773
0.561
0.599
0.438
0.388
0.489
0.565
0.594
0.435
0.680
0.776
0.420
0.114
0.153
0.310
0.438
0.520
0.527
0.522
0.510
0.423
0.489
0.603
0.663
0.411
0.478
0.497
0.764
0.628
0.695
0.385
0.486
0.483
0.417
0.314
0.274
0.470
0.558
0.293
0.551
0.438
0.551
0.586
0.475
0.532
0.459
0.723
0.401
0.438
0.371
0.651
0.645
0.554
0.330
0.260
0.444
0.459
0.453
0.542
0.364
0.239
0.525
0.483
0.475
0.284
0.353
0.346
0.310
0.456
1.018
0.614
0.349
0.522
0.507
0.395
0.293
0.395
0.274
0.216
0.326
0.435
0.322
0.959
0.353
0.447
0.626
1.001
0.481
0.512
0.512
0.527
0.647
0.318
0.330
0.398
0.388
0.556
0.375
0.483
0.791
0.489
0.537
0.525
0.851
0.435
0.565
0.481
0.547
0.423
0.499
0.491
0.360
0.435
0.678
0.661
0.841
0.809
0.850
0.778
0.731
0.330
0.228
0.177
0.144
0.216
0.153
0.265
0.161
0.489
0.563
0.364
0.353
0.302
0.288
0.270
0.216
0.279
0.191
0.244
0.306
0.456
0.279
0.293
0.161
0.265
0.234
0.177
0.222
0.191
0.297
0.306
0.288
0.210
0.177
0.216
0.288
0.522
0.691
0.565
0.742
0.655
0.845
0.701
0.467
0.670
0.512
0.641
0.547
0.459
0.426
0.728
0.833
0.966
0.924
0.793
0.862
0.872
0.881
0.922
0.937
0.951
0.875
0.987
0.680
0.714
0.811
0.841
0.530
0.620
0.234
0.470
0.450
0.326
0.375
0.334
0.244
0.216
0.375
0.297
0.184
0.395
0.594
0.649
0.310
0.530
0.699
0.663
0.481
0.572
0.674
0.751
0.761
0.811
0.841
0.723
0.645
0.726
0.839
0.956
0.754
0.890
0.926
0.857
0.812
0.967
0.850
0.875
0.854
0.839
0.699
0.717
0.872
0.868
0.990
1.054
1.026
0.878
0.497
0.635
0.592
0.522
0.462
0.293
0.497
0.360
0.228
0.450
0.378
0.558
0.499
0.554
0.666
0.645
0.426
0.444
0.401
0.459
0.478
0.346
0.310
0.459
0.395
0.435
0.579
0.467
0.398
0.522
0.459
0.862
0.597
0.489
0.435
0.293
0.270
0.378
0.310
0.228
0.184
0.314
0.975
0.574
0.884
0.953
0.825
0.827
0.706
0.632
0.839
0.953
0.822
0.967
0.934
0.886
0.869
0.936
0.872
0.905
0.920
0.959
0.952
0.862
0.933
0.776
0.884
0.781
0.704
0.478
0.532
0.423
0.565
0.581
0.530
0.371
0.462
0.161
0.353
0.535
0.491
0.537
0.517
0.717
0.601
0.274
0.255
0.475
0.603
0.708
0.624
0.346
0.653
0.746
0.659
0.527
0.682
0.724
0.708
0.788
0.594
0.599
0.441
0.592
0.686
0.786
0.836
0.897
0.897
0.676
0.614
0.544
0.603
0.426
0.486
0.517
0.368
0.360
0.411
0.444
0.161
0.499
0.563
0.820
0.730
0.770
0.938
0.850
0.791
0.806
0.874
0.845
0.836
0.647
0.614
0.616
0.616
0.364
0.643
0.588
0.527
0.494
0.565
0.497
0.395
0.473
0.547
0.651
0.691
0.752
0.542
0.401
0.265
0.622
0.686
0.467
0.401
0.597
0.505
0.525
0.532
0.530
0.535
0.793
0.839
0.647
0.574
0.605
0.535
0.773
0.756
0.637
0.682
0.653
0.653
0.663
0.726
0.842
0.761
0.643
0.796
0.701
0.647
0.420
0.542
0.686
0.803
0.663
0.723
0.544
0.530
0.494
0.703
0.872
0.944
0.796
0.806
0.459
0.645
0.423
0.161
0.381
0.661
0.349
0.733
0.889
0.915
0.583
0.664
0.778
0.863
0.820
0.561
0.781
0.607
0.527
0.556
0.368
0.586
0.314
0.310
0.414
0.752
0.459
0.691
0.643
0.771
0.689
0.831
0.570
0.438
0.577
0.804
0.862
0.951
0.937
0.948
0.986
0.986
0.892
0.972
0.960
0.919
0.943
0.980
1.041
1.046
0.917
0.847
0.724
0.697
0.728
0.710
0.605
0.819
0.558
0.717
0.561
0.405
0.464
0.751
0.353
0.486
0.444
0.364
0.639
0.401
0.544
0.684
0.502
0.581
0.435
0.489
0.502
0.574
0.599
0.408
0.682
0.704
0.497
0.618
1.015
0.664
0.691
0.761
0.668
0.804
0.848
0.842
1.019
0.862
0.785
1.003
0.984
0.958
0.947
0.972
0.924
0.710
0.551
0.603
0.735
0.597
0.862
0.834
0.856
0.862
0.605
0.542
0.726
0.758
0.574
0.153
0.125
0.751
0.848
0.754
0.570
0.626
0.539
0.664
0.505
0.670
0.639
0.322
0.353
0.270
0.161
0.051
0.000
0.114
0.000
0.000
0.072
0.051
0.000
0.000
0.072
0.125
0.000
0.114
0.000
0.426
0.135
0.000
0.000
0.125
0.260
0.438
0.489
0.481
0.486
0.444
0.326
0.051
0.234
0.216
0.000
0.072
0.000
0.000
0.088
0.000
0.144
0.000
0.000
0.000
0.102
0.088
0.000
0.000
0.000
0.000
0.000
0.000
0.000
0.000
0.000
0.000
0.000
0.000
0.000
0.000
0.000
0.000
0.000
0.000
0.114
0.153
0.135
0.255
0.135
0.216
0.255
0.135
0.144
0.432
0.228
0.144
0.265
0.349
0.391
0.222
0.515
0.565
0.444
0.216
0.326
0.228
0.438
0.420
0.191
0.228
0.306
0.102
0.072
0.228
0.210
0.184
0.177
0.204
0.102
0.169
0.135
0.125
0.302
0.184
0.260
0.125
0.135
0.222
0.467
0.364
0.234
0.375
0.306
0.306
0.318
0.381
0.204
0.144
0.360
0.288
0.250
0.279
0.250
0.270
0.184
0.378
0.216
0.177
0.184
0.125
0.000
0.306
0.739
0.522
0.682
0.674
0.859
0.693
0.594
0.467
0.408
0.338
0.408
0.423
0.270
0.274
0.244
0.204
0.184
0.153
0.197
0.102
0.135
0.114
0.000
0.161
0.169
0.135
0.125
0.088
0.072
0.088
0.239
0.378
0.204
0.284
0.228
0.197
0.153
0.191
0.153
0.161
0.000
0.153
0.197
0.210
0.114
0.161
0.204
0.239
0.102
0.144
0.153
0.144
0.144
0.088
0.239
0.239
0.191
0.135
0.135
0.051
0.161
0.177
0.088
0.114
0.135
0.135
0.051
0.177
0.153
0.072
0.072
0.184
0.169
0.371
0.371
0.216
0.228
0.177
0.102
0.161
0.144
0.234
0.228
0.184
0.144
0.135
0.177
0.204
0.234
0.114
0.191
0.197
0.250
0.197
0.177
0.250
0.135
0.125
0.153
0.144
0.125
0.051
0.169
0.197
0.191
0.161
0.088
0.125
0.114
0.114
0.135
0.135
0.135
0.000
0.135
0.072
0.072
0.072
0.125
0.000
0.000
0.000
0.144
0.177
0.177
0.135
0.088
0.161
0.051
0.051
0.072
0.051
0.072
0.072
0.114
0.088
0.000
0.000
0.051
0.000
0.000
0.000
0.000
0.000
0.000
0.000
0.000
0.000
0.000
0.000
0.000
0.000
0.072
0.114
0.000
0.000
0.000
0.000
0.125
0.000
0.318
0.293
0.161
0.051
0.114
0.072
0.000
0.000
0.114
0.000
0.051
0.000
0.088
0.000
0.000
0.000
0.051
0.000
0.000
0.000
0.000
0.000
0.000
0.000
0.000
0.000
0.000
0.051
0.000
0.000
0.000
0.000
0.000
0.000
0.161
0.302
0.342
0.334
0.381
0.601
0.551
0.666
0.684
0.620
0.686
0.697
0.726
0.539
0.739
0.655
0.907
0.803
0.817
0.831
0.678
0.837
0.922
0.964
0.886
0.809
