0.767
0.391
0.364
0.377
0.451
0.346
0.507
0.384
0.546
0.407
0.468
0.543
0.252
0.443
0.605
0.400
0.407
0.342
0.281
0.285
0.247
0.257
0.252
0.252
0.349
0.331
0.231
0.182
0.298
0.319
0.281
0.367
0.252
0.381
0.319
0.502
0.473
0.394
0.360
0.331
0.425
0.353
0.394
0.303
0.276
0.335
0.276
0.331
0.428
0.113
0.182
0.143
0.101
0.050
0.101
0.113
0.071
0.422
0.367
0.331
0.315
0.353
0.276
0.262
0.214
0.298
0.247
0.231
0.276
0.231
0.208
0.231
0.182
0.319
0.323
0.189
0.331
0.226
0.242
0.214
0.257
0.252
0.220
0.220
0.189
0.298
0.242
0.307
0.307
0.276
0.346
0.226
0.311
0.315
0.303
0.290
0.214
0.182
0.298
0.335
0.272
0.272
0.517
0.494
0.298
0.257
0.195
0.267
0.397
0.431
0.327
0.497
0.543
0.605
0.599
0.620
0.557
0.446
0.416
0.327
0.290
0.272
0.335
0.315
0.394
0.247
0.247
0.242
0.226
0.247
0.319
0.133
0.262
0.231
0.237
0.281
0.290
0.367
0.231
0.457
0.692
0.468
0.832
0.891
0.618
0.667
0.677
0.307
0.182
0.257
0.575
0.476
0.272
0.484
0.397
0.357
0.387
0.465
0.298
0.327
0.357
0.605
0.881
0.997
0.524
0.360
0.726
0.489
0.237
0.642
0.675
0.507
0.182
0.502
0.662
0.486
0.757
0.440
0.481
0.603
0.457
0.443
0.323
0.522
0.327
0.272
0.454
0.471
0.517
0.226
0.422
0.840
0.557
0.454
0.451
0.642
0.507
0.457
0.614
0.741
0.434
0.546
0.451
0.387
0.590
0.524
0.531
0.290
0.400
0.628
0.871
0.753
0.524
0.884
0.638
0.546
0.276
0.507
0.614
0.733
0.686
0.843
0.626
0.646
0.568
0.605
0.588
0.624
0.762
0.753
0.858
0.770
0.791
0.833
0.719
0.208
0.367
0.671
0.618
0.682
0.733
0.812
0.763
1.005
0.692
0.646
0.575
0.618
0.990
0.729
0.995
0.665
0.760
0.835
0.387
0.559
0.693
0.610
0.573
0.564
0.465
0.524
0.536
0.553
0.536
0.494
0.497
0.419
0.451
0.697
0.813
0.818
0.858
0.858
0.715
0.838
0.832
0.798
0.937
0.443
0.640
0.524
0.387
0.319
0.391
0.419
0.357
0.247
0.410
0.267
0.189
0.252
0.220
0.124
0.175
0.167
0.360
0.543
0.575
0.342
0.816
0.964
0.977
0.571
0.384
0.541
0.937
0.731
0.360
0.703
0.419
0.559
0.652
0.618
0.479
0.590
0.706
0.775
0.715
0.775
0.497
0.650
0.531
0.571
0.559
0.492
0.550
0.476
0.646
0.443
0.457
0.331
0.257
0.124
0.262
0.237
0.242
0.189
0.151
0.237
0.494
0.416
0.143
0.247
0.298
0.294
0.364
0.331
0.257
0.440
0.367
0.728
0.353
0.588
0.553
0.231
0.281
0.182
0.586
0.650
0.599
0.650
0.862
0.662
0.688
0.912
0.806
0.671
0.658
0.710
0.557
0.590
0.529
0.575
0.710
0.588
0.588
0.387
0.486
0.614
0.605
0.677
0.897
0.916
0.175
0.460
0.101
0.499
0.681
0.686
0.746
0.891
0.995
1.044
0.601
0.394
0.809
0.978
0.961
1.033
1.009
0.640
0.512
0.397
0.626
0.781
0.512
0.202
0.247
0.231
0.231
0.342
0.479
0.690
0.548
0.755
0.349
0.699
0.575
0.377
0.419
0.476
0.568
0.374
0.384
0.486
0.374
0.603
0.534
0.726
0.690
0.675
0.557
0.701
0.717
0.656
0.758
0.559
0.195
0.208
0.443
0.342
0.101
0.143
0.113
0.133
0.133
0.124
0.143
0.195
0.101
0.133
0.087
0.101
0.143
0.182
0.160
0.050
0.151
0.167
0.189
0.133
0.143
0.175
0.202
0.208
0.195
0.182
0.143
0.160
0.182
0.151
0.167
0.151
0.124
0.124
0.214
0.189
0.226
0.133
0.124
0.175
0.143
0.160
0.160
0.151
0.214
0.208
0.133
0.167
0.175
0.182
0.231
0.272
0.143
0.208
0.195
0.167
0.208
0.101
0.214
0.101
0.133
0.124
0.050
0.133
0.101
0.124
0.175
0.202
0.342
0.397
0.413
0.434
0.536
0.272
0.622
0.762
0.829
0.793
0.706
0.923
0.976
0.509
0.237
0.446
0.167
0.555
0.543
0.726
0.632
0.481
0.473
0.677
0.440
0.677
0.793
0.671
0.133
0.242
0.534
0.294
0.573
0.614
0.636
0.507
1.013
0.762
0.616
0.182
0.422
0.315
0.143
0.331
0.294
0.182
0.113
0.353
0.360
0.486
0.276
0.422
0.387
0.267
0.294
0.276
0.494
0.315
0.298
0.242
0.267
0.252
0.353
0.151
0.195
0.391
0.208
0.143
0.113
0.000
0.151
0.214
0.214
0.133
0.124
0.281
0.237
0.167
0.160
0.000
0.195
0.367
0.237
0.294
0.276
0.307
0.319
0.231
0.247
0.290
0.257
0.257
0.281
0.257
0.267
0.276
0.262
0.262
0.303
0.272
0.290
0.360
0.335
0.371
0.397
0.349
0.357
0.338
0.360
0.276
0.360
0.416
0.276
0.276
0.319
0.272
0.294
0.285
0.315
0.319
0.346
0.331
0.377
0.262
0.307
0.346
0.331
0.257
0.290
0.323
0.319
0.307
0.267
0.290
0.311
0.272
0.338
0.303
0.290
0.262
0.346
0.272
0.231
0.242
0.349
0.440
0.276
0.346
0.298
0.338
0.353
0.202
0.214
0.311
0.346
0.342
0.346
0.595
0.507
0.681
0.972
0.599
0.497
0.636
0.642
0.512
0.509
0.377
0.595
0.473
0.319
0.922
0.762
0.448
0.202
0.812
0.638
0.387
0.618
0.692
0.891
0.650
0.553
0.489
0.758
0.849
0.859
0.743
0.391
0.753
0.945
1.025
1.037
1.042
1.036
0.926
0.852
0.708
0.777
0.695
0.534
0.717
0.686
0.622
0.636
0.507
0.701
0.566
0.593
0.517
0.331
0.451
0.622
0.416
0.377
0.660
0.757
0.476
0.783
0.791
0.710
0.601
0.454
0.586
0.413
0.529
0.553
0.460
0.564
0.601
0.628
0.746
0.829
0.855
0.481
0.262
0.237
0.281
0.319
0.276
0.226
0.175
0.160
0.167
0.050
0.000
0.050
0.133
0.133
0.113
0.101
0.087
0.113
0.175
0.101
0.113
0.087
0.071
0.050
0.124
0.167
0.101
0.220
0.182
0.133
0.167
0.151
0.160
0.124
0.182
0.189
0.151
0.133
0.167
0.175
0.182
0.182
0.167
0.133
0.133
0.167
0.143
0.175
0.133
0.050
0.101
0.124
0.000
0.087
0.182
0.071
0.071
0.151
0.160
0.167
0.133
0.195
0.315
0.226
0.342
0.419
0.000
0.133
0.000
0.124
0.000
0.113
0.113
0.000
0.124
0.000
0.000
0.000
0.000
0.000
0.000
0.101
0.000
0.000
0.101
0.000
0.000
0.182
0.494
0.564
0.588
0.507
0.684
0.768
0.772
0.806
0.573
0.741
0.662
0.681
0.760
0.622
0.536
0.658
0.818
0.863
0.802
0.367
0.770
0.729
0.394
0.242
0.428
0.541
0.512
0.499
0.758
0.888
0.830
0.669
0.486
0.852
0.648
0.425
0.311
0.335
0.465
0.597
0.468
0.522
0.595
0.656
0.497
0.642
0.646
0.443
0.377
0.448
0.494
0.311
0.451
0.546
0.404
0.377
0.794
0.527
0.353
0.877
0.847
0.374
0.586
0.704
0.614
0.384
0.555
0.541
0.276
0.242
0.454
0.536
0.440
0.612
0.614
0.863
0.827
0.440
0.242
0.143
0.000
0.290
0.440
0.262
0.113
0.357
0.335
0.262
0.214
0.410
0.231
0.195
0.000
0.087
0.050
0.000
0.000
0.101
0.990
0.673
0.527
0.527
0.652
0.512
0.529
0.371
0.904
0.791
0.697
0.425
0.553
0.559
0.522
0.636
0.770
0.790
0.539
0.701
0.555
0.636
0.713
0.757
0.849
1.001
1.003
0.902
0.818
0.981
1.048
1.064
0.837
0.929
0.757
0.770
0.638
0.644
0.599
0.704
0.338
0.413
0.220
0.536
0.675
0.462
0.360
0.536
0.303
0.410
0.468
0.311
0.367
0.451
0.276
0.327
0.374
0.454
0.473
0.446
0.272
0.387
0.534
0.650
0.422
0.616
0.323
0.783
0.692
0.734
0.550
0.644
0.489
0.553
0.630
0.387
0.662
0.616
0.492
0.391
0.650
0.748
0.527
0.622
0.473
0.767
0.636
0.590
0.113
0.397
0.715
0.471
0.394
0.294
0.267
0.237
0.208
0.214
0.208
0.175
0.220
0.050
0.226
0.050
0.050
0.071
0.220
0.267
0.208
0.195
0.087
0.071
0.000
0.113
0.071
0.220
0.133
0.175
0.189
0.226
0.231
0.195
0.133
0.220
0.290
0.252
0.167
0.242
0.353
0.298
0.242
0.226
0.252
0.281
0.257
0.290
0.267
0.294
0.331
0.353
0.303
0.257
0.285
0.371
0.384
0.374
0.384
0.331
0.231
0.214
0.226
0.231
0.247
0.391
0.262
0.202
0.319
0.290
0.257
0.319
0.319
0.202
0.323
0.338
0.342
0.267
0.285
0.294
0.346
0.360
0.327
0.285
0.214
0.298
0.338
0.267
0.349
0.272
0.342
0.315
0.231
0.307
0.374
0.298
0.247
0.303
0.262
0.335
0.422
0.208
0.151
0.124
0.143
0.242
0.315
0.285
0.319
0.335
0.502
0.307
0.346
0.457
0.257
0.413
0.440
0.303
0.648
0.699
0.704
0.693
0.656
0.703
0.708
0.785
0.620
0.489
0.431
0.315
0.416
0.242
0.252
0.202
0.272
0.327
0.298
0.290
0.285
0.101
0.133
0.189
0.087
0.133
0.208
0.050
0.202
0.113
0.195
0.113
0.087
0.113
0.160
0.167
0.160
0.133
0.151
0.124
0.242
0.231
0.214
0.226
0.202
0.087
0.195
0.208
0.202
0.276
0.195
0.202
0.175
0.160
0.167
0.160
0.143
0.195
0.214
0.101
0.124
0.143
0.143
0.167
0.000
0.151
0.133
0.000
0.000
0.000
0.000
0.000
0.143
0.000
0.000
0.195
0.195
0.202
0.143
0.195
0.151
0.195
0.124
0.160
0.182
0.202
0.113
0.113
0.133
0.214
0.143
0.182
0.208
0.124
0.124
0.202
0.208
0.272
0.231
0.214
0.195
0.167
0.247
0.143
0.208
0.143
0.124
0.195
0.242
0.167
0.160
0.175
0.182
0.208
0.214
0.195
0.208
0.226
0.113
0.124
0.208
0.189
0.101
0.143
0.071
0.160
0.113
0.113
0.143
0.143
0.189
0.160
0.151
0.133
0.202
0.160
0.167
0.257
0.151
0.143
0.220
0.160
0.124
0.133
0.160
0.189
0.182
0.202
0.167
0.124
0.202
0.208
0.151
0.151
0.151
0.151
0.113
0.175
0.214
0.175
0.214
0.133
0.189
0.151
0.208
0.101
0.182
0.182
0.195
0.087
0.226
0.143
0.133
0.167
0.202
0.113
0.151
0.101
0.113
0.189
0.101
0.071
0.050
0.000
0.124
0.000
0.087
0.167
0.124
0.143
0.087
0.000
0.124
0.124
0.143
0.151
0.160
0.113
0.113
0.113
0.071
0.151
0.124
0.189
0.160
0.124
0.000
0.000
0.202
0.124
0.175
0.113
0.151
0.143
0.124
0.143
0.087
0.175
0.220
0.226
0.242
0.242
0.101
0.202
0.175
0.175
0.151
0.124
0.189
0.087
0.133
0.231
0.252
0.220
0.226
0.257
0.298
0.327
0.413
0.457
0.262
0.353
0.276
0.237
0.276
0.319
0.175
0.440
0.553
0.457
0.315
0.323
0.346
0.294
0.285
0.167
0.272
0.281
0.189
0.208
0.182
0.214
0.290
0.189
0.124
0.167
0.167
0.087
0.231
0.195
0.272
0.220
0.167
0.189
0.335
0.167
0.303
0.101
0.143
0.226
0.167
0.294
0.247
0.143
0.000
0.143
0.133
0.124
0.000
0.101
0.000
0.087
0.000
0.160
0.252
0.252
0.124
0.195
0.298
0.000
0.175
0.484
0.531
0.357
0.437
0.481
0.462
0.434
0.522
0.595
0.397
0.374
0.371
0.502
0.644
1.127
0.781
0.614
0.231
0.422
0.489
0.468
0.586
0.371
0.479
0.416
0.471
0.489
0.590
0.437
0.364
0.462
0.509
0.494
0.559
0.481
0.476
0.648
0.595
0.543
0.407
0.407
0.502
0.934
0.695
0.315
0.338
0.823
0.626
0.124
0.281
0.262
0.175
0.384
0.428
0.189
0.323
0.220
0.658
0.451
0.648
0.377
0.231
0.220
0.400
0.593
0.599
0.465
0.665
0.677
0.793
0.852
0.934
0.799
0.852
0.954
0.806
0.682
0.692
0.529
1.059
0.650
0.590
0.519
0.541
0.519
0.815
1.024
1.028
0.981
0.813
0.901
1.003
0.726
0.440
0.597
0.738
0.553
0.618
0.484
0.307
0.468
0.311
0.267
0.404
0.281
0.262
0.419
0.353
0.794
0.529
0.628
0.673
0.428
0.539
0.658
0.489
0.541
0.476
0.599
0.610
0.728
0.654
0.616
0.454
0.431
0.548
0.410
0.416
0.484
0.443
0.404
0.422
0.462
0.614
0.588
0.541
0.601
0.303
0.745
0.763
0.710
0.499
0.546
0.529
0.394
0.422
0.492
0.573
0.512
0.416
0.654
0.772
0.681
0.586
0.601
0.425
0.416
0.555
0.553
0.342
0.413
0.590
0.298
0.440
0.367
0.428
0.550
0.548
0.514
0.410
0.327
0.349
0.437
0.446
0.550
0.353
0.281
0.476
0.319
0.531
0.298
0.514
0.502
0.634
0.285
1.005
0.987
0.431
0.167
0.384
0.252
0.338
0.529
0.338
0.276
0.226
0.252
0.202
0.220
0.189
0.371
0.294
0.087
0.101
0.182
0.101
0.113
0.000
0.281
0.285
0.226
0.242
0.160
0.252
0.143
0.167
0.202
0.272
0.276
0.267
0.262
0.242
0.276
0.349
0.323
0.307
0.311
0.346
0.237
0.281
0.208
0.311
0.298
0.307
0.327
0.342
0.315
0.311
0.226
0.315
0.276
0.220
0.202
0.195
0.220
0.267
0.208
0.257
0.303
0.272
0.367
0.407
0.357
0.381
0.290
0.377
0.285
0.360
0.298
0.307
0.202
0.257
0.167
0.202
0.182
0.175
0.208
0.160
0.315
0.294
0.307
0.267
0.247
0.160
0.247
0.242
0.281
0.281
0.175
0.285
0.267
0.335
0.384
0.360
0.331
0.294
0.462
0.410
0.381
0.425
0.457
0.307
0.360
0.580
0.311
0.290
0.262
0.175
0.394
0.443
0.315
0.315
0.357
0.425
0.374
0.276
0.262
0.353
0.357
0.377
0.315
0.272
0.294
0.367
0.267
0.252
0.262
0.319
0.189
0.214
0.307
0.175
0.257
0.195
0.276
0.276
0.257
0.294
0.281
0.349
0.290
0.237
0.276
0.231
0.220
0.226
0.400
0.349
0.276
0.220
0.220
0.298
0.226
0.237
0.360
0.290
0.262
0.182
0.124
0.202
0.000
0.160
0.208
0.262
0.381
0.660
0.607
0.743
0.706
0.610
0.874
0.294
0.534
0.413
0.960
0.745
0.208
0.407
0.371
0.327
0.437
0.315
0.290
0.534
0.650
0.507
0.660
0.419
0.462
0.929
1.013
0.753
0.536
0.559
0.349
0.628
0.781
0.820
0.688
0.665
0.593
0.593
0.509
0.573
0.440
0.539
0.740
0.724
0.607
0.195
0.443
0.568
0.690
0.741
0.626
0.665
0.451
0.706
0.504
0.514
0.311
0.630
0.882
1.036
0.648
0.413
0.124
0.226
0.454
0.000
0.113
0.151
0.391
0.726
0.950
0.740
0.809
1.025
1.034
1.037
0.999
0.582
0.413
1.056
0.724
0.915
0.760
0.443
0.311
0.367
0.451
0.509
0.536
0.555
0.522
0.410
0.338
0.311
0.539
0.519
0.440
0.367
0.612
0.492
0.413
0.597
0.519
0.605
0.413
0.175
0.272
0.303
0.303
0.294
0.353
0.143
0.220
0.189
0.175
0.133
0.167
0.151
0.267
0.202
0.214
0.226
0.294
0.160
0.101
0.143
0.202
0.208
0.272
0.319
0.160
0.290
0.285
0.311
0.285
0.303
0.311
0.257
0.151
0.294
0.364
0.514
0.514
0.237
0.484
0.519
0.285
0.499
0.489
0.557
0.303
0.281
0.276
0.319
0.294
0.237
0.208
0.237
0.247
0.220
0.182
0.315
0.331
0.267
0.290
0.303
0.428
0.437
0.465
0.400
0.331
0.307
0.397
0.281
0.323
0.323
0.303
0.303
0.323
0.267
0.315
0.307
0.331
0.208
0.367
0.290
0.272
0.294
0.252
0.377
0.220
0.290
0.285
0.294
0.335
0.252
0.267
0.252
0.226
0.524
0.476
0.502
0.527
0.486
0.507
0.529
0.497
0.189
0.237
0.182
0.267
0.494
0.473
0.331
0.443
0.397
0.489
0.454
0.462
0.497
0.281
0.281
0.252
0.262
0.276
0.335
0.290
0.276
0.242
0.294
0.327
0.311
0.272
0.151
0.252
0.349
0.484
0.407
0.387
1.041
1.031
0.958
0.652
0.588
0.810
0.566
0.000
0.660
0.564
0.541
0.377
0.584
0.573
0.360
0.562
0.517
0.507
0.573
0.745
0.531
0.195
0.182
0.189
0.294
0.652
0.416
0.566
0.462
0.473
0.550
0.568
0.394
0.384
0.692
0.777
0.904
0.626
0.669
0.798
0.799
0.961
0.901
0.835
0.738
0.550
0.671
0.720
0.717
0.381
0.101
0.454
0.323
0.000
0.257
0.607
1.061
0.838
0.160
0.667
0.888
1.023
0.541
0.481
0.911
0.728
0.614
0.603
0.448
0.654
0.632
0.654
0.546
0.823
0.826
0.646
0.634
0.931
1.023
1.021
0.952
1.010
1.041
0.840
0.349
0.189
0.311
1.071
0.812
0.775
0.546
0.778
0.422
0.536
0.465
0.413
0.741
0.479
0.422
0.673
0.543
0.564
0.524
0.765
0.962
1.047
0.925
0.650
0.539
0.603
0.404
0.290
0.315
0.290
0.384
0.529
0.522
0.413
0.546
0.387
0.607
0.703
0.588
0.419
0.338
0.481
0.311
0.353
0.536
0.553
0.719
0.595
0.663
0.507
0.531
0.559
0.367
0.489
0.605
0.726
0.887
0.909
0.536
0.407
0.973
0.978
0.933
0.986
0.620
0.494
0.182
0.865
0.768
0.634
0.539
0.793
0.956
0.966
0.837
0.930
0.912
0.880
0.843
0.667
0.773
0.454
0.715
0.557
0.481
0.357
0.331
0.397
0.346
0.214
0.262
0.242
0.451
0.597
0.413
0.242
0.331
0.267
0.331
0.357
0.252
0.479
0.202
0.465
0.208
0.566
0.195
0.143
0.582
0.471
0.484
0.512
0.371
0.431
0.599
0.465
0.815
0.780
0.748
0.557
0.777
0.816
0.818
0.729
0.911
0.994
1.021
0.512
0.262
0.428
0.582
0.904
0.524
0.686
0.862
0.840
0.972
1.006
1.091
0.638
0.626
0.524
0.465
0.413
0.468
0.489
0.677
0.704
0.823
0.801
0.799
0.809
0.810
0.638
0.143
0.614
0.494
0.374
0.507
0.272
0.335
0.298
0.252
0.182
0.182
0.133
0.113
0.050
0.000
0.071
0.000
0.071
0.303
0.285
0.226
0.257
0.257
0.272
0.311
0.364
0.285
0.298
0.252
0.242
0.290
0.335
0.342
0.294
0.276
0.252
0.394
0.294
0.311
0.281
0.290
0.303
0.272
0.272
0.220
0.257
0.208
0.303
0.285
0.272
0.242
0.303
0.381
0.276
0.323
0.367
0.319
0.290
0.262
0.364
0.335
0.315
0.214
0.175
0.367
0.338
0.231
0.071
0.000
0.087
0.071
0.071
0.087
0.113
0.195
0.298
0.327
0.323
0.242
0.281
0.175
0.307
0.285
0.357
0.290
0.262
0.298
0.294
0.276
0.338
0.242
0.371
0.315
0.371
0.377
0.175
0.285
0.323
0.346
0.276
0.342
0.349
0.349
0.353
0.220
0.307
0.323
0.262
0.303
0.175
0.377
0.267
0.335
0.281
0.384
0.371
0.319
0.231
0.262
0.319
0.335
0.298
0.319
0.319
0.407
0.360
0.294
0.377
0.267
0.226
0.226
0.384
0.307
0.226
0.242
0.303
0.349
0.285
0.338
0.307
0.374
0.338
0.281
0.323
0.231
0.307
0.208
0.195
0.231
0.276
0.231
0.349
0.335
0.226
0.276
0.315
0.335
0.311
0.267
0.231
0.303
0.237
0.182
0.151
0.262
0.367
0.298
0.303
0.307
0.285
0.294
0.315
0.338
0.335
0.307
0.276
0.311
0.272
0.311
0.303
0.281
0.267
0.338
0.303
0.285
0.331
0.404
0.434
0.437
0.319
0.319
0.226
0.214
0.231
0.175
0.257
0.113
0.124
0.000
0.113
0.000
0.151
0.000
0.050
0.189
0.237
0.000
0.167
0.189
0.000
0.000
0.133
0.050
0.307
0.247
0.237
0.276
0.124
0.189
0.143
0.087
0.160
0.087
0.143
0.175
0.189
0.281
0.160
0.257
0.262
0.214
0.307
0.231
0.374
0.346
0.640
0.410
0.319
0.267
0.443
0.437
0.419
0.391
0.428
0.443
0.407
0.323
0.384
0.208
0.294
0.050
0.050
0.000
0.113
0.113
0.143
0.272
0.276
0.303
0.303
0.367
0.422
0.434
0.307
0.400
0.471
0.208
0.327
0.272
0.381
0.407
0.252
0.494
0.319
0.303
0.349
0.416
0.307
0.419
0.298
0.214
0.133
0.087
0.113
0.124
0.087
0.087
0.226
0.290
0.242
0.220
0.182
0.220
0.290
0.167
0.226
0.242
0.391
0.394
0.364
0.360
0.331
0.303
0.294
0.220
0.202
0.160
0.167
0.124
0.281
0.143
0.237
0.220
0.124
0.050
0.000
0.000
0.000
0.000
0.000
0.000
0.143
0.143
0.000
0.000
0.000
0.050
0.175
0.276
0.208
0.331
0.404
0.262
0.327
0.410
0.290
0.327
0.307
0.335
0.242
0.338
0.335
0.298
0.220
0.257
0.371
0.342
0.272
0.087
0.182
0.214
0.237
0.285
0.208
0.195
0.262
0.294
0.242
0.242
0.342
0.311
0.272
0.307
0.307
0.349
0.202
0.281
0.290
0.257
0.371
0.357
0.281
0.294
0.407
0.353
0.319
0.315
0.307
0.252
0.407
0.428
0.360
0.425
0.307
0.285
0.307
0.262
0.202
0.311
0.327
0.323
0.257
0.319
0.298
0.315
0.262
0.342
0.346
0.290
0.160
0.226
0.252
0.242
0.311
0.143
0.338
0.285
0.307
1.016
0.758
0.327
0.573
0.918
0.397
0.377
0.331
0.722
0.752
0.628
0.559
0.660
0.741
0.642
0.767
0.686
0.573
0.307
0.601
0.765
0.663
0.541
0.437
0.497
0.422
0.419
0.440
0.220
0.374
0.514
0.564
0.605
0.564
0.626
0.719
0.706
0.628
0.397
0.877
0.673
0.757
0.847
0.471
0.931
0.597
0.294
0.133
0.381
0.786
0.905
1.008
1.018
1.014
0.872
0.973
0.451
0.519
0.522
0.338
0.167
0.494
0.460
0.502
0.577
0.529
0.489
0.272
0.419
0.285
0.231
0.220
0.208
0.285
0.367
0.486
0.285
0.434
0.624
0.624
0.550
0.473
0.673
0.874
0.783
0.588
0.620
0.753
0.849
0.832
0.539
0.364
0.349
0.425
0.371
0.285
0.381
0.440
0.524
0.387
0.384
0.462
0.367
0.342
0.226
0.208
0.539
0.575
0.440
0.704
0.294
0.446
0.451
0.272
0.454
0.471
0.298
0.434
0.502
0.460
0.364
0.323
0.923
0.640
0.465
0.499
0.419
0.584
0.476
0.342
0.465
0.840
0.568
0.701
0.675
0.634
0.226
0.257
0.446
0.319
0.294
0.524
0.618
0.595
0.536
0.307
0.489
0.434
0.323
0.534
0.514
0.546
0.346
0.394
0.571
0.285
0.419
0.315
0.514
0.384
0.331
0.384
0.624
0.577
0.529
0.285
0.407
0.416
0.531
0.413
1.065
0.546
0.101
0.237
0.000
0.202
0.476
0.601
0.465
0.457
0.357
0.584
0.465
0.440
0.460
0.620
0.529
0.298
0.349
0.492
0.342
0.440
0.536
0.713
0.853
0.981
0.942
1.042
0.994
1.018
0.706
0.391
0.658
0.476
0.419
0.303
0.492
0.536
0.640
0.281
0.652
0.338
0.335
0.364
0.374
0.863
0.690
0.595
0.367
0.440
0.534
0.419
0.529
0.543
0.473
0.298
0.586
0.663
0.807
0.791
0.738
0.550
0.214
0.214
0.167
0.113
0.160
0.160
0.087
0.160
0.087
0.113
0.151
0.143
0.071
0.175
0.113
0.167
0.160
0.000
0.101
0.124
0.101
0.050
0.124
0.050
0.189
0.195
0.195
0.189
0.202
0.167
0.189
0.214
0.124
0.175
0.151
0.220
0.182
0.214
0.143
0.195
0.195
0.087
0.175
0.143
0.151
0.113
0.151
0.000
0.124
0.133
0.182
0.167
0.143
0.101
0.167
0.160
0.000
0.000
0.000
0.000
0.000
0.000
0.000
0.000
0.000
0.000
0.000
0.000
0.071
0.113
0.000
0.000
0.133
0.000
0.050
0.000
0.000
0.000
0.000
0.000
0.000
0.000
0.342
0.182
0.101
0.101
0.087
0.143
0.000
0.167
0.101
0.220
0.000
0.050
0.000
0.050
0.160
0.124
0.124
0.071
0.113
0.151
0.133
0.189
0.189
0.050
0.182
0.189
0.087
0.133
0.124
0.143
0.160
0.143
0.195
0.272
0.133
0.214
0.175
0.202
0.202
0.087
0.175
0.237
0.214
0.113
0.151
0.167
0.167
0.195
0.087
0.113
0.133
0.113
0.050
0.087
0.113
0.101
0.133
0.151
0.189
0.167
0.113
0.160
0.182
0.087
0.160
0.124
0.167
0.189
0.167
0.195
0.124
0.189
0.087
0.151
0.143
0.133
0.087
0.151
0.151
0.101
0.071
0.133
0.195
0.189
0.167
0.151
0.160
0.247
0.101
0.143
0.167
0.182
0.151
0.175
0.143
0.182
0.195
0.226
0.226
0.160
0.267
0.143
0.202
0.101
0.167
0.202
0.175
0.167
0.175
0.189
0.242
0.113
0.242
0.231
0.133
0.143
0.000
0.151
0.000
0.000
0.000
0.000
0.000
0.000
0.000
0.000
0.000
0.000
0.000
0.087
0.000
0.101
0.087
0.000
0.214
0.000
0.000
0.113
0.307
0.440
0.422
0.451
0.454
0.440
0.311
0.285
0.237
0.342
0.294
0.226
0.315
0.315
0.381
0.484
0.582
0.504
0.214
0.575
0.770
0.738
0.648
0.763
0.757
0.846
0.956
0.775
0.431
0.431
0.497
0.262
0.272
0.391
1.034
0.546
0.189
0.541
0.793
0.710
0.734
0.681
0.699
0.527
0.476
0.726
0.601
0.841
0.719
0.877
0.931
0.781
0.697
0.770
0.622
0.748
0.916
0.654
0.799
0.796
0.833
0.374
0.894
0.982
0.757
0.724
0.603
0.422
0.568
0.644
0.916
0.793
0.830
0.927
0.660
0.826
0.669
0.548
0.327
0.726
0.460
0.536
0.494
0.272
0.801
0.929
0.827
0.823
0.548
0.950
0.979
0.584
0.242
0.586
0.679
0.658
0.476
0.387
0.555
0.377
0.167
0.443
0.394
0.377
0.507
0.331
0.252
0.416
0.440
0.586
0.360
0.360
0.693
0.760
0.684
0.524
0.384
0.231
0.391
0.550
0.548
0.346
0.374
0.473
0.437
0.384
0.404
0.387
0.397
0.247
0.360
0.384
0.473
0.454
0.446
0.522
0.573
0.327
0.509
0.479
0.440
0.367
0.481
0.517
0.517
0.517
0.267
0.311
0.357
0.519
0.290
0.214
0.360
0.315
0.391
0.319
0.529
0.377
0.468
0.425
0.397
0.446
0.509
0.660
0.720
0.807
0.830
0.720
0.220
0.486
0.644
0.746
0.650
0.799
0.667
0.642
0.778
0.826
0.706
0.257
0.765
0.916
0.832
0.919
0.796
0.741
0.807
0.860
0.911
0.807
0.584
0.832
0.588
0.562
0.741
0.682
0.826
0.646
0.546
0.638
0.911
0.699
0.357
0.371
0.272
0.374
0.281
0.113
0.267
0.440
0.497
0.527
0.428
0.507
0.397
0.536
0.656
0.888
0.642
0.555
0.837
1.008
1.010
1.020
1.021
0.976
0.733
0.669
0.509
0.509
0.489
0.486
0.428
0.407
0.315
0.479
0.682
0.374
0.471
0.607
0.905
0.878
1.001
0.858
0.772
0.290
0.208
0.564
0.323
0.202
0.710
0.522
0.531
0.514
0.499
0.753
0.710
0.815
0.748
0.692
0.750
0.597
0.688
0.763
0.765
0.499
0.285
0.276
0.195
0.202
0.231
0.202
0.175
0.087
0.167
0.124
0.124
0.050
0.167
0.189
0.214
0.189
0.124
0.050
0.182
0.267
0.252
0.298
0.335
0.242
0.237
0.331
0.262
0.342
0.364
0.346
0.276
0.331
0.231
0.294
0.195
0.214
0.220
0.247
0.000
0.000
0.113
0.000
0.000
0.214
0.285
0.262
0.307
0.342
0.323
0.252
0.319
0.247
0.349
0.335
0.307
0.182
0.231
0.133
0.182
0.071
0.151
0.208
0.294
0.214
0.342
0.311
0.257
0.276
0.257
0.335
0.319
0.272
0.276
0.262
0.353
0.394
0.285
0.252
0.267
0.242
0.290
0.303
0.226
0.247
0.189
0.247
0.182
0.327
0.202
0.303
0.262
0.247
0.290
0.231
0.272
0.298
0.374
0.167
0.357
0.294
0.267
0.252
0.202
0.285
0.202
0.303
0.276
0.377
0.231
0.462
0.654
0.298
0.237
0.189
0.167
0.242
0.151
0.237
0.237
0.195
0.124
0.151
0.276
0.160
0.202
0.124
0.557
0.387
0.512
0.281
0.315
0.519
0.182
0.319
0.499
0.276
0.167
0.124
0.195
0.252
0.195
0.208
0.151
0.202
0.231
0.124
0.195
0.182
0.226
0.257
0.226
0.226
0.208
0.231
0.247
0.319
0.349
0.252
0.323
0.267
0.267
0.387
0.387
0.294
0.257
0.175
0.346
0.307
0.307
0.323
0.342
0.272
0.226
0.226
0.311
0.323
0.252
0.281
0.257
0.208
0.262
0.311
0.226
0.267
0.202
0.208
0.160
0.133
0.182
0.214
0.231
0.113
0.113
0.124
0.000
0.000
0.000
0.307
0.298
0.323
0.307
0.346
0.285
0.557
0.381
0.381
0.262
0.160
0.143
0.000
0.000
0.000
0.113
0.000
0.050
0.000
0.101
0.000
0.000
0.000
0.087
0.101
0.000
0.050
0.050
0.000
0.000
0.000
0.000
0.000
0.214
0.113
0.113
0.000
0.000
0.000
0.000
0.000
0.000
0.000
0.000
0.000
0.000
0.000
0.000
0.000
0.175
0.167
0.000
0.113
0.000
0.000
0.000
0.124
0.000
0.101
0.000
0.000
0.071
0.000
0.133
0.335
0.160
0.087
0.000
0.113
0.303
0.000
0.151
0.262
0.101
0.175
0.214
0.327
0.298
0.167
0.242
0.195
0.353
0.247
0.942
0.765
0.338
0.531
0.677
0.748
0.634
0.101
0.562
0.856
0.809
0.693
0.262
0.642
0.665
0.796
0.431
0.546
0.775
0.541
0.648
0.577
0.741
0.539
0.607
0.557
0.242
0.677
0.638
0.650
0.601
0.671
0.626
0.610
0.394
0.673
0.593
0.675
0.357
0.311
0.242
0.220
0.214
0.242
0.113
0.195
0.202
0.124
0.323
0.113
0.167
0.124
0.489
0.437
0.571
0.346
0.517
0.497
0.377
0.143
0.202
0.242
0.143
0.214
0.267
0.214
0.101
0.360
0.247
0.220
0.342
0.267
0.562
0.367
0.394
0.484
0.437
0.327
0.189
0.071
0.529
0.454
0.394
0.494
0.367
0.562
0.571
0.384
0.440
0.618
0.634
0.394
0.346
0.407
0.298
0.338
0.237
0.486
0.557
0.489
0.377
0.384
0.494
0.785
0.624
0.704
0.663
0.673
0.783
0.801
0.734
0.724
0.726
0.820
0.832
0.610
0.443
0.656
0.710
0.522
0.740
0.902
0.765
0.638
0.489
0.448
0.522
0.462
0.476
0.434
0.276
0.484
0.743
0.748
0.699
0.394
0.404
0.307
0.208
0.353
0.214
0.338
0.267
0.303
0.133
0.167
0.151
0.143
0.087
0.175
0.160
0.189
0.182
0.195
0.167
0.124
0.276
0.182
0.237
0.220
0.294
0.323
0.252
0.257
0.208
0.220
0.315
0.208
0.290
0.208
0.220
0.346
0.290
0.303
0.202
0.311
0.319
0.276
0.349
0.319
0.226
0.247
0.307
0.298
0.294
0.327
0.226
0.331
0.267
0.226
0.440
0.577
0.331
0.231
0.303
0.307
0.237
0.303
0.327
0.335
0.342
0.303
0.448
0.242
0.124
0.189
0.143
0.160
0.133
0.151
0.101
0.101
0.000
0.124
0.101
0.267
0.315
0.285
0.294
0.276
0.247
0.319
0.541
0.377
0.391
0.514
0.484
0.298
0.422
0.582
0.595
0.548
0.519
0.746
0.972
0.991
0.918
0.335
0.486
0.349
0.346
0.628
0.897
0.446
0.451
0.262
0.527
0.642
0.454
0.338
0.603
0.644
0.419
0.202
0.160
0.182
0.650
0.688
0.582
0.272
0.517
0.431
0.319
0.531
0.276
0.262
0.407
0.462
0.801
0.476
0.548
0.703
0.502
0.605
0.650
0.404
0.428
0.457
0.237
0.371
0.387
0.543
0.494
0.677
0.684
0.381
0.247
0.410
0.479
0.471
0.492
0.425
0.397
0.590
0.595
0.603
0.722
0.773
0.734
0.360
0.616
0.799
0.628
0.648
0.741
0.767
0.703
0.930
0.580
0.267
0.407
0.220
0.381
0.257
0.364
0.208
0.267
0.113
0.151
0.050
0.133
0.050
0.000
0.143
0.143
0.160
0.124
0.167
0.276
0.298
0.101
0.101
0.050
0.151
0.151
0.000
0.202
0.071
0.151
0.000
0.208
0.220
0.377
0.564
0.740
0.796
0.957
0.999
0.916
0.898
0.646
0.719
0.638
0.773
0.914
0.818
0.820
0.548
0.832
0.765
0.593
0.404
0.519
0.527
0.476
0.242
0.681
0.634
0.658
0.522
0.695
0.327
0.524
0.695
0.731
0.599
0.753
0.693
0.823
0.949
0.640
0.914
0.923
0.715
0.440
0.603
0.801
0.640
0.507
0.384
0.590
0.479
0.494
0.481
0.546
0.346
0.208
0.346
0.377
0.257
0.257
0.294
0.237
0.189
0.113
0.323
0.242
0.397
0.564
0.281
0.294
0.143
0.267
0.151
0.257
0.531
0.527
0.502
0.517
0.593
0.541
0.826
0.529
0.710
0.662
0.708
0.349
0.335
0.517
0.507
0.640
0.807
0.775
0.884
0.897
0.953
0.996
1.018
0.748
0.568
0.400
0.804
0.966
0.965
0.970
0.703
1.128
0.907
0.507
0.522
0.632
0.428
0.692
0.752
0.692
0.413
0.603
0.400
0.349
0.504
0.353
0.404
0.590
0.410
0.457
0.387
0.272
0.381
0.331
0.422
0.440
0.507
0.489
0.767
0.743
0.704
0.597
0.307
0.175
0.290
0.360
0.315
0.492
0.555
0.434
0.462
0.311
0.338
0.437
0.479
0.872
0.813
0.536
0.622
0.404
0.410
0.584
0.575
0.642
0.667
0.656
0.703
0.673
0.850
0.865
0.880
0.929
0.307
0.992
0.970
0.858
1.013
0.994
0.791
0.124
0.364
0.237
0.381
0.247
0.319
0.290
0.290
0.189
0.257
0.294
0.303
0.272
0.195
0.319
0.290
0.298
0.208
0.182
0.160
0.319
0.262
0.252
0.443
0.404
0.327
0.319
0.208
0.272
0.226
0.357
0.285
0.267
0.290
0.311
0.276
0.298
0.303
0.327
0.276
0.338
0.272
0.319
0.391
0.397
0.331
0.294
0.237
0.276
0.338
0.247
0.252
0.311
0.335
0.374
0.182
0.384
0.319
0.267
0.327
0.311
0.331
0.338
0.202
0.323
0.315
0.281
0.167
0.175
0.000
0.133
0.133
0.087
0.208
0.202
0.220
0.133
0.000
0.151
0.182
0.143
0.087
0.272
0.311
0.381
0.298
0.195
0.342
0.349
0.242
0.237
0.276
0.272
0.298
0.367
0.290
0.290
0.151
0.364
0.448
0.247
0.267
0.353
0.226
0.377
0.397
0.374
0.394
0.311
0.247
0.422
0.226
0.262
0.237
0.276
0.226
0.303
0.298
0.267
0.267
0.303
0.242
0.272
0.226
0.272
0.252
0.226
0.346
0.281
0.281
0.252
0.276
0.195
0.272
0.374
0.349
0.175
0.220
0.262
0.214
0.175
0.226
0.307
0.151
0.242
0.226
0.208
0.160
0.338
0.404
0.167
0.307
0.267
0.298
0.242
0.220
0.285
0.342
0.195
0.101
0.189
0.247
0.391
0.247
0.327
0.262
0.113
0.195
0.357
0.335
0.360
0.311
0.307
0.220
0.214
0.262
0.298
0.262
0.315
0.624
0.272
0.394
0.276
0.497
0.514
0.342
0.303
0.566
0.214
0.391
0.294
0.346
0.267
0.323
0.202
0.242
0.214
0.242
0.237
0.182
0.276
0.290
0.285
0.257
0.208
0.346
0.331
0.272
0.353
0.220
0.331
0.226
0.101
0.367
0.214
0.167
0.195
0.226
0.214
0.257
0.272
0.231
0.231
0.220
0.272
0.226
0.281
0.281
0.267
0.311
0.307
0.281
0.307
0.298
0.247
0.195
0.220
0.335
0.151
0.262
0.247
0.189
0.167
0.202
0.143
0.237
0.237
0.252
0.220
0.303
0.160
0.133
0.182
0.000
0.160
0.071
0.160
0.360
0.189
0.272
0.364
0.460
1.006
0.610
0.484
0.237
0.524
0.531
0.546
0.719
0.901
0.981
1.028
0.437
0.926
0.539
0.586
0.741
0.534
0.874
0.695
0.916
0.692
0.167
0.331
0.476
1.167
0.734
0.650
0.509
0.465
0.462
0.457
0.486
0.586
0.901
0.937
1.151
1.040
0.486
0.571
0.257
0.534
0.605
0.731
0.595
0.622
0.593
0.431
0.479
0.384
