0.731
0.146
0.095
0.095
0.199
0.156
0.135
0.156
0.095
0.000
0.095
0.078
0.123
0.110
0.055
0.055
0.123
0.000
0.055
0.000
0.146
0.078
0.000
0.000
0.000
0.000
0.000
0.078
0.000
0.000
0.000
0.000
0.000
0.000
0.000
0.000
0.000
0.000
0.000
0.000
0.000
0.000
0.000
0.000
0.000
0.000
0.000
0.000
0.174
0.000
0.000
0.000
0.000
0.000
0.000
0.000
0.000
0.000
0.000
0.000
0.000
0.000
0.000
0.000
0.000
0.000
0.000
0.000
0.000
0.000
0.000
0.000
0.000
0.000
0.000
0.000
0.000
0.123
0.000
0.000
0.000
0.000
0.000
0.000
0.000
0.000
0.000
0.000
0.078
0.000
0.000
0.000
0.000
0.000
0.000
0.000
0.000
0.000
0.000
0.000
0.000
0.000
0.000
0.000
0.000
0.000
0.000
0.000
0.000
0.055
0.000
0.000
0.000
0.000
0.000
0.000
0.000
0.000
0.000
0.000
0.000
0.000
0.000
0.000
0.156
0.165
0.000
0.000
0.000
0.000
0.000
0.000
0.000
0.000
0.000
0.000
0.000
0.000
0.000
0.000
0.000
0.000
0.000
0.000
0.000
0.000
0.000
0.000
0.000
0.000
0.000
0.000
0.000
0.000
0.000
0.000
0.000
0.444
0.234
0.165
0.234
0.247
0.353
0.259
0.214
0.135
0.000
0.135
0.000
0.000
0.000
0.264
0.490
0.382
0.546
0.405
0.487
0.276
0.191
0.191
0.302
0.458
0.362
0.307
0.270
0.264
0.078
0.899
0.589
0.562
0.549
0.549
0.214
0.135
0.000
0.146
0.000
0.281
0.366
0.281
0.270
0.214
0.135
0.055
0.135
0.055
0.386
0.234
0.431
0.156
0.378
0.353
0.307
0.366
0.481
0.335
0.468
0.695
0.586
0.183
0.736
0.723
0.573
0.911
0.906
0.616
0.135
0.520
0.434
0.474
0.631
0.700
0.845
0.807
0.487
0.560
0.924
0.568
0.378
0.264
0.206
0.292
0.700
0.695
0.750
0.719
0.754
0.972
0.955
0.736
0.335
0.560
0.484
0.095
0.581
0.619
0.691
0.752
0.856
0.762
0.812
0.431
0.562
0.594
0.474
0.671
0.717
0.682
0.520
0.234
0.786
0.712
0.611
0.686
0.746
0.738
0.832
0.772
0.423
0.546
0.502
0.455
0.568
0.214
0.366
0.508
0.281
0.537
0.668
0.733
0.736
0.638
0.671
0.736
0.774
0.715
0.629
0.484
0.427
0.562
0.668
0.643
0.606
0.655
0.529
0.357
0.461
0.451
0.401
0.484
0.448
0.664
0.787
0.913
0.927
0.974
0.899
0.961
0.852
0.918
0.974
0.975
0.906
0.884
0.985
0.461
0.441
0.684
0.795
0.756
0.847
0.988
0.995
0.858
0.321
0.146
0.095
0.095
0.123
0.078
0.719
0.594
0.671
0.357
0.349
0.366
0.270
0.259
0.000
0.156
0.078
0.078
0.000
0.135
0.078
0.078
0.000
0.000
0.000
0.000
0.000
0.000
0.000
0.095
0.000
0.000
0.000
0.135
0.000
0.078
0.000
0.000
0.000
0.000
0.000
0.191
0.000
0.000
0.000
0.000
0.000
0.386
0.537
0.349
0.401
0.529
0.110
0.264
0.370
0.357
0.259
0.297
0.135
0.409
0.357
0.286
0.247
0.554
0.431
0.253
0.405
0.331
0.340
0.344
0.312
0.353
0.353
0.589
0.292
0.286
0.423
0.281
0.481
0.505
0.302
0.434
0.565
0.738
0.731
0.270
0.135
0.292
0.253
0.370
0.302
0.484
0.326
0.416
0.390
0.540
0.455
0.281
0.349
0.514
0.427
0.514
0.382
0.499
0.621
0.477
0.596
0.710
0.971
0.799
0.616
0.448
0.719
0.221
0.199
0.573
0.444
0.565
0.477
0.799
0.911
0.791
0.884
1.009
0.882
0.814
0.818
0.599
0.156
0.394
0.570
0.416
0.156
0.276
0.468
0.481
0.227
0.191
0.146
0.146
0.000
0.165
0.135
0.165
0.123
0.000
0.135
0.110
0.156
0.055
0.165
0.165
0.191
0.174
0.146
0.199
0.123
0.156
0.000
0.174
0.055
0.055
0.000
0.000
0.135
0.078
0.227
0.000
0.000
0.000
0.000
0.000
0.000
0.000
0.000
0.000
0.000
0.000
0.000
0.000
0.000
0.000
0.000
0.000
0.055
0.000
0.000
0.000
0.000
0.000
0.000
0.000
0.000
0.000
0.000
0.000
0.000
0.000
0.000
0.000
0.146
0.000
0.000
0.000
0.000
0.000
0.000
0.000
0.000
0.514
0.455
0.434
0.362
0.317
0.227
0.409
0.448
0.636
0.431
0.511
0.499
0.451
0.307
0.431
0.537
0.461
0.253
0.234
0.227
0.344
0.409
0.353
0.344
0.474
0.570
0.626
0.733
0.799
0.458
0.614
0.444
0.234
0.183
0.253
0.374
0.609
0.386
0.675
0.770
0.643
0.221
0.191
0.253
0.165
0.366
0.340
0.673
0.614
0.537
0.240
0.458
0.362
0.624
0.808
0.807
0.631
0.704
0.831
0.923
0.972
0.945
1.020
0.840
0.786
0.849
0.505
0.146
0.378
0.689
0.744
0.931
0.823
0.966
0.918
0.836
0.484
0.520
0.742
0.780
0.511
0.286
0.762
0.706
0.847
0.540
0.487
0.695
0.638
0.496
0.702
0.390
0.650
0.477
0.562
0.677
0.784
0.904
0.914
0.992
0.958
0.787
0.838
0.641
0.394
0.423
0.344
0.135
0.078
0.156
0.055
0.206
0.191
0.000
0.095
0.165
0.123
0.000
0.191
0.297
0.253
0.292
0.448
0.353
0.214
0.340
0.326
0.123
0.165
0.156
0.000
0.000
0.156
0.000
0.000
0.095
0.146
0.000
0.000
0.055
0.000
0.000
0.000
0.000
0.000
0.000
0.000
0.000
0.000
0.000
0.000
0.000
0.000
0.191
0.636
0.626
0.276
0.146
0.286
0.174
0.110
0.000
0.123
0.135
0.078
0.000
0.000
0.000
0.146
0.000
0.000
0.165
0.000
0.000
0.000
0.000
0.000
0.183
0.000
0.000
0.000
0.000
0.000
0.000
0.055
0.095
0.000
0.000
0.000
0.000
0.000
0.095
0.000
0.000
0.000
0.000
0.000
0.000
0.000
0.000
0.000
0.000
0.000
0.000
0.000
0.000
0.000
0.174
0.000
0.000
0.000
0.000
0.000
0.000
0.000
0.000
0.055
0.000
0.000
0.000
0.000
0.000
0.000
0.000
0.000
0.000
0.000
0.000
0.000
0.000
0.000
0.000
0.095
0.000
0.000
0.000
0.095
0.000
0.000
0.000
0.000
0.000
0.000
0.000
0.000
0.000
0.000
0.000
0.000
0.000
0.000
0.000
0.000
0.000
0.000
0.000
0.000
0.055
0.000
0.000
0.000
0.297
0.499
0.434
0.438
0.331
0.398
0.520
0.307
0.240
0.297
0.199
0.247
0.431
0.174
0.214
0.441
0.633
0.540
0.591
0.451
0.807
0.677
0.770
0.986
0.733
0.557
0.750
0.768
0.715
0.517
0.723
0.831
0.762
0.875
0.756
0.240
0.135
0.078
0.682
0.668
0.344
0.353
0.292
0.717
0.787
0.675
0.752
0.675
0.758
0.764
0.797
0.861
0.847
0.972
0.868
0.894
0.778
0.836
0.772
0.854
0.770
0.918
0.872
0.801
0.760
0.704
0.668
0.799
0.758
0.434
0.502
0.638
0.594
0.321
0.409
0.427
0.247
0.340
0.444
0.362
0.484
0.370
0.508
0.704
0.570
0.845
0.870
0.953
0.780
0.827
0.931
0.851
0.416
0.240
0.000
0.199
0.221
0.214
0.370
0.286
0.413
0.253
0.331
0.471
0.307
0.199
0.110
0.123
0.146
0.174
0.000
0.123
0.000
0.000
0.123
0.000
0.055
0.000
0.000
0.000
0.000
0.000
0.000
0.000
0.000
0.000
0.000
0.000
0.000
0.000
0.000
0.000
0.000
0.000
0.000
0.000
0.000
0.000
0.000
0.000
0.000
0.000
0.000
0.000
0.000
0.000
0.055
0.000
0.055
0.000
0.000
0.000
0.000
0.000
0.000
0.000
0.000
0.000
0.000
0.000
0.000
0.000
0.000
0.055
0.000
0.000
0.000
0.000
0.000
0.000
0.000
0.000
0.000
0.000
0.000
0.000
0.000
0.000
0.000
0.000
0.000
0.000
0.000
0.000
0.000
0.000
0.000
0.055
0.000
0.000
0.000
0.000
0.000
0.110
0.000
0.000
0.183
0.000
0.000
0.000
0.000
0.123
0.000
0.000
0.000
0.000
0.000
0.000
0.055
0.000
0.000
0.000
0.000
0.000
0.000
0.000
0.000
0.000
0.000
0.000
0.000
0.000
0.000
0.000
0.000
0.000
0.000
0.000
0.000
0.000
0.000
0.000
0.000
0.110
0.000
0.000
0.000
0.000
0.000
0.078
0.000
0.000
0.000
0.000
0.000
0.000
0.000
0.000
0.000
0.078
0.000
0.095
0.000
0.095
0.000
0.000
0.000
0.000
0.000
0.000
0.000
0.000
0.000
0.000
0.000
0.000
0.000
0.000
0.000
0.000
0.000
0.000
0.000
0.000
0.000
0.000
0.000
0.000
0.000
0.000
0.000
0.000
0.000
0.000
0.000
0.000
0.000
0.000
0.000
0.000
0.000
0.000
0.000
0.000
0.000
0.000
0.000
0.000
0.000
0.000
0.000
0.000
0.000
0.000
0.000
0.000
0.055
0.055
0.000
0.000
0.000
0.000
0.000
0.000
0.146
0.135
0.000
0.156
0.095
0.123
0.000
0.214
0.000
0.123
0.078
0.095
0.078
0.264
0.312
0.292
0.349
0.349
0.448
0.366
0.374
0.302
0.234
0.349
0.409
0.386
0.576
0.576
0.557
0.505
0.655
0.652
0.795
0.868
0.829
0.675
0.465
0.721
0.872
0.882
0.840
0.604
0.253
0.374
0.458
0.234
0.474
0.434
0.560
0.405
0.529
0.431
0.382
0.591
0.729
0.717
0.619
0.791
0.565
0.554
0.621
0.666
0.565
0.868
0.939
0.604
0.427
0.317
0.302
0.390
0.514
0.631
0.693
0.808
0.908
0.838
0.858
0.816
0.756
0.762
0.560
0.554
0.490
0.729
0.754
0.786
0.606
0.191
0.199
0.386
0.611
0.645
0.756
0.370
0.520
0.496
0.401
0.624
0.465
0.427
0.619
0.455
0.568
0.353
0.420
0.386
0.307
0.335
0.386
0.416
0.451
0.386
0.441
0.499
0.611
0.684
0.756
0.931
0.960
0.877
0.768
0.546
0.259
0.589
0.793
0.549
0.390
0.570
0.560
0.638
0.861
0.677
0.911
0.879
0.805
0.764
0.872
0.673
0.465
0.374
0.386
0.264
0.156
0.390
0.468
0.490
0.264
0.650
0.782
0.557
0.535
0.471
0.382
0.657
0.638
0.520
0.514
0.386
0.444
0.638
0.754
0.490
0.331
0.206
0.465
0.537
0.638
0.695
0.340
0.842
0.891
0.827
0.952
0.825
0.808
0.823
0.754
0.312
0.297
0.123
0.000
0.095
0.095
0.123
0.110
0.000
0.095
0.000
0.123
0.135
0.000
0.000
0.135
0.156
0.156
0.340
0.317
0.253
0.259
0.546
0.631
0.374
0.297
0.353
0.697
0.650
0.465
0.589
0.764
0.762
0.786
0.829
0.752
0.931
0.611
0.390
0.693
0.532
0.281
0.455
0.729
0.697
0.807
0.668
0.448
0.416
0.227
0.471
0.493
0.451
0.366
0.378
0.344
0.199
0.227
0.240
0.477
0.520
0.349
0.349
0.292
0.477
0.455
0.594
0.357
0.803
0.490
0.508
0.523
0.629
0.629
0.803
0.923
0.875
0.856
0.756
0.918
0.929
0.710
0.666
0.934
0.936
0.865
0.766
0.562
0.523
0.616
0.357
0.326
0.259
0.434
0.689
0.633
0.666
0.631
0.496
0.537
0.532
0.578
0.616
0.398
0.496
0.264
0.259
0.264
0.240
0.095
0.286
0.448
0.370
0.394
0.655
0.390
0.370
0.529
0.455
0.214
0.302
0.451
0.717
0.695
0.591
0.657
0.889
0.939
1.021
0.894
0.770
0.344
0.448
0.259
0.000
0.165
0.496
0.390
0.344
0.297
0.431
0.405
0.344
0.405
0.474
0.677
0.374
0.465
0.570
0.520
0.444
0.390
0.490
0.487
0.666
0.682
0.803
0.958
0.934
0.936
1.027
0.643
0.292
0.517
0.349
0.206
0.206
0.156
0.123
0.183
0.156
0.206
0.253
0.398
0.378
0.234
0.366
0.302
0.199
0.183
0.221
0.357
0.297
0.458
0.317
0.307
0.321
0.344
0.370
0.340
0.165
0.247
0.357
0.409
0.146
0.297
0.174
0.253
0.227
0.240
0.206
0.394
0.317
0.312
0.259
0.276
0.206
0.317
0.264
0.378
0.110
0.247
0.357
0.297
0.335
0.297
0.165
0.317
0.240
0.321
0.302
0.292
0.227
0.286
0.221
0.362
0.302
0.165
0.135
0.055
0.055
0.055
0.000
0.055
0.000
0.000
0.110
0.123
0.000
0.000
0.000
0.000
0.000
0.000
0.000
0.078
0.055
0.000
0.000
0.000
0.000
0.000
0.055
0.000
0.110
0.000
0.000
0.000
0.000
0.000
0.000
0.000
0.000
0.000
0.000
0.000
0.000
0.174
0.302
0.286
0.206
0.276
0.199
0.199
0.206
0.214
0.214
0.307
0.344
0.401
0.401
0.240
0.455
0.366
0.427
0.317
0.394
0.629
0.493
0.748
0.882
0.908
0.729
0.557
0.312
0.214
0.331
0.221
0.146
0.000
0.055
0.146
0.000
0.146
0.000
0.000
0.055
0.000
0.135
0.055
0.000
0.095
0.000
0.000
0.000
0.000
0.095
0.055
0.000
0.000
0.000
0.481
0.471
0.413
0.438
0.214
0.214
0.110
0.123
0.000
0.253
0.286
0.156
0.123
0.000
0.000
0.000
0.000
0.000
0.000
0.000
0.000
0.000
0.000
0.078
0.000
0.000
0.078
0.000
0.000
0.000
0.000
0.000
0.000
0.000
0.000
0.000
0.165
0.000
0.000
0.000
0.000
0.000
0.000
0.000
0.000
0.000
0.000
0.000
0.000
0.000
0.000
0.000
0.000
0.000
0.000
0.000
0.000
0.000
0.000
0.000
0.000
0.000
0.000
0.000
0.000
0.000
0.000
0.000
0.000
0.000
0.000
0.000
0.000
0.000
0.135
0.000
0.000
0.000
0.135
0.135
0.000
0.000
0.000
0.000
0.000
0.000
0.000
0.000
0.000
0.135
0.135
0.095
0.000
0.123
0.000
0.000
0.000
0.000
0.000
0.000
0.000
0.000
0.000
0.000
0.000
0.000
0.000
0.264
0.110
0.234
0.206
0.146
0.183
0.247
0.227
0.331
0.401
0.270
0.317
0.416
0.523
0.565
0.636
0.596
0.782
0.859
0.880
0.971
0.896
0.551
0.382
0.490
0.710
0.643
0.586
0.836
0.843
0.756
0.570
0.297
0.444
0.451
0.594
0.353
0.344
0.468
0.589
0.529
0.686
0.451
0.549
0.474
0.378
0.448
0.596
0.546
0.390
0.247
0.682
0.752
0.843
0.807
0.894
0.861
0.897
0.896
0.950
0.934
0.786
0.887
0.818
0.789
0.546
0.362
0.135
0.374
0.394
0.353
0.461
0.366
0.183
0.146
0.191
0.156
0.000
0.000
0.000
0.206
0.123
0.000
0.000
0.000
0.000
0.000
0.078
0.156
0.055
0.000
0.055
0.000
0.000
0.000
0.199
0.000
0.000
0.000
0.000
0.000
0.000
0.214
0.481
0.344
0.191
0.165
0.156
0.078
0.165
0.123
0.055
0.000
0.000
0.000
0.000
0.000
0.055
0.123
0.095
0.078
0.000
0.000
0.000
0.095
0.000
0.000
0.000
0.078
0.000
0.000
0.123
0.000
0.000
0.000
0.000
0.000
0.000
0.000
0.000
0.000
0.000
0.000
0.000
0.095
0.000
0.000
0.000
0.000
0.000
0.000
0.000
0.174
0.000
0.000
0.000
0.000
0.000
0.000
0.000
0.000
0.000
0.000
0.000
0.000
0.000
0.000
0.000
0.000
0.000
0.000
0.000
0.000
0.078
0.000
0.000
0.000
0.000
0.000
0.000
0.000
0.000
0.000
0.000
0.000
0.000
0.000
0.000
0.000
0.000
0.000
0.000
0.000
0.000
0.000
0.000
0.000
0.000
0.000
0.000
0.000
0.000
0.000
0.000
0.095
0.123
0.110
0.000
0.000
0.000
0.000
0.000
0.000
0.000
0.000
0.000
0.000
0.000
0.000
0.000
0.000
0.000
0.000
0.000
0.000
0.000
0.000
0.000
0.000
0.000
0.000
0.000
0.000
0.000
0.000
0.000
0.000
0.000
0.000
0.000
0.000
0.000
0.000
0.000
0.000
0.000
0.000
0.000
0.000
0.000
0.000
0.000
0.000
0.000
0.000
0.000
0.000
0.000
0.000
0.000
0.000
0.000
0.000
0.000
0.000
0.000
0.000
0.000
0.000
0.000
0.000
0.000
0.000
0.000
0.000
0.000
0.000
0.214
0.000
0.000
0.000
0.000
0.000
0.000
0.000
0.000
0.000
0.000
0.000
0.000
0.000
0.000
0.000
0.000
0.000
0.000
0.000
0.000
0.000
0.000
0.000
0.000
0.000
0.000
0.000
0.000
0.000
0.000
0.000
0.000
0.000
0.000
0.000
0.000
0.000
0.000
0.000
0.000
0.000
0.000
0.000
0.000
0.000
0.000
0.000
0.000
0.000
0.000
0.000
0.000
0.000
0.000
0.000
0.000
0.000
0.000
0.000
0.000
0.000
0.000
0.000
0.000
0.000
0.000
0.000
0.000
0.000
0.000
0.000
0.000
0.000
0.000
0.000
0.000
0.000
0.135
0.000
0.000
0.000
0.000
0.000
0.000
0.000
0.000
0.000
0.000
0.000
0.000
0.000
0.000
0.000
0.000
0.000
0.000
0.078
0.000
0.000
0.000
0.000
0.110
0.000
0.000
0.000
0.000
0.000
0.110
0.000
0.000
0.000
0.156
0.000
0.000
0.000
0.000
0.000
0.000
0.000
0.000
0.000
0.000
0.000
0.000
0.206
0.000
0.000
0.000
0.000
0.000
0.000
0.000
0.000
0.000
0.000
0.000
0.000
0.000
0.000
0.000
0.000
0.000
0.000
0.000
0.000
0.000
0.000
0.000
0.000
0.000
0.000
0.000
0.000
0.000
0.000
0.000
0.000
0.000
0.000
0.000
0.000
0.000
0.000
0.000
0.000
0.000
0.000
0.000
0.000
0.000
0.000
0.000
0.000
0.000
0.000
0.000
0.000
0.000
0.000
0.000
0.000
0.000
0.000
0.000
0.000
0.000
0.000
0.000
0.000
0.000
0.000
0.000
0.000
0.000
0.000
0.000
0.000
0.000
0.000
0.000
0.000
0.000
0.000
0.000
0.000
0.000
0.000
0.000
0.000
0.000
0.000
0.000
0.000
0.000
0.000
0.055
0.000
0.000
0.000
0.110
0.000
0.110
0.000
0.055
0.000
0.000
0.000
0.000
0.000
0.000
0.000
0.000
0.000
0.000
0.000
0.000
0.000
0.000
0.000
0.000
0.000
0.000
0.000
0.000
0.000
0.000
0.000
0.000
0.000
0.174
0.000
0.000
0.000
0.000
0.000
0.000
0.000
0.000
0.000
0.000
0.000
0.000
0.000
0.000
0.000
0.000
0.000
0.000
0.000
0.000
0.000
0.000
0.000
0.000
0.000
0.000
0.000
0.000
0.000
0.000
0.000
0.000
0.000
0.000
0.000
0.000
0.000
0.000
0.000
0.000
0.000
0.000
0.000
0.000
0.000
0.000
0.000
0.000
0.000
0.000
0.000
0.000
0.000
0.000
0.000
0.000
0.000
0.000
0.000
0.000
0.000
0.000
0.000
0.000
0.000
0.000
0.000
0.000
0.000
0.000
0.000
0.000
0.000
0.000
0.000
0.000
0.000
0.000
0.000
0.000
0.000
0.000
0.000
0.000
0.000
0.000
0.000
0.000
0.000
0.000
0.000
0.000
0.000
0.000
0.000
0.000
0.000
0.000
0.000
0.000
0.000
0.000
0.000
0.000
0.000
0.000
0.000
0.000
0.000
0.000
0.000
0.000
0.000
0.000
0.000
0.000
0.000
0.000
0.000
0.000
0.000
0.000
0.000
0.000
0.165
0.110
0.000
0.000
0.000
0.000
0.000
0.000
0.000
0.000
0.110
0.123
0.000
0.000
0.000
0.000
0.000
0.123
0.000
0.000
0.000
0.078
0.000
0.000
0.000
0.000
0.000
0.000
0.000
0.000
0.000
0.000
0.000
0.000
0.000
0.000
0.000
0.000
0.000
0.000
0.000
0.000
0.000
0.000
0.000
0.000
0.000
0.000
0.000
0.000
0.000
0.000
0.000
0.000
0.000
0.000
0.000
0.000
0.000
0.000
0.000
0.000
0.000
0.000
0.000
0.000
0.000
0.000
0.000
0.000
0.000
0.000
0.000
0.000
0.000
0.000
0.000
0.000
0.000
0.000
0.000
0.000
0.000
0.000
0.000
0.000
0.000
0.000
0.000
0.000
0.000
0.000
0.000
0.000
0.000
0.000
0.000
0.095
0.206
0.214
0.199
0.234
0.240
0.174
0.227
0.110
0.000
0.000
0.227
0.123
0.000
0.000
0.191
0.183
0.183
0.000
0.110
0.191
0.183
0.110
0.110
0.123
0.199
0.206
0.110
0.199
0.191
0.191
0.000
0.000
0.146
0.000
0.000
0.000
0.123
0.000
0.000
0.110
0.000
0.000
0.000
0.000
0.000
0.000
0.110
0.146
0.183
0.259
0.247
0.221
0.199
0.247
0.240
0.281
0.409
0.378
0.183
0.199
0.191
0.191
0.165
0.000
0.055
0.000
0.135
0.123
0.000
0.135
0.000
0.000
0.000
0.000
0.000
0.000
0.000
0.000
0.000
0.199
0.199
0.110
0.221
0.468
0.468
0.292
0.441
0.505
0.394
0.451
0.317
0.458
0.461
0.292
0.292
0.535
0.390
1.045
1.111
0.451
0.382
0.499
0.444
0.390
0.744
0.589
0.434
0.664
0.849
0.832
0.748
0.729
0.349
0.621
0.638
0.706
0.431
0.677
0.686
0.840
0.691
0.868
0.764
0.675
0.810
0.727
0.621
0.693
0.570
0.398
0.451
0.405
0.270
0.357
0.431
0.416
0.307
0.174
0.448
0.312
0.234
0.264
0.174
0.123
0.146
0.110
0.135
0.270
0.307
0.165
0.123
0.247
0.191
0.423
0.523
0.441
0.423
0.477
0.549
0.390
0.427
0.264
0.312
0.398
0.370
0.349
0.362
0.704
0.682
0.455
0.413
0.471
0.409
0.394
0.611
0.514
0.631
0.378
0.537
0.487
0.710
0.744
0.866
0.950
0.847
0.675
0.292
0.286
0.484
0.307
0.353
0.286
0.247
0.227
0.135
0.240
0.165
0.156
0.123
0.135
0.000
0.156
0.078
0.123
0.110
0.110
0.095
0.123
0.123
0.135
0.156
0.000
0.000
0.156
0.055
0.095
0.000
0.000
0.156
0.000
0.110
0.095
0.000
0.000
0.135
0.000
0.000
0.000
0.000
0.000
0.000
0.000
0.000
0.110
0.000
0.000
0.000
0.000
0.000
0.000
0.000
0.000
0.000
0.000
0.000
0.000
0.000
0.055
0.000
0.000
0.000
0.000
0.000
0.000
0.000
0.110
0.000
0.000
0.000
0.000
0.146
0.000
0.000
0.123
0.000
0.000
0.000
0.000
0.000
0.000
0.000
0.000
0.000
0.000
0.000
0.000
0.000
0.174
0.000
0.000
0.000
0.000
0.000
0.000
0.000
0.000
0.000
0.000
0.000
0.000
0.000
0.000
0.000
0.000
0.000
0.000
0.000
0.000
0.000
0.095
0.000
0.000
0.000
0.000
0.000
0.000
0.000
0.000
0.000
0.146
0.123
0.000
0.000
0.000
0.000
0.000
0.000
0.000
0.000
0.000
0.000
0.000
0.000
0.000
0.000
0.000
0.000
0.000
0.000
0.000
0.000
0.000
0.000
0.000
0.000
0.000
0.000
0.000
0.000
0.000
0.000
0.000
0.000
0.000
0.000
0.000
0.000
0.000
0.000
0.000
0.000
0.000
0.000
0.000
0.156
0.000
0.000
0.000
0.000
0.000
0.000
0.000
0.000
0.000
0.000
0.000
0.000
0.135
0.000
0.000
0.000
0.000
0.000
0.000
0.000
0.000
0.000
0.000
0.000
0.000
0.000
0.000
0.000
0.000
0.000
0.000
0.000
0.055
0.000
0.000
0.000
0.000
0.000
0.000
0.000
0.000
0.000
0.000
0.000
0.000
0.000
0.000
0.183
0.110
0.000
0.000
0.000
0.000
0.000
0.000
0.000
0.110
0.000
0.000
0.000
0.000
0.000
0.000
0.000
0.000
0.000
0.000
0.000
0.000
0.000
0.000
0.146
0.110
0.095
0.078
0.156
0.174
0.165
0.078
0.123
0.095
0.199
0.146
0.135
0.183
0.183
0.110
0.123
0.110
0.110
0.165
0.146
0.165
0.165
0.000
0.000
0.214
0.110
0.055
0.135
0.183
0.174
0.123
0.055
0.146
0.055
0.000
0.000
0.156
0.123
0.000
0.135
0.078
0.000
0.156
0.156
0.199
0.165
0.156
0.206
0.165
0.146
0.174
0.135
0.110
0.156
0.135
0.247
0.078
0.199
0.199
0.055
0.174
0.165
0.270
0.191
0.199
0.156
0.165
0.191
0.234
0.199
0.135
0.055
0.000
0.110
0.165
0.146
0.078
0.199
0.123
0.110
0.183
0.174
0.191
0.206
0.135
0.174
0.135
0.055
0.214
0.123
0.135
0.095
0.183
0.135
0.078
0.174
0.191
0.214
0.174
0.165
0.206
0.165
0.110
0.123
0.095
0.183
0.259
0.227
0.183
0.174
0.078
0.156
0.156
0.110
0.095
0.146
0.191
0.146
0.110
0.191
0.165
0.078
0.078
0.055
0.156
0.146
0.000
0.123
0.123
0.095
0.135
0.055
0.135
0.135
0.055
0.146
0.000
0.123
0.095
0.000
0.110
0.095
0.078
0.078
0.055
0.000
0.078
0.146
0.123
0.123
0.123
0.078
0.078
0.135
0.135
0.165
0.221
0.206
0.270
0.270
0.174
0.135
0.191
0.000
0.055
0.095
0.000
0.000
0.000
0.055
0.000
0.078
0.146
0.156
0.000
0.000
0.174
0.156
0.234
0.221
0.292
0.264
0.227
0.378
0.240
0.240
0.270
0.378
0.240
0.353
0.276
0.297
0.331
0.221
0.302
0.183
0.302
0.183
0.191
0.312
0.174
0.183
0.270
0.276
0.264
0.214
0.259
0.000
0.000
0.000
0.000
0.000
0.000
0.000
0.078
0.000
0.000
0.000
0.000
0.000
0.000
0.000
0.055
0.000
0.000
0.206
0.000
0.000
0.000
0.000
0.000
0.000
0.000
0.000
0.055
0.000
0.000
0.000
0.000
0.078
0.000
0.000
0.000
0.000
0.000
0.000
0.000
0.000
0.000
0.000
0.000
0.000
0.000
0.000
0.000
0.000
0.000
0.000
0.000
0.000
0.000
0.000
0.000
0.000
0.000
0.000
0.000
0.000
0.000
0.000
0.000
0.000
0.174
0.000
0.000
0.000
0.000
0.146
0.000
0.000
0.000
0.000
0.000
0.000
0.000
0.000
0.000
0.000
0.000
0.000
0.000
0.000
0.000
0.000
0.000
0.000
0.000
0.000
0.000
0.000
0.000
0.000
0.000
0.000
0.000
0.000
0.000
0.000
0.000
0.000
0.000
0.000
0.000
0.000
0.000
0.000
0.000
0.000
0.000
0.000
0.000
0.000
0.000
0.000
0.000
0.000
0.000
0.000
0.000
0.000
0.000
0.000
0.000
0.000
0.000
0.000
0.000
0.000
0.000
0.000
0.000
0.000
0.000
0.000
0.000
0.000
0.000
0.000
0.000
0.000
0.221
0.000
0.000
0.000
0.055
0.000
0.000
0.000
0.000
0.000
0.000
0.000
0.000
0.000
0.000
0.000
0.000
0.000
0.000
0.000
0.000
0.000
0.000
0.000
0.000
0.000
0.000
0.000
0.000
0.000
0.000
0.000
0.000
0.000
0.000
0.000
0.000
0.000
0.000
0.000
0.000
0.000
0.000
0.000
0.000
0.000
0.000
0.000
0.000
0.000
0.000
0.000
0.000
0.000
0.000
0.000
0.000
0.000
0.000
0.174
0.000
0.000
0.000
0.055
0.000
0.146
0.110
0.000
0.000
0.000
0.000
0.000
0.000
0.000
0.000
0.000
0.000
0.000
0.000
0.000
0.000
0.000
0.000
0.000
0.000
0.000
0.000
0.000
0.000
0.000
0.000
0.000
0.000
0.000
0.000
0.000
0.000
0.000
0.055
0.000
0.000
0.000
0.000
0.110
0.156
0.000
0.000
0.000
0.000
0.000
0.000
0.000
0.000
0.000
0.000
0.000
0.000
0.000
0.000
0.000
0.000
0.000
0.000
0.000
0.000
0.227
0.000
0.000
0.000
0.000
0.000
0.000
0.000
0.000
0.000
0.000
0.000
0.000
0.000
0.000
0.000
0.000
0.000
0.000
0.000
0.000
0.000
0.000
0.000
0.000
0.000
0.000
0.000
0.000
0.000
0.000
0.000
0.000
0.000
0.000
0.000
0.000
0.000
0.000
0.000
0.000
0.000
0.000
0.000
0.000
0.000
0.000
0.000
0.000
0.000
0.000
0.000
0.000
0.000
0.000
0.000
0.000
0.000
0.000
0.000
0.000
0.000
0.000
0.000
0.000
0.000
0.000
0.000
0.000
0.000
0.000
0.000
0.000
0.078
0.000
0.000
0.000
0.000
0.000
0.055
0.000
0.000
0.000
0.000
0.000
0.000
0.000
0.000
0.000
0.000
0.000
0.000
0.000
0.000
0.000
0.000
0.000
0.156
0.078
0.000
0.000
0.000
0.000
0.000
0.000
0.000
0.000
0.000
0.000
0.000
0.000
0.000
0.000
0.000
0.000
0.000
0.000
0.000
0.000
0.000
0.000
0.000
0.000
0.000
0.000
0.135
0.000
0.000
0.000
0.000
0.000
0.000
0.000
0.000
0.000
0.000
0.000
0.000
0.000
0.000
0.000
0.000
0.000
0.000
0.000
0.000
0.000
0.000
0.000
0.000
0.000
0.000
0.000
0.000
0.000
0.000
0.000
0.000
0.055
0.000
0.000
0.000
0.000
0.000
0.000
0.000
0.000
0.000
0.000
0.000
0.000
0.000
0.055
0.000
0.000
0.000
0.000
0.000
0.000
0.000
0.000
0.000
0.000
0.095
0.078
0.000
0.078
0.000
0.000
0.000
0.000
0.000
0.000
0.000
0.000
0.000
0.095
0.000
0.000
0.123
0.000
0.000
0.000
0.000
0.078
0.000
0.000
0.000
0.000
0.000
0.000
0.000
0.055
0.000
0.000
0.000
0.000
0.000
0.000
0.000
0.000
0.000
0.000
0.000
0.000
0.000
0.000
0.055
0.000
0.000
0.000
0.000
0.000
0.000
0.000
0.000
0.000
0.078
0.000
0.000
0.000
0.000
0.000
0.000
0.000
0.000
0.000
0.000
0.000
0.000
0.156
0.000
0.000
0.000
0.000
0.000
0.000
0.000
0.000
0.000
0.000
0.000
0.000
0.000
0.000
0.000
0.000
0.000
0.000
0.000
0.000
0.000
0.000
0.000
0.000
0.000
0.000
0.000
0.000
0.000
0.000
0.000
0.000
0.000
0.000
0.000
0.000
0.000
0.000
0.000
0.000
0.000
0.000
0.000
0.000
0.000
0.000
0.000
0.000
0.000
0.000
0.055
0.000
0.000
0.000
0.000
0.000
0.000
0.000
0.000
0.000
0.000
0.000
0.000
0.000
0.000
0.000
0.095
0.000
0.000
0.000
0.000
0.000
0.055
0.000
0.078
0.000
0.000
0.000
0.000
0.000
0.000
0.000
0.123
0.000
0.000
0.000
0.000
0.000
0.000
0.000
0.000
0.000
0.000
0.000
0.000
0.000
0.000
0.000
0.000
0.000
0.000
0.000
0.000
0.000
0.000
0.000
0.000
0.000
0.000
0.000
0.000
0.000
0.095
0.000
0.000
0.000
0.000
0.000
0.000
0.000
0.000
0.000
0.000
0.000
0.214
0.146
0.000
0.000
0.000
0.000
0.000
0.146
0.000
0.000
0.000
0.000
0.000
0.000
0.000
0.000
0.000
0.000
0.000
0.000
0.000
0.000
0.000
0.000
0.000
0.000
0.000
0.000
0.000
0.000
0.000
0.000
0.000
0.000
0.000
0.000
0.110
0.000
0.000
0.000
0.000
0.078
0.000
0.000
0.000
0.000
0.000
0.000
0.000
0.000
0.000
0.000
0.000
0.000
0.000
0.000
0.000
0.000
0.000
0.000
0.000
0.000
0.000
0.000
0.000
0.000
0.000
0.000
0.000
0.000
0.000
0.000
0.000
0.000
0.000
0.000
0.000
0.000
0.000
0.000
0.000
0.000
0.000
0.000
0.000
0.000
0.000
0.000
0.000
0.000
0.000
0.000
0.000
0.000
0.000
0.000
0.000
0.078
0.000
0.000
0.000
0.000
0.000
0.000
0.000
0.000
0.000
0.000
0.000
0.000
0.000
0.000
0.000
0.078
0.000
0.000
0.000
0.000
0.000
0.000
0.000
0.000
0.000
0.000
0.000
0.123
0.000
0.000
0.095
0.000
0.000
0.000
0.000
0.000
0.000
0.000
0.000
0.000
0.000
0.000
0.000
0.078
0.000
0.000
0.000
0.000
0.000
0.000
0.000
0.000
0.000
0.000
0.000
0.000
0.000
0.000
0.000
0.000
0.110
0.000
0.000
0.000
0.000
0.000
0.000
0.000
0.000
0.191
0.234
0.214
0.165
0.165
0.000
0.110
0.095
0.095
0.110
0.156
0.000
0.110
0.110
0.055
0.055
0.078
0.146
0.135
0.110
0.156
0.123
0.165
0.206
0.174
0.078
0.055
0.055
0.095
0.055
0.055
0.123
0.123
0.055
0.110
0.000
0.123
0.183
0.146
0.135
0.078
0.199
0.156
0.078
0.135
0.221
0.183
0.135
0.165
0.123
0.110
0.174
0.000
0.078
0.156
0.000
0.078
0.000
0.000
0.000
0.055
0.146
0.000
0.000
0.000
0.146
0.146
0.199
0.234
0.183
0.370
0.135
0.286
0.191
0.331
0.335
0.362
0.349
0.135
0.110
0.493
0.394
0.307
0.317
0.276
0.321
0.465
0.191
0.165
0.183
0.362
0.234
0.362
0.517
0.227
0.264
0.378
0.357
0.214
0.386
0.353
0.340
0.451
0.353
0.297
0.156
0.240
0.276
0.286
0.259
0.206
0.146
0.110
0.199
0.146
0.078
0.000
0.000
0.000
0.183
0.461
0.382
0.174
0.206
0.156
0.123
0.146
0.174
0.146
0.156
0.135
0.174
0.146
0.146
0.110
0.000
0.000
0.095
0.000
0.078
0.110
0.000
0.146
0.227
0.156
0.123
0.000
0.000
0.055
0.000
0.000
0.000
0.055
0.000
0.000
0.000
0.000
0.135
0.000
0.000
0.055
0.135
0.000
0.078
0.078
0.146
0.000
0.000
0.000
0.000
0.146
0.000
0.000
0.000
0.055
0.000
0.000
0.000
0.000
0.000
0.000
0.000
0.000
0.000
0.000
0.174
0.000
0.183
0.183
0.156
0.078
0.253
0.292
0.253
0.206
0.221
0.135
0.000
0.253
0.240
0.247
0.165
0.326
0.264
0.199
0.227
0.199
0.292
0.286
0.253
0.221
0.264
0.444
0.259
0.357
0.382
0.307
0.474
0.378
0.326
0.247
0.206
0.214
0.344
0.297
0.259
0.340
0.191
0.174
0.253
0.174
0.156
0.183
0.135
0.055
0.349
0.286
0.413
0.247
0.270
0.276
0.199
0.247
0.523
0.146
0.214
0.214
0.146
0.227
0.240
0.227
0.247
0.221
0.292
0.183
0.174
0.123
0.095
0.214
0.174
0.174
0.183
0.000
0.123
0.078
0.078
0.078
0.078
0.165
0.405
0.281
0.199
0.135
0.234
0.247
0.259
0.234
0.335
0.302
0.390
0.240
0.156
0.394
0.221
0.458
0.744
0.413
0.302
0.386
0.357
0.427
0.302
0.317
0.326
0.353
0.270
0.259
0.335
0.331
0.353
0.441
0.427
0.221
0.297
0.370
0.416
0.335
0.214
0.312
0.276
0.297
0.302
0.234
0.286
0.276
0.281
0.335
0.307
0.321
0.270
0.264
0.317
0.382
0.307
0.247
0.240
0.270
0.344
0.321
0.344
0.227
0.221
0.394
0.253
0.335
0.191
0.206
0.276
0.326
0.302
0.206
0.227
0.240
0.165
0.344
0.253
0.302
0.264
0.344
0.206
0.221
0.174
0.191
0.110
0.206
0.214
0.135
0.146
0.206
0.183
0.199
0.206
0.307
0.247
0.307
0.302
0.331
0.264
0.199
0.156
0.146
0.095
0.000
0.123
0.165
0.135
0.095
0.214
0.307
0.247
0.312
0.247
0.221
0.156
0.183
0.095
0.234
0.174
0.264
0.156
0.214
0.191
0.183
0.199
0.259
0.156
0.199
0.183
0.191
0.000
0.240
0.247
0.183
0.174
0.165
0.427
0.253
0.386
0.390
0.302
0.221
0.214
0.234
0.165
0.110
0.000
0.000
0.000
0.353
0.214
0.398
0.270
0.317
0.451
0.409
0.394
0.394
0.378
0.340
0.297
0.286
0.326
0.307
0.259
0.386
0.529
0.427
0.413
0.398
0.297
0.416
0.206
0.307
0.276
0.240
0.340
0.221
0.156
0.191
0.434
0.297
0.484
0.401
0.174
0.253
0.344
0.302
0.340
0.302
0.292
0.431
0.401
0.292
0.471
0.448
0.471
0.423
0.247
0.370
0.370
0.420
0.458
0.477
0.374
0.461
0.484
0.227
0.423
0.401
0.353
0.302
0.227
0.281
0.312
0.199
0.240
0.409
0.481
0.474
0.468
0.227
0.444
0.468
0.423
0.321
0.431
0.427
0.340
0.413
0.374
0.362
0.405
0.297
0.405
0.276
0.340
0.302
0.240
0.546
0.331
0.227
0.317
0.321
0.321
0.357
0.382
0.240
0.259
0.427
0.297
0.227
0.206
0.165
0.191
0.199
0.537
0.366
0.240
0.357
0.465
0.386
0.292
0.321
0.427
0.297
0.214
0.156
0.191
0.326
0.382
0.331
0.317
0.344
0.362
0.409
0.331
0.340
0.340
0.438
0.409
0.394
0.382
0.253
0.444
0.471
0.317
0.344
0.253
0.357
0.374
0.394
0.247
0.206
0.458
0.434
0.270
0.307
0.191
0.174
0.259
0.221
0.253
0.259
0.135
0.214
0.370
0.321
0.240
0.247
0.382
0.335
0.307
0.270
