0.800
1.107
0.813
0.773
0.907
1.073
0.678
0.607
0.758
0.670
0.516
0.584
0.497
0.790
0.718
0.871
1.024
0.696
0.705
1.042
0.984
0.926
1.013
0.722
0.984
0.847
0.884
0.964
1.066
1.029
1.007
0.997
0.849
0.945
0.788
0.982
0.976
0.917
0.633
0.573
0.800
0.844
0.907
0.568
0.694
0.750
0.602
0.370
0.324
0.374
0.440
0.558
0.575
0.418
0.570
0.402
0.641
0.773
0.524
0.328
0.650
0.446
0.446
0.718
0.709
0.461
0.582
0.549
0.645
0.214
0.116
0.052
0.090
0.670
0.795
0.680
0.534
0.561
0.513
0.637
0.778
0.764
0.598
0.748
0.849
0.884
0.584
0.709
0.967
0.844
0.948
0.707
0.849
0.849
0.982
0.966
0.985
0.887
1.024
1.041
1.024
1.016
0.976
0.802
1.074
0.746
0.713
0.629
0.402
0.492
0.137
0.000
0.238
0.238
0.580
0.508
0.264
0.639
0.320
0.443
0.402
0.486
0.631
0.563
0.767
0.682
0.370
0.293
0.513
0.680
0.464
0.686
0.495
0.570
0.637
0.363
0.688
0.616
0.598
0.566
0.398
0.596
0.424
0.428
0.363
0.718
0.402
0.670
0.935
0.692
0.760
0.999
0.783
1.065
0.993
1.055
1.029
1.092
0.895
0.966
0.963
0.985
1.011
1.045
1.016
0.996
0.744
0.781
0.674
0.694
0.707
0.381
0.798
0.796
0.849
0.803
0.551
0.395
0.328
0.478
0.580
0.570
0.568
0.639
0.589
0.344
0.446
0.207
0.684
0.654
0.698
0.618
0.815
0.395
0.575
0.609
0.489
0.452
0.348
0.472
0.298
0.467
0.293
0.489
0.699
0.492
0.437
0.620
0.536
0.443
0.570
0.662
0.549
0.518
0.898
0.726
0.875
0.978
0.960
0.936
0.908
0.964
0.910
0.886
0.715
0.995
0.852
1.030
0.999
0.652
0.696
0.978
0.914
0.907
1.032
0.916
0.881
0.737
0.767
0.658
0.556
0.696
0.596
0.762
0.858
0.584
0.654
0.302
0.377
0.402
0.302
0.207
0.137
0.437
0.220
0.172
0.284
0.311
0.486
0.497
0.551
0.344
0.452
0.524
0.440
0.293
0.475
0.616
0.508
0.864
0.940
0.920
0.778
0.905
0.973
1.043
1.042
0.989
1.055
1.041
1.059
1.059
1.009
0.955
0.418
0.605
0.769
0.536
0.735
0.558
0.526
0.905
0.936
0.803
0.788
0.464
0.405
0.573
0.686
0.830
0.750
0.405
0.391
0.696
0.508
0.467
0.424
0.381
0.320
0.541
0.626
0.381
0.412
0.526
0.452
0.458
0.570
0.469
0.147
0.324
0.434
0.662
0.511
0.363
0.395
0.408
0.249
0.446
0.680
0.561
0.605
0.398
0.767
0.629
0.544
0.703
0.670
0.731
0.194
0.648
0.694
0.388
0.696
0.536
0.584
0.605
0.405
0.508
0.412
0.232
0.518
0.551
0.385
0.408
0.660
0.554
0.367
0.352
0.484
0.481
0.289
0.147
0.311
0.551
0.408
0.676
0.452
0.315
0.428
0.437
0.591
0.424
0.573
0.437
0.418
0.469
0.437
0.584
0.328
0.194
0.388
0.363
0.405
0.279
0.408
0.428
0.328
0.388
0.344
0.405
0.495
1.004
0.841
0.680
0.823
0.973
0.881
0.982
0.982
0.967
0.981
0.996
0.933
0.878
0.705
0.718
0.670
0.826
0.602
0.662
0.720
0.656
0.531
0.605
0.431
0.424
0.568
0.701
0.680
0.412
0.137
0.605
0.847
0.563
0.812
0.791
0.593
0.889
1.025
0.807
0.897
0.963
1.001
0.969
1.047
0.978
0.889
0.889
0.828
0.730
0.495
0.363
0.374
0.508
0.440
0.492
0.405
0.513
0.558
0.320
0.582
0.398
0.443
0.370
0.336
0.320
0.328
0.194
0.127
0.172
0.302
0.243
0.220
0.194
0.104
0.187
0.172
0.187
0.090
0.073
0.172
0.137
0.180
0.116
0.194
0.164
0.164
0.090
0.147
0.207
0.127
0.127
0.116
0.137
0.232
0.180
0.116
0.201
0.207
0.073
0.172
0.164
0.052
0.147
0.052
0.116
0.127
0.156
0.298
0.269
0.249
0.104
0.104
0.264
0.172
0.000
0.127
0.408
0.497
0.666
0.791
0.875
0.982
1.009
0.991
0.715
0.748
0.624
0.635
0.602
0.774
0.821
0.676
0.293
0.717
0.434
0.516
0.558
0.484
0.443
0.495
0.279
0.531
0.521
0.467
0.486
0.600
0.455
0.497
0.596
0.428
0.584
0.344
0.609
0.315
0.455
0.461
0.446
0.489
0.805
0.652
0.568
0.526
0.596
0.949
0.500
0.744
0.573
0.713
0.936
0.874
0.637
0.648
0.831
0.948
0.860
0.841
0.943
0.978
1.009
1.056
1.075
1.052
1.099
1.047
1.085
0.884
1.104
0.982
0.484
0.591
0.711
0.699
0.503
0.440
0.676
0.500
0.798
0.652
0.607
0.293
0.412
0.544
0.486
0.508
0.684
0.932
0.995
0.556
0.511
0.589
0.709
0.645
0.486
0.534
0.481
0.475
0.449
0.475
0.486
0.516
0.618
0.692
0.633
0.690
0.733
0.901
0.985
1.005
1.017
1.057
1.049
0.905
0.945
1.023
1.027
1.011
0.989
0.724
0.156
0.073
0.549
0.757
0.842
0.593
0.497
0.539
0.352
0.428
0.484
0.363
0.609
0.434
0.269
0.558
0.641
0.607
0.374
0.497
0.529
0.762
0.580
0.443
0.484
0.284
0.472
0.591
0.652
0.486
0.398
0.497
0.546
0.607
0.633
0.116
0.495
0.446
0.395
0.802
0.656
0.680
0.554
0.598
0.575
0.405
0.526
0.503
0.694
0.437
0.377
0.452
0.508
0.605
0.703
0.796
0.767
0.878
0.872
1.019
0.805
1.021
1.056
0.984
0.995
1.016
1.024
1.080
1.078
1.047
0.823
1.042
0.850
0.489
0.650
0.985
0.613
0.676
0.591
0.713
0.497
0.863
0.622
0.616
0.324
0.187
0.073
0.226
0.201
0.000
0.090
0.073
0.000
0.000
0.000
0.000
0.609
0.690
0.289
0.180
0.127
0.156
0.000
0.000
0.000
0.000
0.000
0.641
0.815
0.554
0.884
1.015
0.730
0.641
0.711
0.264
0.779
0.561
0.526
0.800
0.715
0.715
0.847
0.860
0.753
0.779
0.779
0.418
0.500
0.841
0.707
0.846
0.750
0.833
0.680
0.960
0.620
0.558
0.825
0.900
0.913
0.952
0.955
0.926
0.884
0.703
0.518
0.709
0.863
0.900
0.674
0.737
0.676
0.551
0.336
0.398
0.481
0.381
0.558
0.503
0.624
0.264
0.518
0.437
0.746
0.524
0.611
0.408
0.344
0.000
0.090
0.000
0.127
0.090
0.147
0.521
0.289
0.147
0.073
0.000
0.546
0.340
0.370
0.328
0.052
0.116
0.127
0.052
0.127
0.090
0.116
0.000
0.000
0.000
0.052
0.104
0.127
0.000
0.052
0.052
0.284
0.249
0.264
0.405
0.320
0.172
0.405
0.172
0.000
0.116
0.328
0.505
0.469
0.187
0.489
0.302
0.449
0.307
0.289
0.302
0.254
0.469
0.563
0.302
0.370
0.431
0.495
0.524
0.437
0.566
0.418
0.549
0.731
0.381
0.624
0.492
0.544
0.421
0.678
0.633
0.577
0.437
0.654
0.611
0.587
0.388
0.711
0.570
0.573
0.626
0.674
0.495
0.618
0.279
0.469
0.526
0.635
0.573
0.643
0.707
0.692
0.778
0.914
0.838
0.919
0.942
0.895
1.027
0.783
0.852
0.982
0.762
0.863
0.858
0.881
0.813
0.892
0.813
1.043
0.660
0.600
0.833
0.589
0.908
0.428
0.418
0.587
0.497
0.497
0.421
0.328
0.415
0.408
0.563
0.526
0.658
0.684
0.622
0.720
0.668
0.662
0.664
0.779
0.905
0.964
1.000
1.054
0.903
1.000
1.040
0.633
0.742
0.826
0.359
0.284
0.298
0.243
0.720
0.332
0.232
0.180
0.232
0.172
0.214
0.226
0.269
0.201
0.226
0.315
0.302
0.226
0.332
0.269
0.207
0.226
0.214
0.238
0.254
0.220
0.232
0.207
0.259
0.254
0.348
0.307
0.269
0.289
0.279
0.180
0.194
0.249
0.264
0.274
0.352
0.388
0.289
0.259
0.391
0.402
0.395
0.434
0.385
0.355
0.446
0.408
0.381
0.385
0.336
0.307
0.428
0.421
0.311
0.352
0.449
0.428
0.428
0.249
0.455
0.431
0.367
0.484
0.508
0.332
0.348
0.391
0.315
0.298
0.352
0.340
0.469
0.589
0.573
0.711
0.771
0.815
0.970
1.017
1.013
0.923
0.869
0.956
0.971
0.781
0.715
0.589
0.654
0.662
0.733
0.631
0.541
0.391
0.539
0.664
0.315
0.503
0.624
0.269
0.497
0.613
0.461
0.731
0.656
0.584
0.582
0.849
0.898
0.434
0.558
0.412
0.500
0.620
0.556
0.626
0.600
0.798
0.573
0.699
0.767
0.718
0.796
0.753
0.766
0.892
0.826
0.974
0.850
0.769
0.440
0.370
0.232
0.090
0.073
0.180
0.164
0.000
0.164
0.000
0.000
0.000
0.172
0.000
0.104
0.000
0.172
0.000
0.000
0.639
0.699
0.666
0.847
0.970
1.034
0.956
0.949
1.059
1.034
0.932
1.049
1.041
1.064
1.019
0.825
0.923
0.645
0.486
0.696
0.672
0.531
0.587
0.605
0.492
0.402
0.302
0.440
0.541
0.524
0.680
0.307
0.458
0.694
0.744
0.869
0.946
1.024
1.028
1.060
1.052
1.060
1.059
1.049
1.041
1.021
0.836
1.071
0.656
0.602
0.815
0.774
0.932
0.791
0.841
0.900
0.536
0.746
0.707
0.686
0.652
0.511
0.688
0.539
0.598
0.437
0.602
0.643
0.701
0.696
0.771
0.670
0.684
0.418
0.503
0.620
0.730
0.779
0.839
0.825
0.558
0.446
0.767
0.864
0.929
0.891
0.914
0.886
0.748
0.864
0.872
0.680
0.956
1.050
1.094
1.064
1.089
1.051
1.040
0.758
0.709
0.497
0.656
0.458
0.455
0.469
0.767
0.767
0.503
0.415
0.526
0.726
0.591
0.437
0.616
0.645
0.575
0.529
0.363
0.381
0.570
0.682
0.813
0.901
1.017
1.055
1.021
1.052
1.054
0.997
1.042
1.009
1.055
0.971
0.974
1.013
1.028
0.946
0.910
0.796
0.654
0.758
0.573
0.698
0.207
0.521
0.580
0.645
0.398
0.478
0.467
0.484
0.577
0.536
0.481
0.539
0.289
0.566
0.408
0.587
0.521
0.660
0.428
0.534
0.591
0.577
0.658
0.513
0.650
0.561
0.489
0.395
0.405
0.705
0.911
0.914
0.776
0.737
0.741
0.405
0.895
0.735
0.917
0.668
0.720
0.786
0.742
0.742
0.874
0.778
0.486
0.600
0.541
0.633
0.666
0.481
0.355
0.311
0.254
0.238
0.348
0.492
0.449
0.279
0.377
0.232
0.311
0.328
0.395
0.469
0.633
0.391
0.412
0.340
0.180
0.147
0.127
0.052
0.000
0.137
0.180
0.000
0.172
0.000
0.000
0.000
0.000
0.127
0.180
0.000
0.180
0.000
0.000
0.000
0.116
0.000
0.000
0.254
0.249
0.461
0.437
0.220
0.207
0.249
0.311
0.370
0.458
0.526
0.370
0.355
0.531
0.328
0.000
0.116
0.000
0.137
0.116
0.090
0.220
0.352
0.336
0.431
0.324
0.315
0.355
0.370
0.324
0.284
0.370
0.340
0.344
0.452
0.544
0.431
0.408
0.539
0.561
0.556
0.613
0.534
0.637
0.434
0.458
0.340
0.505
0.529
0.440
0.563
0.602
0.587
0.701
0.568
0.688
0.757
0.831
1.008
0.839
0.960
0.707
0.709
0.735
0.717
0.631
0.568
0.577
0.769
0.443
0.526
0.584
0.624
0.566
0.556
0.735
0.633
0.907
0.820
0.986
1.063
0.881
1.001
1.028
0.925
0.938
1.009
1.056
1.016
1.041
1.060
0.950
0.810
0.779
0.863
0.860
0.735
0.722
0.508
0.558
0.568
0.467
0.481
0.302
0.609
0.577
0.598
0.440
0.428
0.194
0.194
0.254
0.593
0.194
0.593
0.593
0.813
0.648
0.699
0.726
0.650
0.446
0.529
0.412
0.431
0.666
0.536
0.370
0.478
0.437
0.524
0.605
0.478
0.534
0.575
0.446
0.688
0.580
0.656
0.602
0.855
0.905
0.813
0.816
0.758
0.836
0.959
0.820
0.582
0.652
0.643
0.670
0.781
0.760
0.676
0.633
0.705
0.518
0.626
0.855
0.639
0.633
0.785
0.798
1.041
0.735
0.831
0.849
0.841
0.591
0.805
0.676
0.654
0.546
0.637
0.513
0.666
0.549
0.582
0.298
0.449
0.424
0.449
0.587
0.243
0.259
0.090
0.180
0.391
0.180
0.147
0.156
0.551
0.370
0.678
0.637
0.730
0.561
0.913
0.699
0.850
0.948
0.978
1.015
1.040
0.988
0.991
1.023
1.029
1.025
1.000
0.988
0.904
0.986
0.900
0.855
0.834
0.905
0.895
0.818
0.421
0.194
0.381
0.377
0.367
0.284
0.298
0.249
0.207
0.311
0.207
0.315
0.293
0.147
0.147
0.090
0.172
0.000
0.156
0.147
0.147
0.000
0.052
0.187
0.629
0.551
0.658
0.418
0.513
0.568
0.622
0.541
0.418
0.408
0.320
0.332
0.556
0.370
0.511
0.495
0.431
0.720
0.446
0.513
0.917
0.467
0.778
1.027
0.875
0.541
0.645
0.446
0.652
0.641
0.680
0.658
0.412
0.461
0.558
0.348
0.363
0.232
0.464
0.511
0.536
0.529
0.367
0.434
0.156
0.243
0.232
0.328
0.443
0.385
0.607
0.415
0.497
0.408
0.377
0.311
0.516
0.398
0.443
0.344
0.232
0.428
0.374
0.284
0.274
0.352
0.395
0.311
0.344
0.370
0.446
0.355
0.388
0.284
0.274
0.415
0.259
0.449
0.381
0.405
0.274
0.298
0.315
0.172
0.172
0.127
0.116
0.127
0.000
0.052
0.156
0.164
0.000
0.172
0.172
0.000
0.104
0.000
0.104
0.000
0.052
0.127
0.000
0.000
0.000
0.000
0.052
0.000
0.000
0.000
0.156
0.000
0.052
0.073
0.052
0.000
0.052
0.052
0.000
0.000
0.000
0.000
0.000
0.000
0.000
0.000
0.000
0.000
0.137
0.000
0.000
0.269
0.424
0.481
0.355
0.381
0.434
0.449
0.311
0.344
0.405
0.431
0.437
0.274
0.279
0.279
0.187
0.116
0.127
0.104
0.073
0.000
0.000
0.363
0.355
0.551
0.613
0.315
0.395
0.274
0.348
0.302
0.194
0.385
0.302
0.363
0.269
0.279
0.391
0.500
0.544
0.688
0.541
0.620
0.656
0.696
0.860
0.696
0.791
0.785
0.889
0.903
0.764
0.869
0.711
0.886
0.790
0.668
0.622
0.650
0.469
0.469
0.461
0.664
0.678
0.531
0.449
0.408
0.516
0.584
0.503
0.779
0.672
0.707
0.707
0.897
0.884
0.900
0.324
0.561
0.220
0.172
0.052
0.214
0.052
0.147
0.137
0.052
0.104
0.116
0.156
0.156
0.127
0.000
0.156
0.137
0.090
0.127
0.090
0.052
0.052
0.137
0.052
0.127
0.104
0.000
0.180
0.180
0.073
0.000
0.090
0.104
0.000
0.344
0.605
0.825
0.967
0.977
1.057
1.079
1.056
1.049
1.005
0.964
1.069
1.038
0.917
0.871
0.910
0.836
0.785
0.284
0.591
0.194
0.434
0.626
0.678
0.332
0.598
0.370
0.489
0.678
0.424
0.551
0.455
0.220
0.332
0.524
0.464
0.645
0.516
0.654
0.658
0.805
0.841
0.849
0.580
0.187
0.395
0.607
0.500
0.201
0.676
0.455
0.374
0.418
0.503
0.412
0.359
0.254
0.437
0.650
0.724
0.570
0.629
0.686
0.546
0.259
0.431
0.293
0.352
0.431
0.243
0.320
0.464
0.363
0.600
0.889
0.717
0.886
0.613
0.524
0.541
0.298
0.826
0.728
0.408
0.573
0.385
0.497
0.616
0.773
0.415
0.561
0.484
0.500
0.751
0.556
0.328
0.741
0.660
0.388
0.556
0.600
0.556
0.556
0.497
0.750
0.575
0.415
0.344
0.626
0.658
0.948
0.901
0.437
0.600
0.860
0.786
0.858
0.735
0.580
0.728
0.500
0.682
0.764
0.871
0.807
0.813
0.925
0.812
0.705
0.755
0.618
0.489
0.741
0.684
0.622
0.823
0.748
0.833
0.803
0.769
0.875
0.858
0.907
1.016
0.964
0.475
0.172
0.443
0.259
0.194
0.116
0.264
0.561
0.505
0.443
0.823
0.764
0.500
0.243
0.810
0.570
0.428
0.431
0.746
0.748
0.591
0.645
0.402
0.635
0.556
0.568
0.529
0.660
0.449
0.370
0.618
0.624
0.711
0.764
0.762
0.558
0.492
0.363
0.443
0.526
0.618
0.823
0.771
0.648
0.676
1.016
0.967
0.816
0.741
0.795
0.929
0.726
0.748
0.953
0.626
0.808
0.802
0.957
0.986
0.658
0.852
0.922
0.956
0.974
0.823
0.916
0.900
0.901
0.838
0.828
0.813
0.861
0.764
0.753
0.850
0.900
0.690
0.641
0.556
0.508
0.521
0.381
0.398
0.503
0.381
0.589
0.534
0.461
0.455
0.289
0.823
0.391
0.421
0.622
0.461
0.705
0.713
0.531
0.505
0.654
0.452
0.593
0.746
0.953
0.440
0.412
0.284
0.298
0.541
0.989
0.676
0.534
0.698
0.696
0.724
0.654
0.645
0.847
0.662
0.605
0.739
0.816
0.883
0.981
1.063
1.015
0.962
0.977
0.919
0.967
0.892
0.995
1.102
0.900
0.805
0.742
0.805
0.796
0.830
0.698
0.919
0.518
0.549
0.529
0.566
0.461
0.600
0.398
0.348
0.395
0.486
0.363
0.568
0.478
0.660
0.563
0.367
0.395
0.774
0.751
0.857
0.764
0.735
0.813
0.868
0.863
0.897
0.785
0.922
1.024
0.898
0.798
0.908
0.894
0.967
0.648
0.839
0.858
0.600
0.607
0.877
0.932
0.925
0.866
0.598
0.635
0.755
0.920
0.923
0.737
0.748
0.800
0.803
0.701
0.582
0.495
0.631
0.421
0.352
0.887
0.428
0.472
0.739
0.680
0.415
0.616
0.658
0.521
0.508
0.591
0.546
0.541
0.561
0.526
0.418
0.495
0.575
0.589
0.180
0.324
0.516
0.536
0.526
0.398
0.402
0.458
0.405
0.593
0.674
0.694
0.791
0.836
0.861
0.857
0.964
0.820
0.820
0.684
0.828
0.703
0.926
0.847
0.949
0.869
0.849
0.997
0.855
0.645
0.861
0.805
0.641
0.774
0.948
0.967
0.785
0.753
0.805
0.674
0.722
0.769
0.385
0.449
0.467
0.707
0.587
0.650
0.324
0.249
0.641
0.645
0.402
0.475
0.551
0.656
0.521
0.701
0.556
0.458
0.370
0.446
0.616
0.484
0.370
0.472
0.489
0.461
0.678
0.834
0.370
0.243
0.344
0.226
0.207
0.220
0.194
0.172
0.232
0.164
0.104
0.238
0.164
0.254
0.201
0.156
0.137
0.220
0.187
0.220
0.226
0.194
0.201
0.194
0.207
0.180
0.180
0.180
0.164
0.156
0.187
0.214
0.172
0.298
0.269
0.194
0.214
0.172
0.180
0.238
0.315
0.207
0.264
0.254
0.201
0.073
0.207
0.201
0.127
0.249
0.172
0.137
0.249
0.194
0.207
0.298
0.156
0.187
0.226
0.289
0.238
0.187
0.116
0.269
0.187
0.238
0.264
0.254
0.156
0.156
0.147
0.164
0.264
0.187
0.180
0.194
0.187
0.172
0.127
0.201
0.164
0.147
0.187
0.274
0.481
0.328
0.446
0.201
0.180
0.147
0.328
0.563
0.352
0.605
0.544
0.516
0.563
0.664
0.596
0.570
0.622
0.582
0.872
0.748
0.733
0.762
0.660
0.680
0.728
0.546
0.600
0.658
0.440
0.753
0.900
1.033
0.676
0.878
0.997
0.796
0.631
0.810
0.779
0.739
0.913
0.988
0.977
0.810
0.793
0.746
0.733
0.524
0.611
0.561
0.464
0.626
0.492
0.381
0.289
0.307
0.534
0.674
0.531
0.458
0.575
0.452
0.566
0.618
0.464
0.412
0.458
0.682
0.449
0.481
0.850
0.370
0.705
0.793
0.746
0.534
0.587
0.796
0.984
0.711
0.359
0.464
0.385
0.475
0.558
0.363
0.243
0.344
0.264
0.418
0.497
0.415
0.963
0.452
0.440
0.249
0.580
0.828
0.618
0.381
0.486
0.374
0.440
0.511
0.556
0.359
0.690
0.226
0.431
0.713
0.707
0.461
0.622
0.748
0.793
0.637
0.622
0.584
0.284
0.455
0.643
0.486
0.648
0.648
0.774
0.855
0.472
0.505
0.352
0.455
0.551
0.497
0.852
0.472
0.207
0.137
0.172
0.344
0.554
0.757
0.635
0.730
0.561
0.495
0.464
0.546
0.226
0.370
0.332
0.424
0.481
0.421
0.336
0.589
0.481
1.032
0.926
0.652
0.461
0.449
0.434
0.449
0.880
0.656
0.500
0.405
0.336
0.264
0.508
0.467
0.715
0.497
0.302
0.753
0.541
0.635
0.674
0.320
0.762
0.744
1.034
0.698
0.908
0.637
0.713
0.750
0.536
0.724
0.901
0.938
0.852
0.796
0.607
0.674
0.582
0.656
0.618
0.554
0.544
0.500
0.575
0.698
0.830
0.855
0.898
0.984
1.007
0.907
1.012
0.602
0.582
0.536
0.521
0.823
0.895
0.573
0.324
0.500
0.616
0.728
0.639
0.698
0.750
0.539
0.521
0.699
0.524
0.664
0.664
0.757
0.808
0.554
0.324
0.328
0.232
0.652
0.446
0.492
0.500
0.707
0.408
0.753
0.458
0.536
0.398
0.311
0.692
0.556
0.484
0.421
0.398
0.778
0.826
0.672
0.551
0.611
0.563
0.472
0.539
0.541
0.611
0.707
0.648
0.662
0.672
0.733
0.731
0.720
0.753
0.891
0.971
0.940
1.078
1.080
1.078
0.920
0.935
0.785
0.955
1.008
0.959
0.946
1.046
0.839
0.920
0.823
0.925
0.682
0.908
0.573
0.637
0.534
0.561
0.402
0.883
0.398
0.686
0.461
0.469
0.469
0.428
0.481
0.458
0.503
0.449
0.639
0.556
0.670
0.731
0.449
0.437
0.402
0.684
0.469
0.713
0.524
0.831
0.755
0.698
0.933
0.648
0.802
0.952
0.894
0.622
0.701
0.730
0.503
0.575
0.731
0.892
0.978
1.045
0.864
0.730
0.920
0.976
1.013
0.820
0.839
0.939
0.682
0.866
0.692
0.933
0.573
0.626
0.916
0.866
0.492
0.526
0.591
0.359
0.147
0.137
0.147
0.293
0.402
0.421
0.449
0.398
0.524
0.492
0.793
0.778
0.668
1.043
0.816
0.815
0.869
0.932
0.881
0.793
1.003
0.977
0.887
0.914
0.878
0.923
0.981
0.956
0.950
0.844
0.860
0.739
0.836
0.839
0.927
0.920
0.626
0.656
0.654
0.730
0.803
0.864
0.596
0.830
0.637
0.566
0.307
0.497
0.481
0.605
0.367
0.381
0.582
0.613
0.633
0.728
0.484
0.431
0.810
0.340
0.654
0.753
0.760
0.348
0.461
0.633
0.948
0.526
0.724
0.388
0.000
0.000
0.127
0.475
0.662
0.580
0.812
0.796
0.839
0.917
0.903
0.692
0.284
0.187
0.201
0.226
0.232
0.201
0.137
0.104
0.073
0.238
0.164
0.214
0.214
0.052
0.052
0.090
0.238
0.073
0.090
0.104
0.214
0.052
0.073
0.052
0.127
0.201
0.073
0.147
0.164
0.164
0.598
0.674
0.631
0.434
0.624
1.040
0.767
0.724
0.805
0.613
0.940
0.764
0.529
0.137
0.073
0.582
0.786
0.726
0.753
0.871
0.905
0.940
0.955
0.992
1.017
0.929
0.731
0.830
0.764
0.803
0.676
0.660
0.701
0.684
0.566
0.641
0.596
0.654
0.778
0.566
0.440
0.381
0.449
0.489
0.735
0.573
0.521
0.605
0.516
0.637
0.431
0.600
0.707
0.781
0.857
0.795
0.860
0.966
0.969
0.980
0.766
1.001
1.032
1.064
0.690
0.929
0.962
0.988
1.008
0.940
0.988
0.889
0.923
0.901
0.913
0.887
0.781
0.849
0.821
0.513
0.521
0.505
0.513
0.639
0.495
0.648
0.573
0.596
0.469
0.524
0.464
0.363
0.529
0.674
0.910
0.633
0.952
0.405
0.489
0.684
0.626
0.616
0.551
0.495
0.461
0.724
0.589
0.434
0.428
0.656
0.558
0.589
0.577
0.821
0.715
1.017
0.526
0.449
0.315
0.580
0.717
0.243
0.180
0.147
0.503
0.600
0.529
0.544
0.707
0.566
0.629
0.631
0.690
0.762
0.737
0.703
1.015
0.726
0.478
0.521
0.534
0.591
0.534
0.489
0.443
0.324
0.274
0.243
0.226
0.274
0.374
0.348
0.264
0.201
0.172
0.352
0.243
0.259
0.381
0.421
0.336
0.201
0.156
0.395
0.505
0.505
0.570
0.374
0.315
0.367
0.194
0.359
0.264
0.302
0.298
0.279
0.259
0.302
0.207
0.254
0.500
0.546
0.458
0.607
0.461
0.405
0.505
0.516
0.531
0.464
0.641
0.631
0.593
0.620
0.544
0.731
0.652
0.678
0.728
0.607
0.692
0.694
0.755
0.930
0.742
0.591
0.805
0.678
0.518
0.717
0.539
0.698
0.492
0.662
0.475
0.469
0.274
0.467
0.302
0.582
0.458
0.395
0.385
0.307
0.332
0.180
0.307
0.580
0.452
0.505
0.549
0.443
0.374
0.521
0.367
0.554
0.692
0.415
0.639
0.686
0.783
0.929
0.889
0.887
0.973
1.003
1.037
0.992
0.938
1.000
0.755
0.970
0.974
0.970
0.966
0.914
0.857
0.544
0.243
0.385
0.336
0.434
0.505
0.232
0.156
0.187
0.156
0.220
0.226
0.164
0.172
0.164
0.137
0.116
0.137
0.104
0.052
0.147
0.172
0.348
0.214
0.274
0.274
0.156
0.147
0.220
0.180
0.201
0.137
0.220
0.147
0.104
0.194
0.164
0.137
0.156
0.381
0.207
0.220
0.226
0.279
0.254
0.259
0.298
0.207
0.156
0.172
0.214
0.418
0.194
0.505
0.744
0.672
0.766
0.849
0.834
0.650
0.839
0.556
0.760
0.796
0.722
0.668
0.741
0.739
0.652
0.405
0.672
0.408
0.694
0.682
0.711
0.598
0.570
0.566
0.652
0.830
0.836
0.788
0.672
0.455
0.607
0.503
0.593
0.324
0.969
0.694
0.500
0.686
0.551
0.418
0.713
0.758
0.556
0.696
0.838
1.001
0.315
0.437
0.398
0.461
0.484
0.938
0.889
0.526
0.758
0.503
0.637
0.531
0.629
0.774
0.526
0.577
0.348
0.398
0.995
0.698
0.728
0.828
0.783
0.643
0.891
0.864
0.904
0.940
0.978
0.997
1.000
0.996
0.978
0.850
1.011
0.878
1.037
0.875
0.905
0.713
0.877
0.670
0.684
0.652
0.808
0.568
0.686
0.469
0.388
0.607
0.516
0.643
0.674
0.311
0.857
0.757
0.666
0.639
0.352
0.187
0.194
0.489
0.269
0.172
0.156
0.269
0.402
0.398
0.359
0.558
0.668
0.544
0.861
0.481
0.637
0.648
0.554
0.773
0.654
0.808
0.922
0.901
0.875
0.952
1.005
1.000
0.991
0.964
1.000
0.798
0.887
1.008
0.969
1.029
0.981
0.976
0.788
0.748
0.776
0.618
0.587
0.549
0.503
0.524
0.363
0.421
0.243
0.584
0.541
0.289
0.696
0.600
0.513
0.570
0.475
0.561
0.524
0.616
0.402
0.495
0.577
0.701
0.561
0.381
0.363
0.536
0.497
0.381
0.464
0.508
0.458
0.546
0.437
0.684
0.497
0.551
0.999
0.690
0.730
0.622
0.589
0.658
0.741
0.670
0.883
0.563
1.032
0.785
0.521
0.750
0.860
0.901
0.957
0.932
0.950
0.950
1.015
0.992
0.962
1.050
1.008
0.889
1.083
1.024
0.742
0.724
0.776
0.850
0.699
0.307
0.690
0.526
0.718
0.556
0.609
0.639
0.767
0.398
0.320
0.172
0.214
0.298
0.090
0.000
0.164
0.090
0.220
0.073
0.443
0.598
0.598
0.478
0.302
0.398
0.656
0.489
0.363
0.481
0.554
0.486
0.464
0.682
0.751
0.717
1.046
0.868
0.813
0.911
0.863
0.974
0.964
1.015
1.083
1.029
0.871
0.861
0.974
0.981
0.841
0.631
0.781
0.957
0.932
0.940
0.762
0.602
0.635
0.786
0.602
0.455
0.670
0.633
0.688
0.726
0.577
0.626
0.475
0.554
0.324
0.664
0.449
0.633
0.672
0.434
0.315
0.464
0.478
0.415
0.742
0.472
0.556
0.503
0.670
0.925
0.959
0.467
0.207
1.004
0.582
0.492
0.172
0.000
0.164
0.613
0.629
0.825
0.699
0.828
0.898
0.945
0.855
0.886
0.911
1.011
0.980
0.974
1.038
1.041
1.029
1.047
1.007
0.995
1.032
0.854
0.698
0.808
0.699
0.717
0.936
0.616
0.458
0.529
0.521
0.539
0.688
0.467
0.405
0.391
0.563
0.570
0.486
0.920
0.682
1.023
0.589
0.526
0.607
0.735
0.699
1.041
0.753
0.864
0.833
0.969
0.960
1.055
1.015
0.875
0.650
0.587
0.596
0.798
0.920
0.834
0.933
0.688
0.658
0.750
0.816
0.852
0.847
1.003
0.949
0.911
0.929
0.593
0.699
0.516
0.793
0.381
0.618
0.500
0.475
0.370
0.486
0.584
0.815
0.607
0.556
0.511
0.521
0.284
0.418
0.461
0.377
0.352
0.554
0.408
0.670
0.662
0.735
0.692
0.395
0.713
0.609
0.593
0.584
0.497
0.688
0.534
0.917
0.686
0.875
0.724
0.259
0.090
0.116
0.398
0.497
0.424
0.580
0.930
0.284
0.904
0.920
0.431
0.591
0.720
0.760
0.717
0.802
0.674
0.391
0.566
0.724
0.539
0.395
0.467
0.332
0.402
0.524
0.446
0.367
0.307
0.336
0.355
0.332
0.377
0.398
0.259
0.243
0.421
0.274
0.531
0.201
0.307
0.458
0.279
0.421
0.348
0.481
0.437
0.164
0.352
0.243
0.156
0.269
0.207
0.469
0.363
0.226
0.418
0.336
0.214
0.307
0.484
0.405
0.194
0.000
0.104
0.147
0.000
0.104
0.000
0.052
0.000
0.137
0.000
0.090
0.000
0.000
0.000
0.000
0.000
0.104
0.000
0.000
0.000
0.000
0.000
0.104
0.340
0.340
0.541
0.424
0.232
0.431
0.355
0.377
0.238
0.201
0.127
0.172
0.116
0.172
0.194
0.164
0.000
0.000
0.073
0.000
0.156
0.374
0.561
0.434
0.214
0.293
0.544
0.505
0.464
0.455
0.259
0.443
0.446
0.536
0.620
0.289
0.391
0.156
0.279
0.201
0.249
0.226
0.264
0.293
0.214
0.363
0.478
0.381
0.259
0.467
0.332
0.249
0.464
0.259
0.254
0.328
0.298
0.324
0.374
0.478
0.374
0.367
0.398
0.315
0.298
0.370
0.367
0.340
0.274
0.320
0.259
0.324
0.566
0.602
0.526
0.402
0.558
0.570
0.602
0.620
0.591
0.424
0.577
0.534
0.418
0.428
0.596
0.536
0.637
0.904
0.633
0.860
0.815
0.771
0.830
0.802
0.733
0.841
0.311
0.760
0.670
0.758
0.645
0.472
0.249
0.052
0.073
0.147
0.137
0.000
0.156
0.000
0.164
0.000
0.147
0.000
0.000
0.090
0.104
0.127
0.000
0.052
0.052
0.090
0.090
0.000
0.000
0.127
0.090
0.000
0.000
0.214
0.000
0.000
0.000
0.127
0.147
0.000
0.000
0.000
0.000
0.137
0.000
0.073
0.137
0.000
0.000
0.000
0.000
0.052
0.116
0.000
0.147
0.000
0.000
0.000
0.000
0.116
0.000
0.052
0.000
0.052
0.000
0.000
0.000
0.000
0.000
0.073
0.000
0.000
0.000
0.052
0.000
0.000
0.000
0.000
0.000
0.172
0.000
0.073
0.000
0.116
0.000
0.000
0.000
0.000
0.000
0.000
0.116
0.000
0.000
0.137
0.000
0.000
0.000
0.000
0.156
0.000
0.000
0.000
0.000
0.000
0.000
0.000
0.000
0.000
0.127
0.000
0.156
0.311
0.220
0.207
0.180
0.180
0.226
0.201
0.269
0.207
0.238
0.298
0.254
0.000
0.201
0.226
0.469
0.388
0.315
0.370
0.307
0.284
0.652
0.648
0.650
0.434
0.602
0.637
0.458
0.440
0.816
0.508
0.616
0.715
0.584
0.568
0.774
0.810
0.724
0.731
0.805
1.012
0.796
0.796
0.916
0.783
0.674
0.639
0.635
0.923
0.936
0.858
0.820
0.744
0.680
0.194
0.508
0.226
0.467
0.684
0.711
0.864
0.818
0.831
0.635
0.284
0.359
0.511
0.443
0.660
0.701
0.720
0.701
0.713
0.340
0.524
0.658
0.307
0.359
0.481
0.481
0.352
0.332
0.336
0.464
0.381
0.563
0.718
0.332
0.620
0.556
0.489
0.622
0.622
0.446
0.570
1.004
0.611
0.813
0.449
0.137
0.090
0.137
0.000
0.127
0.137
0.834
0.626
0.698
0.753
0.648
0.541
0.580
0.731
0.618
0.684
0.589
0.753
0.424
0.418
0.616
0.690
0.624
0.243
0.284
0.320
0.431
0.455
0.469
0.348
0.645
0.475
0.541
0.643
0.531
0.388
0.757
0.678
0.521
0.591
0.818
0.812
0.415
0.701
0.602
0.593
0.243
0.243
0.674
0.626
0.674
0.616
0.593
0.717
0.486
0.838
0.531
0.440
0.381
0.332
0.385
0.455
0.690
0.718
0.544
0.464
0.503
0.415
0.577
0.724
0.854
0.563
0.558
0.495
0.551
0.503
0.315
0.421
0.529
0.284
0.344
0.367
0.302
0.226
0.503
0.377
0.315
0.279
0.289
0.298
0.238
0.052
0.090
0.127
0.052
0.073
0.000
0.090
0.127
0.000
0.000
0.000
0.000
0.000
0.000
0.000
0.000
0.000
0.000
0.116
0.000
0.000
0.000
0.000
0.000
0.000
0.137
0.164
0.000
0.000
0.000
0.000
0.000
0.000
0.000
0.000
0.000
0.000
0.000
0.052
0.052
0.000
0.000
0.172
0.243
0.315
0.207
0.201
0.180
0.408
0.180
0.370
0.481
0.388
0.289
0.385
0.232
0.254
0.443
0.367
0.440
0.508
0.402
0.214
0.180
0.434
0.259
0.232
0.207
0.434
0.452
0.264
0.348
0.302
0.367
0.156
0.302
0.249
0.449
0.412
0.415
0.348
0.412
0.424
0.424
0.374
0.484
0.434
0.424
0.518
0.424
0.418
0.428
0.398
0.344
0.464
0.495
0.332
0.505
0.573
0.434
0.467
0.582
0.388
0.352
0.315
0.232
0.324
0.332
0.187
0.249
0.220
0.259
0.214
0.363
0.307
0.243
0.293
0.340
0.446
0.575
0.486
0.580
0.395
0.516
0.412
0.352
0.324
0.388
0.408
0.408
0.311
0.298
0.513
0.549
0.424
0.352
0.428
0.359
0.320
0.302
0.264
0.289
0.577
0.412
0.289
0.431
0.402
0.336
0.324
0.381
0.424
0.367
0.201
0.405
0.289
0.418
0.521
0.546
0.556
0.484
0.582
0.516
0.214
1.040
0.855
0.744
0.783
0.889
0.956
0.926
0.815
0.823
0.701
0.684
0.783
0.650
0.467
0.381
0.707
0.573
0.650
0.629
0.421
0.505
0.596
0.418
0.370
0.232
0.289
0.307
0.311
0.405
0.293
0.437
0.243
0.443
0.385
0.443
0.698
0.684
0.589
0.481
0.641
0.757
0.662
0.767
0.939
0.966
1.017
0.973
1.007
1.016
1.021
1.033
0.953
0.841
0.629
0.861
0.894
0.886
0.850
1.000
0.874
0.715
0.791
0.701
0.839
0.842
0.916
0.607
0.596
0.613
0.484
0.511
0.461
0.467
0.434
0.355
0.505
0.573
0.472
0.355
0.472
0.820
0.666
0.575
0.670
0.631
0.701
0.645
0.733
0.803
0.742
0.805
0.541
0.699
0.854
0.826
0.922
0.593
0.779
0.926
0.945
0.962
0.984
0.900
0.986
0.864
0.878
1.023
0.587
0.898
0.889
0.846
0.826
0.767
0.878
0.858
0.805
0.536
0.551
0.467
0.760
0.541
0.467
0.243
0.573
0.408
0.443
0.377
0.332
0.492
0.220
0.464
0.464
0.249
0.658
0.500
0.274
0.348
0.554
0.650
0.415
0.897
0.779
0.664
0.871
0.611
0.900
0.833
0.815
0.991
0.957
0.960
1.055
1.015
0.911
0.889
0.980
1.057
1.029
1.008
0.945
0.839
0.344
0.302
0.172
0.090
0.220
0.147
0.147
0.000
0.116
0.127
0.073
0.052
0.052
0.073
0.172
0.073
0.000
0.147
0.052
0.172
0.090
0.000
0.000
0.180
0.052
0.000
0.000
0.147
0.000
0.180
0.000
0.000
0.180
0.207
0.201
0.164
0.000
0.000
0.194
0.455
0.434
0.475
0.620
0.730
0.626
0.524
0.478
0.696
0.643
0.821
0.774
0.802
0.469
0.385
0.486
0.207
0.748
0.696
0.529
0.293
0.715
0.609
0.724
0.863
0.813
0.686
0.526
0.469
0.639
0.443
0.489
0.449
0.541
0.374
0.461
0.302
0.408
0.405
0.307
0.352
0.434
0.232
0.194
0.311
0.469
0.220
0.249
0.220
0.315
0.289
0.254
0.374
0.469
0.391
0.344
0.536
0.405
0.481
0.391
0.526
0.391
0.602
0.602
0.418
0.298
0.243
0.180
0.172
0.180
0.116
0.232
0.284
0.437
0.249
0.377
0.289
0.415
0.328
0.359
0.412
0.274
0.302
0.556
0.446
0.472
0.511
0.529
0.546
0.328
0.348
0.302
0.449
0.370
0.518
0.391
0.443
0.137
0.201
0.116
0.104
0.214
0.274
0.521
0.544
0.513
0.458
0.293
0.332
0.443
0.298
0.359
0.388
0.238
0.440
0.348
0.434
0.489
0.524
