0.798
0.812
0.776
0.741
0.804
0.651
0.679
0.509
0.572
0.671
0.496
0.618
0.663
0.759
0.608
0.655
0.539
0.354
0.501
0.705
0.705
0.725
0.745
0.601
0.685
0.431
0.485
0.793
0.852
0.698
0.769
0.830
0.774
0.637
0.586
0.661
1.022
1.042
0.953
0.867
0.924
0.991
0.932
0.988
0.939
1.018
0.989
0.938
0.929
0.799
0.747
0.376
0.592
0.567
0.661
0.703
0.809
0.620
0.332
0.311
0.223
0.217
0.145
0.205
0.102
0.266
0.102
0.089
0.223
0.234
0.072
0.125
0.000
0.162
0.000
0.089
0.000
0.184
0.000
0.000
0.184
0.217
0.000
0.000
0.556
0.657
0.856
0.754
0.601
0.861
0.806
0.537
0.618
0.549
0.620
0.722
0.776
0.681
0.641
0.703
0.679
0.845
0.842
0.725
0.766
0.858
0.820
0.631
0.631
0.781
0.877
0.938
1.008
0.968
1.007
0.850
0.941
0.934
0.859
0.825
0.784
0.759
0.781
0.882
0.811
0.771
0.823
0.537
0.537
0.725
0.729
0.883
0.864
0.934
0.945
0.783
0.912
0.953
0.954
1.000
1.005
0.995
0.992
1.036
1.036
1.033
1.033
1.021
1.017
0.959
0.965
0.853
0.855
0.856
0.659
0.681
0.558
0.802
0.815
0.524
0.702
0.759
0.586
0.702
0.396
0.686
0.539
0.677
0.618
0.477
0.315
0.761
0.455
0.635
0.567
0.577
0.581
0.673
0.702
0.685
0.731
0.512
0.339
0.469
0.303
0.406
0.409
0.583
0.711
0.707
0.469
0.549
0.553
0.836
0.823
0.311
0.393
0.413
0.298
0.556
0.618
0.376
0.745
0.850
0.383
0.354
0.496
0.403
0.386
0.266
0.102
0.251
0.434
0.519
0.455
0.527
0.390
0.572
0.358
0.700
0.315
0.336
0.466
0.480
0.563
0.592
0.961
0.874
0.905
0.825
0.711
0.907
0.791
0.781
0.841
0.899
0.834
0.794
0.867
0.882
0.845
0.781
0.817
0.862
0.705
0.661
0.647
0.469
0.722
0.633
0.718
0.796
0.755
0.741
0.745
0.692
0.657
0.681
0.537
0.455
0.629
0.661
0.524
0.477
0.419
0.437
0.365
0.419
0.522
0.599
0.455
0.519
0.369
0.574
0.714
0.354
0.446
0.592
0.529
0.458
0.390
0.434
0.443
0.347
0.681
0.862
0.912
0.537
0.781
0.939
0.679
0.750
0.620
1.021
1.033
0.984
0.917
0.948
1.008
1.028
0.899
0.983
0.853
0.830
0.859
0.789
0.702
0.483
0.812
0.597
0.740
0.814
0.733
0.801
0.663
0.703
0.541
0.358
0.754
0.647
0.736
0.819
0.838
0.833
0.965
0.961
0.771
0.908
0.911
1.003
0.873
0.995
0.935
0.914
0.931
0.853
0.858
0.794
0.759
0.858
0.842
0.748
0.466
0.229
0.577
0.836
0.599
0.819
0.834
0.882
0.823
0.836
0.873
0.620
0.781
0.845
0.836
0.779
0.833
0.883
0.688
0.771
0.845
0.807
0.793
0.727
0.814
0.874
0.861
0.831
0.817
0.734
0.729
0.718
0.820
0.889
0.858
0.784
0.895
0.754
0.755
0.786
0.865
0.842
0.729
0.847
0.755
0.791
0.781
0.815
0.822
0.885
0.729
0.738
0.809
0.713
0.788
0.786
0.729
0.629
0.716
0.844
0.801
0.727
0.731
0.855
0.802
0.822
0.738
0.766
0.748
0.748
0.493
0.565
0.655
0.266
0.303
0.460
0.294
0.285
0.256
0.376
0.491
0.509
0.449
0.647
0.702
0.419
0.466
0.532
0.499
0.463
0.802
0.776
0.583
0.702
0.488
0.376
0.347
0.419
0.622
0.690
0.685
0.570
0.488
0.466
0.393
0.463
0.565
0.507
0.358
0.458
0.560
0.541
0.539
0.570
0.347
0.551
0.673
0.440
0.485
0.483
0.428
0.416
0.736
0.537
0.560
0.491
0.413
0.718
0.605
0.679
0.514
0.614
0.558
0.647
1.021
0.975
0.938
0.950
0.696
0.799
0.859
0.724
0.714
0.894
0.961
0.927
0.809
0.240
0.153
0.089
0.114
0.170
0.198
0.205
0.336
0.827
0.892
0.285
0.867
0.870
0.936
0.963
0.971
1.013
0.927
0.842
0.968
0.950
0.975
0.943
0.885
0.747
0.610
0.560
0.688
0.823
0.801
0.729
0.603
0.686
0.452
0.574
0.783
0.592
0.612
0.551
0.651
0.698
0.876
0.819
0.713
0.720
0.811
0.592
0.738
0.847
0.794
0.771
0.641
0.804
0.891
0.957
0.971
0.836
0.806
0.912
0.781
0.752
0.663
0.622
0.752
0.665
0.572
0.419
0.472
0.688
0.393
0.460
0.635
0.620
0.560
0.541
0.458
0.519
0.529
0.544
0.343
0.590
0.474
0.655
0.485
0.705
0.738
0.635
0.696
0.509
0.653
0.633
0.588
0.532
0.556
0.718
0.841
0.665
0.673
0.677
0.847
0.669
0.396
0.608
0.469
0.393
0.343
0.507
0.610
0.413
0.443
0.311
0.603
0.757
0.603
0.741
0.586
0.702
0.400
0.285
0.581
0.686
0.727
0.594
0.696
0.781
0.625
0.720
0.809
0.711
0.709
0.764
0.776
0.653
0.469
0.597
0.422
0.641
0.546
0.474
0.581
0.336
0.383
0.339
0.731
0.629
0.343
0.416
0.440
0.483
0.605
0.599
0.597
0.663
0.718
0.413
0.539
0.635
0.496
0.700
0.614
0.796
0.534
0.362
0.549
0.612
0.474
0.661
0.786
0.705
0.529
0.343
0.261
0.354
0.466
0.713
0.985
1.028
0.885
0.553
0.669
0.625
0.681
0.720
0.796
0.616
0.419
0.558
0.733
0.762
0.570
0.560
0.419
0.590
0.406
0.773
0.586
0.882
0.618
0.608
0.731
0.825
0.655
0.880
0.745
0.707
1.115
0.819
1.017
0.812
0.856
0.952
0.522
0.834
0.995
0.982
0.980
0.915
0.942
0.817
0.801
0.745
0.718
0.828
0.724
0.639
0.725
0.885
0.850
0.608
0.820
0.747
0.889
0.927
0.934
0.867
0.814
0.799
0.925
0.920
0.952
0.847
0.898
0.827
0.812
0.725
0.643
0.567
0.745
0.734
0.463
0.707
0.802
0.709
0.633
0.752
0.679
0.627
0.762
0.731
0.597
0.570
0.556
0.469
0.663
0.449
0.336
0.280
0.229
0.217
0.051
0.162
0.102
0.240
0.089
0.051
0.102
0.177
0.000
0.000
0.135
0.135
0.000
0.000
0.000
0.000
0.051
0.000
0.051
0.162
0.000
0.000
0.125
0.089
0.089
0.072
0.000
0.000
0.000
0.000
0.000
0.000
0.051
0.072
0.000
0.145
0.000
0.000
0.000
0.000
0.000
0.000
0.000
0.089
0.000
0.000
0.089
0.000
0.000
0.000
0.000
0.000
0.000
0.000
0.000
0.000
0.000
0.583
0.458
0.347
0.469
0.703
0.406
0.354
0.517
0.501
0.294
0.303
0.577
0.635
0.781
0.539
0.631
0.702
0.529
0.409
0.320
0.677
0.608
0.362
0.791
0.546
0.694
0.558
0.767
0.752
0.679
0.434
0.517
0.661
0.757
0.725
0.683
0.592
0.443
0.992
0.845
0.645
0.532
0.256
0.793
0.953
0.983
0.905
0.918
0.963
0.879
0.929
0.996
1.000
1.031
1.004
0.996
0.996
0.954
0.949
0.982
0.862
0.512
0.856
0.833
0.736
0.828
0.952
0.848
0.891
0.588
0.549
0.449
0.191
0.320
0.586
0.734
0.645
0.783
0.579
0.549
0.711
0.694
0.549
0.556
0.683
0.514
0.685
0.625
0.679
0.592
0.725
0.608
0.590
0.491
0.608
0.507
0.551
0.665
0.655
0.491
0.627
0.579
0.705
0.463
0.637
0.400
0.586
0.551
0.649
0.539
0.504
0.517
0.491
0.474
0.675
0.597
0.534
0.661
0.671
0.647
0.855
0.709
0.627
0.700
0.740
0.583
0.553
0.223
0.819
0.722
0.874
0.716
0.874
0.917
0.941
0.938
0.950
0.894
0.928
0.961
0.976
1.000
0.999
0.950
0.939
0.963
0.983
0.942
0.977
0.977
0.985
0.911
0.927
0.733
0.888
0.891
0.934
0.956
0.987
0.982
1.010
1.010
0.977
0.657
0.788
0.834
0.861
0.845
0.882
0.637
0.771
0.637
0.597
0.639
0.519
0.532
0.608
0.614
0.655
0.627
0.633
0.667
0.825
0.483
0.679
0.509
0.556
0.692
0.809
0.791
0.842
0.807
0.696
0.905
0.856
0.867
0.934
0.647
0.841
0.873
0.752
0.750
0.698
0.694
0.839
0.793
0.759
0.830
0.764
0.705
0.637
0.501
0.724
0.583
0.688
0.740
0.741
0.707
0.413
0.692
0.773
0.754
0.745
0.671
0.653
0.794
0.924
0.848
0.888
0.910
0.867
0.711
0.891
0.886
0.791
0.802
0.946
0.647
0.289
0.339
0.639
0.762
0.904
0.928
0.983
1.008
0.959
0.957
0.942
0.965
0.948
0.440
0.072
0.223
0.822
0.972
0.871
0.724
0.889
0.885
0.806
0.908
0.679
0.784
0.799
0.769
0.574
0.541
0.618
0.651
0.819
0.766
0.724
0.413
0.553
0.698
0.577
0.745
0.776
0.948
0.852
0.946
0.874
0.941
0.980
0.967
1.000
0.972
1.010
1.009
1.021
1.018
1.049
1.019
0.971
0.977
0.948
0.914
0.902
0.858
0.741
0.799
0.649
0.754
0.774
0.788
0.729
0.669
0.590
0.677
0.633
0.754
0.694
0.794
0.779
0.754
0.801
0.767
0.831
0.858
0.809
0.783
0.743
0.738
0.460
0.365
0.276
0.000
0.688
0.852
0.971
0.841
0.767
0.716
0.934
0.771
0.882
0.734
0.834
0.853
0.759
0.702
0.727
0.610
0.483
0.616
0.563
0.647
0.661
0.601
0.558
0.709
0.590
0.754
0.570
0.583
0.750
0.876
0.801
0.393
0.605
0.822
0.608
0.653
0.519
0.618
0.496
0.574
0.755
0.762
0.729
0.905
0.809
0.825
0.745
0.665
0.663
0.769
0.722
0.848
0.828
0.659
0.776
0.856
0.811
0.807
0.616
0.778
0.713
0.750
0.804
0.724
0.801
0.834
0.741
0.812
0.690
0.688
0.599
0.757
0.661
0.798
0.643
0.328
0.285
0.234
0.519
0.783
0.754
0.820
0.850
0.532
0.950
0.901
1.014
1.008
0.980
0.989
0.985
0.982
0.972
0.977
0.964
0.980
0.963
0.946
0.964
0.873
0.963
0.911
0.965
0.838
0.802
0.865
0.645
0.618
0.504
0.720
0.659
0.669
0.390
0.563
0.641
0.750
0.731
0.460
0.814
0.714
0.577
0.372
0.400
0.833
0.876
0.853
0.828
0.827
0.809
0.991
0.957
0.991
0.950
0.965
0.946
0.989
0.972
1.010
1.028
0.967
0.914
0.251
0.965
0.988
0.991
1.005
0.856
0.885
0.967
0.989
1.039
1.013
0.948
0.985
0.886
0.882
0.834
0.882
0.886
0.771
0.608
0.553
0.400
0.605
0.614
0.643
0.496
0.651
0.592
0.574
0.665
0.671
0.637
0.597
0.527
0.702
0.637
0.625
0.665
0.815
0.865
0.799
0.645
0.581
0.977
0.812
0.888
0.572
0.307
0.347
0.806
0.748
0.663
0.911
0.907
0.546
0.921
0.964
0.892
0.924
0.950
0.979
0.971
0.979
1.005
1.021
1.026
0.973
1.017
0.798
0.822
0.943
0.956
0.639
0.294
0.759
0.434
0.618
0.504
0.627
0.332
0.266
0.184
0.177
0.170
0.125
0.145
0.347
0.336
0.861
0.922
0.973
0.934
0.929
0.828
0.599
0.736
0.750
0.856
0.918
0.917
0.877
0.848
0.823
0.859
0.871
0.612
0.603
0.514
0.629
0.748
0.853
0.773
0.733
0.679
0.675
0.679
0.679
0.211
0.205
0.000
0.051
0.000
0.294
0.000
0.125
0.135
0.051
0.000
0.153
0.051
0.072
0.089
0.000
0.000
0.162
0.000
0.125
0.145
0.072
0.000
0.000
0.000
0.000
0.153
0.592
0.694
0.351
0.089
0.294
0.000
0.135
0.000
0.000
0.191
0.153
0.000
0.072
0.000
0.000
0.102
0.000
0.102
0.000
0.000
0.000
0.135
0.000
0.000
0.135
0.000
0.000
0.000
0.000
0.000
0.000
0.000
0.000
0.170
0.000
0.000
0.000
0.000
0.000
0.000
0.000
0.000
0.000
0.000
0.000
0.000
0.000
0.000
0.000
0.000
0.000
0.000
0.000
0.000
0.000
0.000
0.000
0.000
0.000
0.000
0.000
0.000
0.000
0.000
0.125
0.000
0.000
0.000
0.000
0.000
0.000
0.000
0.311
0.000
0.000
0.000
0.000
0.000
0.000
0.000
0.000
0.000
0.000
0.000
0.000
0.000
0.000
0.000
0.000
0.000
0.000
0.000
0.000
0.000
0.000
0.000
0.000
0.455
0.565
0.416
0.556
0.529
0.493
0.553
0.437
0.358
0.162
0.114
0.298
0.307
0.217
0.332
0.549
0.541
0.572
0.572
0.294
0.315
0.280
0.339
0.579
0.539
0.431
0.694
0.643
0.480
0.616
0.683
0.440
0.594
0.590
0.544
0.460
0.639
0.731
0.499
0.667
0.565
0.635
0.556
0.599
0.565
0.532
0.501
0.452
0.581
0.198
0.000
0.000
0.177
0.125
0.496
0.324
0.000
0.000
0.000
0.089
0.000
0.000
0.000
0.000
0.102
0.000
0.089
0.000
0.000
0.153
0.000
0.000
0.000
0.000
0.000
0.000
0.114
0.000
0.000
0.102
0.000
0.000
0.089
0.000
0.000
0.000
0.000
0.000
0.000
0.000
0.000
0.000
0.000
0.000
0.000
0.125
0.000
0.000
0.000
0.000
0.298
0.000
0.000
0.000
0.000
0.000
0.000
0.000
0.000
0.000
0.000
0.000
0.000
0.000
0.000
0.000
0.000
0.000
0.000
0.000
0.000
0.000
0.000
0.000
0.000
0.000
0.000
0.000
0.000
0.000
0.000
0.000
0.000
0.000
0.000
0.000
0.000
0.000
0.000
0.000
0.000
0.000
0.000
0.000
0.000
0.000
0.000
0.000
0.000
0.000
0.000
0.000
0.000
0.000
0.000
0.000
0.000
0.000
0.000
0.000
0.000
0.000
0.000
0.000
0.000
0.000
0.000
0.000
0.000
0.000
0.000
0.000
0.000
0.000
0.000
0.000
0.000
0.000
0.000
0.000
0.000
0.000
0.000
0.000
0.256
0.532
0.446
0.280
0.332
0.514
0.483
0.446
0.463
0.153
0.315
0.446
0.565
0.428
0.303
0.386
0.446
0.460
0.324
0.324
0.205
0.351
0.565
0.458
0.245
0.416
0.416
0.372
0.485
0.198
0.276
0.234
0.307
0.769
0.665
0.501
0.229
0.266
0.153
0.000
0.135
0.376
0.000
0.000
0.000
0.162
0.000
0.000
0.000
0.072
0.162
0.000
0.000
0.000
0.000
0.000
0.000
0.000
0.000
0.000
0.000
0.000
0.184
0.000
0.089
0.072
0.000
0.000
0.000
0.000
0.000
0.000
0.000
0.000
0.000
0.000
0.089
0.000
0.000
0.000
0.000
0.000
0.089
0.145
0.000
0.051
0.102
0.000
0.000
0.000
0.000
0.000
0.000
0.000
0.000
0.000
0.125
0.000
0.000
0.051
0.051
0.000
0.000
0.000
0.000
0.000
0.000
0.000
0.162
0.649
0.556
0.443
0.485
0.400
0.000
0.280
0.211
0.328
0.125
0.324
0.114
0.102
0.162
0.000
0.000
0.000
0.234
0.671
0.567
0.320
0.328
0.000
0.696
0.443
0.379
0.443
0.362
0.240
0.517
0.517
0.605
0.544
0.537
0.437
0.245
0.428
0.379
0.339
0.612
0.529
0.403
0.223
0.422
0.416
0.354
0.261
0.612
0.605
0.610
0.635
0.558
0.639
0.651
0.734
0.741
0.616
0.529
0.771
0.766
0.791
0.847
0.820
0.817
0.892
0.948
0.931
0.894
0.686
0.709
0.645
0.899
0.953
0.982
0.973
0.963
1.016
0.976
0.932
0.985
0.993
0.948
0.386
0.205
0.191
0.217
0.336
0.416
0.234
0.191
0.177
0.153
0.000
0.000
0.191
0.280
0.354
0.328
0.229
0.191
0.294
0.217
0.289
0.311
0.354
0.324
0.336
0.198
0.191
0.205
0.162
0.177
0.311
0.320
0.307
0.072
0.153
0.170
0.256
0.285
0.320
0.234
0.000
0.153
0.089
0.000
0.089
0.162
0.000
0.125
0.859
0.480
0.443
0.245
0.240
0.754
0.463
0.567
0.358
0.223
0.000
0.198
0.191
0.072
0.114
0.574
0.724
0.921
0.885
0.959
0.979
0.971
1.000
1.016
1.009
0.952
0.979
0.868
0.901
0.838
0.830
0.856
0.871
0.877
0.861
0.812
0.902
0.964
0.702
0.594
0.703
0.629
0.861
0.784
0.889
0.932
0.861
0.885
0.910
0.783
0.817
0.845
0.924
0.724
0.705
0.583
0.586
0.740
0.855
0.827
0.822
0.946
0.831
0.788
0.716
0.815
0.786
0.757
0.793
0.631
0.759
0.729
0.643
0.629
0.781
0.815
0.671
0.546
0.716
0.858
0.614
0.645
0.541
0.688
0.750
0.443
0.463
0.527
0.509
0.645
0.627
0.577
0.553
0.605
0.647
0.759
0.681
0.817
0.565
0.583
0.696
0.802
0.655
0.649
0.952
0.788
0.908
0.844
0.608
0.570
0.798
0.472
0.514
0.493
0.586
0.532
0.747
0.915
0.888
0.928
0.892
0.861
0.637
0.406
0.741
0.815
0.827
0.833
0.752
0.711
0.496
0.529
0.614
0.635
0.729
0.501
0.725
0.679
0.488
0.400
0.718
0.519
0.428
0.577
0.546
0.298
0.434
0.731
0.541
0.466
0.428
0.460
0.514
0.358
0.294
0.534
0.558
0.170
0.740
0.416
0.828
0.339
0.458
0.311
0.665
0.565
0.698
0.434
0.413
0.755
0.794
0.551
0.529
0.698
0.590
0.731
0.455
0.647
0.804
0.601
1.032
1.115
0.961
0.793
0.949
0.961
0.980
1.022
0.975
0.938
0.989
1.014
0.993
0.931
0.910
0.929
0.922
0.934
0.959
0.936
0.950
0.999
0.953
0.904
0.838
0.901
0.853
0.911
0.827
0.688
0.661
0.499
0.574
0.480
0.514
0.162
0.266
0.205
0.223
0.125
0.191
0.223
0.125
0.868
0.612
0.369
0.102
0.191
0.709
0.729
0.968
0.844
0.767
0.633
0.700
0.649
0.437
0.692
0.667
0.605
0.504
0.657
0.376
0.419
0.245
0.358
0.783
0.786
0.625
0.696
0.614
0.616
0.556
0.665
0.690
0.627
0.980
0.896
0.996
1.000
0.946
0.929
0.943
0.911
1.042
0.952
0.950
0.977
0.971
0.960
0.969
0.954
0.905
0.834
0.936
0.743
0.449
0.853
0.811
0.918
0.924
1.023
1.017
1.000
1.026
0.988
1.023
0.867
0.831
0.985
0.912
0.920
0.941
0.819
0.907
0.934
0.883
0.949
1.013
0.924
0.971
0.649
0.870
0.825
0.807
0.755
0.614
0.841
0.692
0.731
0.354
0.549
0.532
0.553
0.597
0.754
0.771
0.783
0.830
0.694
0.572
0.714
0.539
0.400
0.707
0.572
0.558
0.390
0.603
0.463
0.358
0.339
0.261
0.315
0.205
0.320
0.779
0.807
0.504
0.685
0.597
0.683
0.577
0.655
0.686
0.727
0.546
0.725
0.711
0.610
0.496
0.588
0.390
0.507
0.651
0.620
0.386
0.403
0.574
0.651
0.351
0.400
0.416
0.205
0.594
0.469
0.446
0.558
0.952
0.876
0.762
0.806
0.917
0.941
0.902
0.761
0.779
0.920
0.946
0.779
0.812
0.477
0.534
0.802
0.754
0.641
0.727
0.605
0.608
0.713
0.839
0.778
0.692
0.814
0.669
0.856
0.741
0.886
0.858
0.778
0.779
0.779
0.794
0.507
0.428
0.822
0.694
0.850
0.847
0.883
0.859
0.949
0.911
0.927
0.914
0.992
0.982
0.977
0.946
0.980
0.956
1.001
1.021
1.051
1.016
1.007
0.989
0.972
0.984
0.952
0.921
0.885
1.046
0.954
0.894
0.534
0.757
0.690
0.722
0.859
0.769
0.663
0.694
0.601
0.592
0.379
0.362
0.223
0.807
0.539
0.191
0.102
0.089
0.072
0.627
0.822
0.876
0.752
0.671
0.679
0.696
0.789
0.635
0.675
0.601
0.886
0.883
0.856
0.767
0.747
0.804
0.716
0.733
0.806
0.847
0.867
0.941
0.934
0.852
0.802
0.799
0.814
0.729
0.779
0.771
0.759
0.574
0.517
0.766
0.601
0.586
0.796
0.820
0.820
0.815
0.700
0.637
0.736
0.514
0.608
0.769
0.705
0.769
0.703
0.766
0.834
0.767
0.747
0.524
0.354
0.853
0.907
0.972
0.964
0.979
0.964
0.924
0.817
0.799
0.748
0.754
0.734
0.718
0.532
0.627
0.667
0.483
0.446
0.488
0.556
0.463
0.612
0.620
0.645
0.434
0.452
0.594
0.460
0.496
0.517
0.724
0.754
0.616
0.416
0.553
0.581
0.440
0.507
0.428
0.586
0.722
0.294
0.560
0.534
0.741
0.639
0.449
0.298
0.285
0.198
0.177
0.198
0.114
0.153
0.072
0.396
0.422
0.480
0.491
0.608
0.409
0.480
0.507
0.631
0.336
0.458
0.647
0.601
0.725
0.597
0.599
0.647
0.240
0.519
0.446
0.422
0.577
0.512
1.060
0.917
0.932
0.960
0.896
0.979
0.905
0.853
0.747
0.685
0.848
0.892
0.864
0.807
0.907
0.929
0.992
0.972
1.016
0.931
0.977
0.815
0.831
0.812
0.989
0.725
0.549
0.776
0.633
0.608
0.396
0.603
0.745
0.789
0.907
0.512
0.413
0.844
0.873
0.904
0.700
0.714
0.563
0.512
0.639
0.641
0.673
0.532
0.514
0.789
0.586
0.532
0.733
0.560
0.390
0.563
0.483
0.488
0.409
0.425
0.771
0.647
0.618
0.488
0.690
0.527
0.577
0.669
0.865
0.532
0.390
0.627
0.583
0.428
1.070
1.023
0.945
0.959
1.027
0.979
0.864
0.781
0.741
0.761
0.631
0.871
0.690
0.714
0.590
0.612
0.460
0.667
0.769
0.702
0.396
0.422
0.570
0.472
0.574
0.586
0.541
0.522
0.501
0.577
0.501
0.458
0.537
0.610
0.537
0.488
0.434
0.556
0.690
0.868
0.859
1.013
0.827
0.848
0.946
0.892
0.493
0.731
0.953
1.008
0.992
0.864
0.952
0.931
0.791
0.823
0.725
0.696
0.812
0.608
0.449
0.590
0.522
0.556
0.416
0.517
0.918
0.705
0.754
0.694
0.747
0.731
0.722
0.472
0.583
0.383
0.379
0.501
0.586
0.725
0.748
0.685
0.480
0.452
0.434
0.698
0.769
0.819
0.565
0.856
0.663
0.627
0.597
0.729
0.858
0.567
0.493
0.700
0.509
0.581
0.577
0.655
0.724
1.060
0.778
0.889
0.935
0.950
0.929
0.422
0.724
0.409
0.496
0.762
0.659
0.714
0.463
0.669
0.610
0.551
0.512
0.460
0.546
0.534
0.819
0.567
0.574
0.570
0.736
0.588
0.612
0.452
0.583
0.616
1.026
0.532
0.229
0.354
0.541
0.767
0.597
0.539
0.386
0.527
0.544
0.539
0.276
0.102
0.422
0.437
0.354
0.245
0.229
0.339
0.051
0.466
0.177
0.223
0.170
0.000
0.135
0.162
0.000
0.217
0.125
0.114
0.089
0.000
0.000
0.000
0.072
0.162
0.000
0.000
0.000
0.000
0.000
0.184
0.198
0.000
0.135
0.114
0.000
0.102
0.000
0.102
0.089
0.000
0.051
0.000
0.000
0.000
0.153
0.000
0.000
0.051
0.000
0.153
0.184
0.000
0.000
0.000
0.177
0.294
0.311
0.072
0.320
0.390
0.565
0.544
0.702
0.814
0.845
0.934
0.902
0.862
0.917
0.855
0.789
0.774
0.677
0.586
0.343
0.145
0.170
0.114
0.000
0.000
0.102
0.000
0.000
0.000
0.051
0.072
0.229
0.000
0.000
0.170
0.153
0.000
0.114
0.072
0.089
0.072
0.000
0.125
0.114
0.000
0.114
0.000
0.000
0.000
0.000
0.153
0.303
0.089
0.000
0.000
0.000
0.000
0.135
0.000
0.162
0.000
0.000
0.343
0.072
0.000
0.000
0.000
0.135
0.000
0.000
0.000
0.000
0.000
0.000
0.000
0.000
0.217
0.000
0.153
0.000
0.102
0.102
0.000
0.211
0.000
0.000
0.000
0.000
0.000
0.000
0.000
0.000
0.177
0.000
0.271
0.000
0.000
0.000
0.000
0.000
0.000
0.114
0.000
0.000
0.000
0.000
0.000
0.000
0.102
0.000
0.000
0.000
0.000
0.000
0.000
0.000
0.000
0.000
0.000
0.000
0.000
0.000
0.000
0.205
0.000
0.000
0.000
0.000
0.000
0.114
0.000
0.051
0.000
0.089
0.072
0.211
0.102
0.000
0.000
0.000
0.000
0.000
0.000
0.000
0.000
0.051
0.000
0.000
0.135
0.000
0.089
0.000
0.089
0.000
0.051
0.125
0.184
0.089
0.000
0.000
0.000
0.000
0.000
0.522
0.383
0.365
0.343
0.369
0.509
0.627
0.428
0.647
0.551
0.425
0.483
0.610
0.655
0.614
0.440
0.393
0.681
0.603
0.553
0.522
0.599
0.633
0.369
0.372
0.588
0.488
0.320
1.007
0.927
0.752
0.191
0.720
0.896
0.750
0.688
0.845
0.731
0.931
0.922
0.968
0.945
0.976
0.922
0.844
0.828
0.891
0.799
0.847
0.752
0.850
0.811
0.734
0.801
0.736
0.597
0.633
0.577
0.315
0.639
0.716
0.861
0.842
0.841
0.759
0.833
0.842
0.825
0.574
0.694
0.713
0.560
0.722
0.839
0.781
0.915
0.910
0.885
0.891
0.898
0.987
1.004
1.014
1.030
1.005
0.945
0.992
0.853
0.659
0.771
0.622
0.707
0.745
0.918
0.924
0.886
0.894
0.882
0.852
0.757
0.788
0.755
0.629
0.745
0.627
0.504
0.472
0.629
0.769
0.440
0.422
0.390
0.560
0.390
0.556
0.443
0.347
0.428
0.556
0.320
0.504
0.618
0.659
0.570
0.517
0.443
0.512
0.425
0.677
0.665
0.443
0.901
0.841
0.485
0.477
0.379
0.372
0.725
0.549
0.358
0.383
0.477
0.431
0.483
0.631
0.618
0.655
0.369
0.507
0.529
0.000
0.211
0.000
0.198
0.000
0.000
0.177
0.000
0.000
0.000
0.125
0.000
0.191
0.000
0.162
0.000
0.000
0.000
0.336
0.618
0.499
0.315
0.551
0.422
0.597
0.483
0.443
0.294
0.347
0.336
0.474
0.603
0.679
0.379
0.328
0.354
0.725
0.488
0.271
0.789
0.403
0.567
0.488
0.567
0.603
0.514
0.393
0.474
0.519
0.754
0.774
0.509
0.469
0.512
0.655
0.379
1.051
1.036
0.993
0.945
0.993
0.997
0.703
0.761
0.705
0.558
0.793
0.546
0.504
0.667
0.738
0.649
0.757
0.731
0.827
0.973
0.948
0.957
0.731
0.924
0.982
0.936
0.339
0.643
0.894
0.929
0.834
1.012
0.963
1.005
1.019
1.045
1.047
1.019
0.997
0.987
0.982
0.982
0.975
0.957
0.833
0.789
0.799
0.622
0.771
0.669
0.762
0.605
0.827
0.705
0.694
0.741
0.799
0.769
0.425
0.767
0.794
0.799
0.898
0.882
0.703
0.733
0.858
0.902
0.892
0.886
0.871
0.902
0.836
0.776
0.831
0.896
0.934
0.908
0.874
0.815
0.839
0.873
0.907
0.853
0.847
0.820
0.806
0.842
0.698
0.754
0.734
0.738
0.761
0.791
0.853
0.754
0.804
0.811
0.745
0.820
0.757
0.927
0.859
0.914
0.781
0.736
0.720
0.761
0.811
0.873
0.819
0.791
0.932
0.841
0.980
1.007
1.009
0.956
0.904
0.918
0.679
0.616
0.731
0.681
0.685
0.718
0.882
0.838
0.804
0.612
0.469
0.529
0.597
0.544
0.529
0.819
0.779
0.815
0.845
0.820
0.864
0.799
0.694
0.874
0.716
0.653
0.709
0.734
0.733
0.709
0.778
0.690
0.614
0.794
0.692
0.811
0.819
0.794
0.724
0.894
0.499
0.051
0.240
0.743
0.811
0.784
0.842
0.643
0.734
0.918
0.960
0.902
0.935
0.945
0.973
1.058
0.734
0.817
0.927
0.957
0.839
0.806
0.657
0.778
0.766
0.685
0.928
0.892
0.637
0.556
0.592
0.592
0.629
0.675
0.592
0.608
0.755
0.522
0.685
0.714
0.539
0.519
0.565
0.332
0.315
0.637
0.512
0.422
0.463
0.653
0.537
0.610
0.692
0.572
0.413
0.641
0.307
0.675
0.696
0.472
0.637
0.698
0.645
0.499
0.932
0.879
0.812
0.567
0.541
0.620
0.727
0.645
0.474
0.702
0.806
0.641
0.570
0.673
0.631
0.850
0.898
0.945
0.980
0.988
0.980
0.976
1.050
1.041
0.954
0.921
0.917
0.950
0.827
0.941
0.932
0.912
0.716
0.522
0.574
0.643
0.594
0.574
0.702
0.842
0.512
0.406
0.386
0.198
0.256
0.153
0.690
0.771
0.858
0.694
0.929
0.702
0.771
0.661
0.625
0.590
0.612
0.767
0.541
0.688
0.688
0.718
0.601
0.894
0.789
0.809
0.722
0.761
0.762
0.711
0.855
0.771
0.718
0.783
0.745
0.762
0.871
0.759
0.727
0.811
0.731
0.671
0.743
0.698
0.891
0.807
0.733
0.764
0.811
0.885
0.917
0.870
0.830
0.817
0.883
0.848
0.952
0.705
0.396
0.681
0.806
0.922
0.927
0.953
0.823
0.899
0.752
0.673
0.784
0.817
0.452
0.722
0.709
0.683
0.466
0.544
0.440
0.567
0.750
0.637
0.694
0.779
0.643
0.736
0.794
0.675
0.663
0.522
0.386
0.563
0.727
0.649
0.437
0.616
0.455
0.315
0.403
0.343
0.379
0.639
0.608
0.679
0.425
0.774
0.727
0.551
0.393
0.493
0.635
0.586
0.714
0.665
0.631
0.469
0.440
1.028
0.850
0.806
0.774
0.750
0.834
0.892
0.959
0.950
0.870
0.778
0.882
0.733
0.583
0.896
0.850
0.804
0.759
0.779
0.544
0.440
0.354
0.051
0.458
0.339
0.594
0.608
0.677
0.725
0.472
0.400
0.567
0.637
0.532
0.519
0.177
0.437
0.493
0.480
0.713
0.698
0.819
0.633
0.383
0.529
0.594
0.474
0.491
0.556
0.320
0.271
0.422
0.727
0.517
0.524
0.558
0.622
0.905
0.820
0.783
0.713
0.653
0.499
0.529
0.570
0.757
0.781
0.546
0.905
1.010
0.544
0.733
0.845
0.783
0.729
0.665
0.614
0.549
0.499
0.556
0.485
0.428
0.601
0.567
0.351
0.443
0.496
0.675
0.677
0.409
0.895
0.759
0.786
1.003
0.980
1.004
0.993
1.033
0.996
1.027
1.021
1.010
0.967
0.984
0.982
0.989
0.965
0.888
0.934
0.681
0.774
0.807
0.762
0.608
0.472
0.393
0.683
0.679
0.736
0.686
0.740
0.683
0.661
0.581
0.431
0.750
0.661
0.711
0.675
0.627
0.534
0.522
0.740
0.757
0.588
0.491
0.493
0.982
0.901
0.882
0.938
0.976
0.977
0.902
0.904
0.917
0.941
0.918
0.590
0.922
0.845
0.798
0.703
0.724
0.740
0.781
0.876
0.743
0.784
0.761
0.570
0.616
0.298
0.590
0.766
0.631
0.731
0.850
0.858
0.720
0.789
0.767
0.750
0.541
0.685
0.659
0.549
0.773
0.369
0.351
0.483
0.416
0.563
0.643
0.683
0.823
0.817
0.796
0.802
0.544
0.594
0.690
0.647
0.671
0.597
0.574
0.757
0.681
0.669
0.724
0.714
0.725
0.627
0.669
0.563
0.733
0.425
0.669
0.688
0.390
0.565
0.422
0.452
0.694
0.841
0.711
0.339
0.413
0.477
0.379
0.403
0.612
0.686
0.376
0.409
0.565
0.501
0.298
0.546
0.551
0.549
0.466
0.577
0.517
0.572
0.902
0.425
1.044
1.005
1.081
1.056
0.899
0.980
0.922
0.828
0.764
0.848
0.590
0.647
0.501
0.601
0.565
0.643
0.776
0.383
0.403
0.655
0.396
0.422
0.400
0.507
0.396
0.280
0.663
0.446
0.460
0.539
0.653
0.480
0.529
0.517
0.532
0.519
0.440
0.474
0.914
0.633
0.802
0.932
0.743
0.961
0.665
0.946
0.922
0.932
0.865
0.745
0.572
0.605
0.910
0.799
0.927
0.716
0.766
0.639
0.731
0.694
0.463
0.752
0.675
0.722
0.766
0.696
0.651
0.647
0.700
0.594
0.639
0.565
0.745
0.659
0.932
0.631
0.637
0.663
0.690
0.651
0.558
0.524
0.597
0.686
0.501
0.616
0.419
0.376
0.541
0.347
0.551
0.622
0.549
0.437
0.945
0.973
0.844
0.939
0.956
0.957
0.961
0.967
0.976
0.991
0.949
0.968
1.000
0.992
1.008
0.993
0.993
1.008
1.001
1.010
0.847
0.895
0.924
0.941
0.834
0.922
0.867
0.862
0.618
0.614
0.771
0.579
0.449
0.460
0.522
0.718
0.667
0.507
0.873
0.871
0.856
0.781
0.546
0.844
0.801
0.831
0.834
0.858
0.855
0.745
0.618
0.745
0.791
0.614
0.477
0.707
0.605
0.700
0.853
0.605
0.645
0.544
0.477
0.396
0.720
0.812
0.852
0.902
0.788
0.882
0.922
0.963
0.948
1.088
1.031
1.033
1.117
1.076
1.026
0.614
0.594
0.855
0.491
0.601
0.612
0.635
0.757
0.446
0.294
0.718
0.437
0.289
0.162
0.211
0.240
0.324
0.567
0.485
0.298
0.261
0.276
0.145
0.153
0.153
0.072
0.000
0.114
0.223
0.320
0.211
0.229
0.051
0.089
0.000
0.072
0.102
0.000
0.000
0.223
0.229
0.000
0.089
0.000
0.000
0.000
0.000
0.362
0.820
0.941
0.904
0.935
0.985
1.004
0.976
0.967
0.905
0.779
0.379
0.877
0.871
0.888
0.807
0.759
0.752
0.898
0.838
0.784
0.904
0.984
0.936
0.946
0.907
0.928
0.720
0.745
0.731
0.671
0.696
0.698
0.519
0.514
0.725
0.499
0.786
0.807
0.702
0.639
0.812
0.868
0.711
0.819
0.879
0.833
0.796
0.679
0.669
0.653
0.696
0.588
0.748
0.696
1.001
1.097
0.910
0.688
0.836
1.060
0.694
0.336
0.256
0.205
0.135
0.320
0.748
0.372
0.320
0.874
0.858
0.992
0.945
0.985
0.929
0.976
0.995
0.874
0.783
0.865
0.928
0.764
0.847
0.845
0.605
0.855
0.847
0.806
0.942
0.891
0.946
1.007
0.979
0.968
1.001
0.972
0.911
0.855
0.917
0.825
0.949
0.895
0.908
0.896
0.762
0.455
0.556
0.707
0.647
0.809
0.850
0.784
0.804
0.720
0.755
0.655
0.501
0.522
0.570
0.413
0.437
0.276
0.501
0.537
0.527
0.631
0.579
0.741
0.781
0.736
0.833
0.556
0.627
0.781
0.586
0.647
0.501
0.817
0.901
0.901
0.850
0.667
0.778
0.705
0.696
0.836
0.895
0.949
0.985
0.985
0.992
0.995
0.934
0.969
0.965
0.750
0.477
0.496
0.493
0.425
0.635
0.504
0.661
0.612
0.788
0.841
0.512
0.416
0.400
0.396
0.379
0.379
0.383
0.702
0.653
0.463
0.390
0.590
0.588
0.425
0.514
0.240
0.403
0.343
0.289
0.537
0.556
0.572
0.551
0.546
0.614
0.514
0.563
0.544
0.496
0.413
0.496
0.493
0.419
0.539
0.541
0.472
0.446
0.396
0.483
0.328
0.379
0.328
0.261
0.276
0.537
0.499
0.379
0.245
0.328
0.372
0.627
0.544
0.449
0.452
0.425
0.583
0.493
0.524
0.527
0.643
0.641
0.653
0.428
0.416
0.698
0.458
0.460
0.507
0.657
0.574
0.519
0.396
0.608
0.390
0.574
0.466
0.567
0.477
0.493
0.643
0.653
0.491
0.419
0.336
0.311
0.379
0.661
0.714
0.463
0.544
0.386
0.474
0.472
0.458
0.491
0.603
0.390
0.425
0.446
0.339
0.440
0.403
0.390
0.608
0.690
0.663
0.539
0.469
0.390
0.396
0.400
0.577
0.501
0.539
0.446
0.416
0.553
0.383
0.474
0.347
0.271
0.315
0.240
0.365
0.266
0.509
0.446
0.413
0.390
0.177
0.145
0.285
0.102
0.229
0.354
0.271
0.379
0.271
0.114
0.289
0.162
0.354
0.271
0.205
0.315
0.376
0.311
0.406
0.393
0.362
0.369
0.583
0.786
0.597
0.449
0.307
0.354
0.425
0.339
0.553
0.519
0.315
0.422
0.191
0.153
0.276
0.328
0.320
0.303
0.416
0.135
0.416
0.491
0.351
0.396
0.376
0.390
0.358
0.266
0.358
0.135
0.223
0.280
0.184
0.223
0.184
0.324
0.315
0.170
0.285
0.419
0.280
0.266
0.223
0.276
0.245
0.125
0.198
0.229
0.413
0.324
0.303
0.271
0.266
0.303
0.229
0.280
0.328
0.320
0.245
0.205
0.114
0.162
0.135
0.223
0.205
0.289
0.234
0.191
0.315
0.240
0.205
0.285
0.294
0.280
0.328
0.324
0.328
0.289
0.440
0.383
0.409
0.343
0.294
0.351
0.294
0.266
0.294
0.298
0.298
0.376
0.332
0.217
0.271
0.234
0.409
0.358
0.315
0.343
0.311
0.307
0.351
0.271
0.386
0.211
0.311
0.266
0.191
0.000
0.276
0.307
0.135
0.376
0.217
0.307
0.240
0.328
0.280
0.320
0.386
0.409
0.386
0.339
0.320
0.276
0.294
0.205
0.336
0.266
0.266
0.217
0.280
0.298
0.303
0.324
0.307
0.298
0.365
0.328
0.280
0.261
0.135
0.234
0.271
0.280
0.177
0.234
0.223
0.266
0.289
0.354
0.285
0.234
0.177
0.217
0.251
0.125
0.245
0.170
0.191
0.000
0.000
0.000
0.000
0.000
