0.762
0.543
0.471
0.539
0.562
0.410
0.632
0.492
0.628
0.550
0.603
0.738
0.460
0.713
0.809
0.597
0.640
0.630
0.440
0.468
0.437
0.471
0.451
0.367
0.484
0.446
0.440
0.387
0.419
0.517
0.460
0.465
0.342
0.646
0.460
0.646
0.612
0.559
0.595
0.605
0.539
0.497
0.590
0.486
0.486
0.413
0.360
0.394
0.566
0.242
0.214
0.242
0.189
0.151
0.113
0.182
0.151
0.612
0.601
0.492
0.457
0.582
0.443
0.492
0.371
0.457
0.476
0.387
0.448
0.338
0.331
0.315
0.374
0.462
0.499
0.331
0.486
0.400
0.492
0.342
0.338
0.387
0.391
0.338
0.307
0.451
0.492
0.599
0.512
0.440
0.573
0.364
0.555
0.550
0.557
0.524
0.454
0.419
0.628
0.640
0.460
0.437
0.722
0.601
0.419
0.335
0.276
0.400
0.624
0.712
0.489
0.748
0.755
0.840
0.823
0.838
0.810
0.679
0.628
0.536
0.479
0.492
0.522
0.471
0.675
0.457
0.422
0.428
0.394
0.422
0.446
0.311
0.465
0.416
0.434
0.434
0.443
0.534
0.360
0.753
0.809
0.681
0.888
0.958
0.944
0.863
0.850
0.517
0.327
0.468
0.757
0.634
0.564
0.632
0.546
0.566
0.566
0.624
0.486
0.610
0.580
0.810
0.907
0.926
0.799
0.597
0.821
0.679
0.425
0.806
0.858
0.767
0.323
0.740
0.746
0.665
0.877
0.701
0.706
0.734
0.671
0.626
0.536
0.684
0.529
0.407
0.646
0.690
0.729
0.353
0.652
0.895
0.767
0.642
0.662
0.788
0.783
0.734
0.813
0.881
0.656
0.736
0.706
0.610
0.767
0.752
0.734
0.504
0.634
0.806
0.919
0.875
0.768
0.953
0.809
0.794
0.539
0.755
0.796
0.897
0.871
0.911
0.824
0.832
0.833
0.802
0.796
0.788
0.882
0.877
0.919
0.882
0.957
0.882
0.866
0.454
0.626
0.919
0.835
0.804
0.838
0.891
0.871
0.965
0.875
0.770
0.791
0.877
0.988
0.875
0.973
0.919
0.973
0.970
0.640
0.770
0.891
0.827
0.770
0.752
0.656
0.695
0.719
0.763
0.781
0.710
0.746
0.642
0.746
0.865
0.898
0.968
0.953
0.923
0.922
0.956
0.933
0.925
0.948
0.726
0.853
0.738
0.597
0.519
0.566
0.673
0.575
0.428
0.584
0.440
0.262
0.377
0.374
0.151
0.276
0.257
0.564
0.720
0.866
0.618
0.957
0.970
0.994
0.844
0.566
0.793
0.938
0.897
0.593
0.866
0.663
0.755
0.821
0.806
0.679
0.778
0.859
0.887
0.882
0.902
0.736
0.815
0.783
0.753
0.717
0.752
0.757
0.758
0.802
0.673
0.644
0.486
0.413
0.220
0.425
0.367
0.381
0.338
0.262
0.360
0.620
0.671
0.374
0.448
0.462
0.443
0.497
0.437
0.384
0.597
0.599
0.846
0.431
0.704
0.679
0.294
0.410
0.267
0.746
0.692
0.765
0.750
0.863
0.762
0.866
0.869
0.887
0.804
0.827
0.820
0.760
0.753
0.760
0.801
0.802
0.781
0.770
0.624
0.731
0.806
0.796
0.835
0.944
0.950
0.242
0.715
0.208
0.692
0.833
0.865
0.878
0.941
0.981
1.005
0.829
0.703
0.957
0.990
0.969
0.991
0.964
0.835
0.783
0.743
0.875
0.904
0.802
0.367
0.519
0.462
0.422
0.568
0.780
0.882
0.869
0.863
0.636
0.809
0.763
0.640
0.654
0.722
0.770
0.626
0.622
0.682
0.593
0.738
0.796
0.905
0.855
0.757
0.752
0.701
0.820
0.818
0.852
0.733
0.338
0.342
0.665
0.555
0.237
0.220
0.151
0.182
0.175
0.247
0.285
0.237
0.151
0.247
0.160
0.167
0.237
0.272
0.303
0.231
0.257
0.357
0.342
0.335
0.167
0.338
0.303
0.285
0.247
0.257
0.262
0.276
0.252
0.281
0.311
0.272
0.294
0.276
0.323
0.349
0.349
0.237
0.231
0.319
0.214
0.257
0.252
0.267
0.311
0.323
0.195
0.276
0.311
0.281
0.342
0.431
0.307
0.294
0.338
0.331
0.323
0.272
0.422
0.342
0.195
0.195
0.133
0.182
0.113
0.214
0.323
0.367
0.590
0.638
0.681
0.671
0.838
0.407
0.859
0.942
0.931
0.926
0.859
0.964
0.962
0.788
0.384
0.708
0.262
0.712
0.827
0.911
0.874
0.760
0.760
0.809
0.665
0.823
0.904
0.843
0.226
0.327
0.733
0.448
0.717
0.840
0.860
0.695
1.006
0.801
0.824
0.323
0.681
0.468
0.214
0.548
0.440
0.272
0.175
0.582
0.620
0.710
0.481
0.667
0.610
0.428
0.494
0.413
0.717
0.507
0.494
0.440
0.457
0.419
0.588
0.262
0.335
0.599
0.327
0.175
0.143
0.000
0.237
0.281
0.319
0.175
0.208
0.428
0.276
0.175
0.195
0.000
0.367
0.586
0.443
0.468
0.440
0.451
0.553
0.394
0.502
0.522
0.431
0.413
0.584
0.410
0.457
0.457
0.527
0.428
0.529
0.407
0.509
0.595
0.577
0.588
0.630
0.616
0.443
0.404
0.584
0.502
0.517
0.677
0.400
0.566
0.548
0.473
0.669
0.443
0.673
0.541
0.733
0.752
0.555
0.462
0.443
0.575
0.512
0.400
0.566
0.654
0.502
0.492
0.407
0.489
0.502
0.489
0.531
0.507
0.519
0.514
0.624
0.531
0.384
0.601
0.695
0.593
0.391
0.595
0.416
0.566
0.425
0.451
0.573
0.650
0.706
0.582
0.593
0.852
0.726
0.820
0.954
0.794
0.750
0.841
0.850
0.740
0.738
0.603
0.733
0.717
0.566
0.904
0.863
0.686
0.360
0.853
0.856
0.630
0.757
0.675
0.806
0.863
0.783
0.684
0.905
0.936
0.916
0.908
0.595
0.884
0.946
1.010
1.041
1.046
0.997
0.945
0.885
0.863
0.905
0.875
0.826
0.866
0.882
0.837
0.860
0.734
0.877
0.847
0.852
0.844
0.571
0.757
0.820
0.679
0.692
0.856
0.841
0.597
0.820
0.752
0.898
0.859
0.675
0.767
0.618
0.810
0.801
0.712
0.728
0.846
0.885
0.890
0.929
0.936
0.624
0.422
0.434
0.443
0.462
0.446
0.431
0.315
0.353
0.220
0.143
0.000
0.124
0.226
0.267
0.252
0.272
0.257
0.267
0.364
0.226
0.252
0.202
0.189
0.133
0.252
0.307
0.311
0.290
0.381
0.353
0.294
0.252
0.272
0.160
0.364
0.353
0.331
0.371
0.303
0.307
0.311
0.285
0.242
0.247
0.242
0.303
0.257
0.315
0.331
0.307
0.231
0.175
0.087
0.167
0.242
0.267
0.175
0.294
0.303
0.307
0.349
0.335
0.524
0.499
0.582
0.624
0.050
0.182
0.000
0.167
0.000
0.160
0.160
0.000
0.167
0.050
0.000
0.000
0.000
0.050
0.071
0.182
0.000
0.000
0.133
0.000
0.000
0.290
0.677
0.812
0.804
0.686
0.793
0.929
0.931
0.925
0.826
0.884
0.881
0.866
0.918
0.832
0.701
0.844
0.937
0.969
0.912
0.573
0.915
0.921
0.622
0.457
0.679
0.791
0.758
0.712
0.862
0.925
0.923
0.871
0.673
0.950
0.866
0.618
0.492
0.507
0.612
0.762
0.642
0.703
0.837
0.843
0.767
0.829
0.810
0.663
0.564
0.688
0.695
0.492
0.601
0.719
0.612
0.624
0.745
0.688
0.582
0.807
0.916
0.494
0.692
0.794
0.692
0.582
0.701
0.686
0.514
0.425
0.713
0.724
0.662
0.786
0.850
0.933
0.938
0.703
0.413
0.189
0.000
0.425
0.673
0.484
0.113
0.612
0.507
0.404
0.364
0.593
0.290
0.220
0.000
0.124
0.071
0.000
0.000
0.113
1.006
0.840
0.748
0.745
0.809
0.638
0.837
0.628
0.940
0.988
0.869
0.677
0.773
0.741
0.720
0.832
0.849
0.915
0.762
0.872
0.762
0.833
0.891
0.875
0.942
0.976
0.972
0.946
0.945
1.001
0.982
1.035
0.946
0.969
0.894
0.915
0.862
0.887
0.837
0.901
0.529
0.640
0.381
0.772
0.826
0.775
0.557
0.768
0.593
0.699
0.697
0.550
0.584
0.616
0.460
0.557
0.559
0.622
0.648
0.546
0.550
0.628
0.752
0.816
0.755
0.719
0.593
0.781
0.850
0.835
0.757
0.821
0.724
0.755
0.793
0.640
0.877
0.833
0.734
0.599
0.852
0.869
0.765
0.807
0.722
0.922
0.855
0.843
0.195
0.582
0.891
0.738
0.648
0.534
0.479
0.315
0.281
0.307
0.294
0.346
0.311
0.143
0.285
0.133
0.101
0.151
0.331
0.422
0.285
0.220
0.182
0.124
0.000
0.167
0.143
0.307
0.167
0.202
0.208
0.303
0.290
0.237
0.272
0.357
0.434
0.391
0.311
0.357
0.517
0.550
0.407
0.394
0.499
0.476
0.431
0.566
0.387
0.486
0.486
0.580
0.553
0.422
0.431
0.588
0.616
0.628
0.638
0.553
0.374
0.342
0.338
0.416
0.486
0.648
0.568
0.394
0.546
0.457
0.400
0.539
0.582
0.294
0.599
0.584
0.527
0.434
0.465
0.460
0.557
0.607
0.434
0.471
0.394
0.555
0.614
0.571
0.603
0.468
0.559
0.502
0.465
0.437
0.590
0.484
0.437
0.536
0.431
0.536
0.650
0.319
0.202
0.231
0.226
0.394
0.499
0.471
0.481
0.603
0.728
0.543
0.546
0.720
0.489
0.677
0.654
0.400
0.780
0.871
0.821
0.809
0.753
0.888
0.909
0.921
0.838
0.686
0.663
0.481
0.546
0.457
0.371
0.397
0.443
0.534
0.494
0.434
0.462
0.214
0.220
0.167
0.113
0.160
0.335
0.160
0.323
0.143
0.214
0.237
0.195
0.237
0.285
0.247
0.267
0.202
0.189
0.195
0.346
0.315
0.247
0.327
0.367
0.290
0.353
0.303
0.298
0.422
0.381
0.342
0.262
0.262
0.281
0.208
0.226
0.338
0.353
0.195
0.252
0.242
0.202
0.272
0.000
0.294
0.319
0.071
0.189
0.071
0.189
0.182
0.182
0.000
0.000
0.242
0.267
0.307
0.202
0.298
0.307
0.315
0.220
0.247
0.323
0.315
0.267
0.247
0.290
0.327
0.262
0.290
0.252
0.257
0.208
0.331
0.267
0.364
0.315
0.276
0.202
0.226
0.331
0.247
0.276
0.262
0.303
0.298
0.290
0.214
0.220
0.276
0.267
0.364
0.272
0.281
0.294
0.315
0.257
0.285
0.338
0.327
0.182
0.182
0.202
0.323
0.214
0.220
0.220
0.247
0.303
0.220
0.195
0.189
0.276
0.285
0.315
0.404
0.247
0.195
0.290
0.237
0.242
0.151
0.208
0.327
0.247
0.294
0.252
0.262
0.349
0.367
0.231
0.195
0.319
0.285
0.298
0.285
0.311
0.226
0.335
0.202
0.257
0.208
0.294
0.202
0.272
0.294
0.257
0.113
0.335
0.290
0.272
0.338
0.342
0.242
0.290
0.214
0.272
0.267
0.294
0.182
0.182
0.071
0.195
0.050
0.195
0.285
0.242
0.323
0.257
0.101
0.220
0.298
0.342
0.323
0.285
0.294
0.257
0.267
0.160
0.319
0.267
0.242
0.182
0.257
0.071
0.000
0.384
0.252
0.307
0.303
0.208
0.285
0.323
0.323
0.307
0.327
0.413
0.384
0.360
0.357
0.226
0.319
0.276
0.307
0.294
0.242
0.303
0.071
0.202
0.394
0.381
0.323
0.257
0.400
0.454
0.580
0.646
0.722
0.492
0.607
0.468
0.407
0.473
0.440
0.331
0.686
0.767
0.575
0.502
0.507
0.502
0.448
0.451
0.242
0.443
0.541
0.307
0.272
0.257
0.338
0.384
0.167
0.167
0.276
0.231
0.151
0.272
0.307
0.425
0.349
0.257
0.202
0.473
0.208
0.473
0.175
0.257
0.331
0.237
0.437
0.364
0.257
0.143
0.175
0.202
0.143
0.087
0.202
0.000
0.143
0.000
0.242
0.353
0.440
0.151
0.298
0.499
0.000
0.285
0.603
0.734
0.577
0.660
0.703
0.679
0.671
0.793
0.807
0.610
0.597
0.590
0.675
0.699
1.084
0.965
0.809
0.357
0.663
0.757
0.722
0.781
0.616
0.748
0.634
0.772
0.717
0.760
0.671
0.624
0.681
0.743
0.719
0.753
0.750
0.728
0.833
0.818
0.717
0.628
0.679
0.697
0.908
0.773
0.575
0.536
0.768
0.809
0.231
0.434
0.400
0.195
0.584
0.507
0.285
0.443
0.290
0.736
0.628
0.736
0.479
0.267
0.311
0.573
0.628
0.699
0.644
0.786
0.799
0.875
0.933
0.869
0.840
0.916
0.890
0.894
0.894
0.895
0.780
1.065
0.875
0.740
0.793
0.815
0.815
0.934
0.979
1.013
0.956
0.912
0.936
1.013
0.895
0.720
0.846
0.912
0.757
0.799
0.736
0.507
0.733
0.536
0.407
0.636
0.562
0.539
0.726
0.612
0.905
0.740
0.837
0.824
0.630
0.731
0.804
0.708
0.809
0.715
0.778
0.858
0.835
0.790
0.804
0.630
0.628
0.667
0.527
0.624
0.671
0.671
0.634
0.644
0.710
0.827
0.748
0.813
0.878
0.451
0.941
0.926
0.868
0.692
0.762
0.741
0.584
0.607
0.741
0.812
0.772
0.715
0.882
0.898
0.887
0.865
0.802
0.671
0.722
0.835
0.801
0.568
0.650
0.763
0.517
0.634
0.553
0.675
0.728
0.748
0.722
0.677
0.497
0.599
0.601
0.648
0.770
0.573
0.468
0.695
0.539
0.781
0.502
0.686
0.693
0.804
0.492
0.934
0.888
0.662
0.231
0.575
0.391
0.590
0.813
0.536
0.460
0.381
0.384
0.307
0.346
0.338
0.610
0.494
0.160
0.189
0.349
0.087
0.160
0.000
0.460
0.514
0.360
0.371
0.257
0.404
0.257
0.220
0.425
0.484
0.573
0.479
0.543
0.481
0.377
0.590
0.571
0.616
0.557
0.605
0.387
0.527
0.335
0.548
0.428
0.553
0.681
0.693
0.541
0.553
0.319
0.502
0.451
0.384
0.338
0.353
0.425
0.440
0.335
0.468
0.425
0.522
0.640
0.697
0.618
0.684
0.448
0.699
0.425
0.646
0.531
0.428
0.323
0.465
0.276
0.460
0.357
0.290
0.360
0.319
0.529
0.541
0.546
0.557
0.566
0.262
0.381
0.374
0.431
0.468
0.315
0.580
0.575
0.652
0.626
0.603
0.577
0.492
0.693
0.543
0.539
0.553
0.582
0.437
0.582
0.872
0.443
0.460
0.419
0.327
0.722
0.628
0.471
0.443
0.497
0.584
0.534
0.451
0.484
0.524
0.527
0.586
0.522
0.484
0.514
0.539
0.446
0.494
0.603
0.618
0.357
0.434
0.502
0.367
0.566
0.404
0.504
0.557
0.553
0.548
0.524
0.555
0.524
0.425
0.577
0.517
0.407
0.349
0.688
0.568
0.539
0.492
0.342
0.564
0.440
0.431
0.638
0.553
0.451
0.394
0.208
0.231
0.000
0.346
0.437
0.454
0.584
0.760
0.852
0.915
0.897
0.801
0.859
0.462
0.765
0.650
1.019
0.890
0.276
0.667
0.590
0.586
0.663
0.522
0.497
0.733
0.823
0.796
0.806
0.656
0.719
0.833
0.897
0.768
0.736
0.794
0.534
0.820
0.919
0.916
0.847
0.823
0.804
0.809
0.767
0.786
0.662
0.740
0.802
0.788
0.703
0.397
0.660
0.777
0.823
0.884
0.832
0.813
0.695
0.859
0.773
0.738
0.484
0.816
0.956
0.942
0.877
0.614
0.237
0.298
0.682
0.000
0.189
0.272
0.636
0.840
0.931
0.863
0.961
1.003
1.025
0.999
0.987
0.840
0.636
1.064
0.985
0.938
0.850
0.662
0.546
0.654
0.704
0.809
0.799
0.818
0.809
0.640
0.562
0.638
0.770
0.720
0.675
0.577
0.675
0.601
0.595
0.786
0.768
0.804
0.677
0.267
0.425
0.522
0.519
0.473
0.465
0.214
0.364
0.276
0.220
0.276
0.242
0.220
0.425
0.357
0.319
0.294
0.434
0.267
0.195
0.220
0.290
0.303
0.434
0.471
0.262
0.446
0.484
0.522
0.367
0.400
0.400
0.349
0.257
0.454
0.586
0.586
0.593
0.381
0.638
0.671
0.522
0.553
0.550
0.724
0.479
0.497
0.494
0.471
0.374
0.353
0.315
0.315
0.342
0.303
0.257
0.397
0.489
0.394
0.460
0.504
0.527
0.588
0.755
0.603
0.499
0.476
0.586
0.404
0.588
0.590
0.534
0.367
0.422
0.400
0.527
0.517
0.512
0.342
0.595
0.512
0.486
0.471
0.374
0.612
0.473
0.448
0.476
0.575
0.479
0.391
0.357
0.397
0.425
0.660
0.575
0.715
0.681
0.607
0.665
0.662
0.681
0.384
0.471
0.374
0.454
0.646
0.471
0.492
0.626
0.564
0.626
0.599
0.599
0.632
0.476
0.400
0.371
0.529
0.364
0.425
0.381
0.462
0.342
0.425
0.422
0.407
0.374
0.237
0.353
0.529
0.720
0.586
0.607
1.045
0.961
0.954
0.846
0.849
0.905
0.806
0.214
0.801
0.852
0.762
0.612
0.701
0.835
0.577
0.812
0.728
0.770
0.768
0.821
0.772
0.371
0.371
0.307
0.481
0.802
0.654
0.748
0.693
0.693
0.790
0.821
0.679
0.642
0.850
0.941
0.958
0.806
0.891
0.884
0.904
0.966
0.911
0.921
0.881
0.794
0.882
0.856
0.914
0.630
0.087
0.734
0.553
0.000
0.367
0.743
1.117
1.026
0.242
0.850
0.962
0.985
0.781
0.733
0.911
0.907
0.748
0.826
0.682
0.802
0.840
0.884
0.712
0.781
0.785
0.853
0.860
0.912
0.946
0.968
0.914
1.000
1.037
0.938
0.529
0.303
0.454
1.063
0.875
0.882
0.806
0.860
0.652
0.736
0.648
0.603
0.882
0.688
0.679
0.881
0.717
0.770
0.748
0.872
0.958
0.986
0.996
0.871
0.815
0.833
0.654
0.473
0.507
0.541
0.593
0.773
0.745
0.654
0.713
0.562
0.750
0.877
0.862
0.607
0.577
0.738
0.446
0.524
0.810
0.809
0.875
0.847
0.830
0.777
0.804
0.809
0.593
0.775
0.812
0.872
0.941
0.916
0.752
0.597
0.965
1.011
0.996
0.944
0.835
0.757
0.327
0.944
0.936
0.860
0.724
0.890
0.927
0.948
0.940
0.961
0.953
0.968
0.908
0.880
0.892
0.695
0.878
0.755
0.684
0.628
0.519
0.555
0.546
0.416
0.367
0.367
0.697
0.816
0.597
0.374
0.489
0.367
0.497
0.473
0.434
0.630
0.276
0.562
0.353
0.654
0.303
0.231
0.622
0.630
0.663
0.697
0.559
0.603
0.746
0.713
0.901
0.904
0.856
0.796
0.856
0.855
0.881
0.868
0.949
0.991
0.974
0.729
0.407
0.644
0.757
0.798
0.753
0.874
0.915
0.933
0.983
1.001
1.071
0.855
0.794
0.753
0.692
0.618
0.715
0.703
0.833
0.923
0.977
0.919
0.940
0.918
0.840
0.830
0.151
0.673
0.740
0.642
0.717
0.489
0.601
0.509
0.431
0.346
0.307
0.267
0.237
0.133
0.050
0.160
0.000
0.182
0.507
0.460
0.311
0.454
0.616
0.529
0.454
0.772
0.529
0.577
0.527
0.582
0.638
0.610
0.642
0.557
0.662
0.568
0.684
0.437
0.550
0.486
0.573
0.514
0.400
0.502
0.377
0.479
0.346
0.541
0.468
0.400
0.484
0.593
0.671
0.492
0.573
0.717
0.686
0.684
0.371
0.634
0.675
0.675
0.331
0.267
0.669
0.514
0.353
0.167
0.000
0.195
0.189
0.133
0.143
0.242
0.247
0.541
0.555
0.440
0.486
0.536
0.294
0.529
0.419
0.588
0.650
0.410
0.562
0.564
0.492
0.622
0.364
0.536
0.479
0.618
0.536
0.323
0.446
0.539
0.582
0.391
0.509
0.514
0.601
0.697
0.468
0.605
0.610
0.473
0.571
0.384
0.720
0.374
0.502
0.489
0.682
0.671
0.471
0.575
0.557
0.586
0.536
0.524
0.564
0.603
0.724
0.605
0.437
0.586
0.410
0.353
0.367
0.632
0.527
0.484
0.431
0.497
0.601
0.584
0.564
0.410
0.650
0.612
0.605
0.654
0.338
0.588
0.479
0.298
0.443
0.519
0.457
0.658
0.531
0.462
0.468
0.582
0.559
0.460
0.473
0.394
0.471
0.294
0.281
0.226
0.387
0.566
0.387
0.595
0.539
0.564
0.548
0.566
0.610
0.580
0.499
0.457
0.638
0.605
0.588
0.529
0.462
0.454
0.519
0.460
0.384
0.557
0.703
0.686
0.703
0.612
0.514
0.387
0.319
0.384
0.294
0.428
0.189
0.247
0.050
0.124
0.050
0.202
0.000
0.167
0.371
0.331
0.071
0.307
0.323
0.071
0.000
0.202
0.101
0.522
0.428
0.394
0.502
0.220
0.272
0.252
0.151
0.262
0.160
0.226
0.257
0.331
0.465
0.298
0.407
0.440
0.323
0.507
0.397
0.755
0.688
0.833
0.586
0.509
0.413
0.646
0.507
0.575
0.642
0.628
0.632
0.577
0.479
0.593
0.364
0.397
0.133
0.151
0.050
0.160
0.124
0.242
0.404
0.364
0.462
0.618
0.419
0.697
0.731
0.413
0.682
0.681
0.364
0.517
0.419
0.662
0.614
0.303
0.846
0.492
0.524
0.499
0.788
0.407
0.780
0.457
0.290
0.231
0.220
0.113
0.151
0.133
0.202
0.357
0.416
0.440
0.357
0.331
0.371
0.473
0.335
0.419
0.497
0.566
0.660
0.584
0.618
0.610
0.454
0.486
0.311
0.214
0.247
0.247
0.202
0.519
0.195
0.394
0.353
0.182
0.124
0.101
0.050
0.000
0.000
0.000
0.000
0.167
0.202
0.000
0.000
0.071
0.113
0.281
0.465
0.451
0.636
0.667
0.404
0.468
0.603
0.451
0.468
0.394
0.529
0.451
0.541
0.531
0.577
0.437
0.410
0.622
0.546
0.497
0.143
0.307
0.327
0.357
0.448
0.437
0.315
0.517
0.536
0.448
0.471
0.573
0.440
0.512
0.536
0.476
0.509
0.440
0.492
0.422
0.394
0.497
0.504
0.410
0.473
0.646
0.630
0.541
0.536
0.476
0.357
0.704
0.607
0.519
0.593
0.462
0.468
0.550
0.465
0.371
0.584
0.612
0.595
0.381
0.568
0.568
0.580
0.599
0.422
0.622
0.489
0.220
0.397
0.448
0.381
0.534
0.327
0.593
0.541
0.497
0.952
0.832
0.553
0.753
0.957
0.607
0.636
0.584
0.872
0.877
0.816
0.767
0.824
0.823
0.838
0.911
0.840
0.770
0.486
0.752
0.902
0.859
0.729
0.688
0.734
0.662
0.624
0.650
0.360
0.586
0.743
0.791
0.758
0.686
0.785
0.829
0.849
0.775
0.652
0.912
0.912
0.874
0.916
0.743
1.031
0.897
0.512
0.226
0.648
0.897
0.946
0.962
1.023
0.949
0.954
0.930
0.791
0.781
0.824
0.588
0.290
0.765
0.745
0.791
0.801
0.722
0.669
0.550
0.671
0.471
0.377
0.338
0.346
0.476
0.601
0.729
0.468
0.665
0.809
0.815
0.820
0.767
0.885
0.905
0.891
0.849
0.780
0.887
0.942
0.934
0.772
0.646
0.607
0.612
0.610
0.517
0.588
0.571
0.640
0.626
0.642
0.731
0.559
0.568
0.407
0.465
0.802
0.802
0.778
0.921
0.512
0.690
0.654
0.546
0.634
0.654
0.588
0.665
0.695
0.703
0.568
0.527
0.915
0.900
0.638
0.793
0.607
0.843
0.704
0.584
0.681
0.957
0.752
0.900
0.869
0.847
0.384
0.524
0.692
0.512
0.489
0.763
0.826
0.780
0.757
0.512
0.712
0.636
0.497
0.734
0.740
0.748
0.620
0.632
0.733
0.434
0.605
0.555
0.752
0.575
0.468
0.601
0.815
0.743
0.708
0.443
0.626
0.618
0.734
0.620
1.078
0.736
0.124
0.364
0.087
0.315
0.652
0.767
0.728
0.684
0.612
0.750
0.703
0.675
0.673
0.826
0.783
0.443
0.529
0.695
0.539
0.757
0.703
0.859
0.891
0.933
0.982
0.969
1.009
1.006
0.909
0.695
0.846
0.712
0.654
0.603
0.712
0.765
0.743
0.473
0.777
0.527
0.588
0.703
0.577
0.880
0.777
0.772
0.566
0.695
0.715
0.612
0.762
0.734
0.765
0.437
0.837
0.929
0.923
0.938
0.859
0.838
0.460
0.434
0.307
0.242
0.247
0.252
0.113
0.189
0.167
0.195
0.226
0.252
0.175
0.298
0.252
0.267
0.257
0.000
0.214
0.285
0.307
0.143
0.202
0.214
0.349
0.360
0.281
0.377
0.315
0.257
0.381
0.319
0.237
0.303
0.290
0.357
0.319
0.346
0.252
0.349
0.346
0.272
0.307
0.335
0.276
0.267
0.267
0.167
0.257
0.242
0.272
0.257
0.237
0.267
0.167
0.113
0.000
0.050
0.133
0.000
0.071
0.087
0.000
0.087
0.087
0.000
0.000
0.000
0.087
0.143
0.000
0.071
0.143
0.000
0.133
0.000
0.000
0.000
0.000
0.050
0.000
0.000
0.539
0.319
0.167
0.160
0.113
0.237
0.167
0.189
0.167
0.346
0.000
0.050
0.000
0.143
0.182
0.182
0.247
0.202
0.189
0.257
0.285
0.377
0.407
0.226
0.319
0.360
0.151
0.327
0.195
0.303
0.247
0.262
0.311
0.434
0.226
0.311
0.315
0.381
0.272
0.214
0.237
0.357
0.346
0.257
0.319
0.349
0.262
0.281
0.195
0.252
0.257
0.257
0.167
0.247
0.272
0.257
0.237
0.303
0.303
0.303
0.195
0.272
0.220
0.202
0.276
0.237
0.311
0.290
0.290
0.276
0.247
0.303
0.257
0.242
0.281
0.237
0.113
0.252
0.257
0.226
0.160
0.214
0.281
0.294
0.195
0.214
0.237
0.404
0.167
0.262
0.231
0.303
0.285
0.257
0.182
0.281
0.323
0.342
0.374
0.262
0.465
0.285
0.331
0.231
0.281
0.319
0.290
0.189
0.294
0.315
0.364
0.175
0.335
0.371
0.202
0.124
0.000
0.272
0.000
0.124
0.000
0.000
0.000
0.000
0.000
0.000
0.000
0.000
0.000
0.113
0.000
0.167
0.124
0.000
0.416
0.000
0.050
0.226
0.454
0.662
0.640
0.740
0.703
0.692
0.536
0.457
0.451
0.620
0.522
0.434
0.484
0.522
0.620
0.733
0.773
0.767
0.377
0.704
0.852
0.912
0.807
0.875
0.933
0.968
0.969
0.908
0.692
0.575
0.750
0.400
0.431
0.780
1.030
0.778
0.327
0.753
0.858
0.860
0.880
0.862
0.881
0.748
0.632
0.914
0.809
0.791
0.708
0.748
0.934
0.881
0.833
0.918
0.887
0.887
0.901
0.844
0.897
0.891
0.925
0.638
0.946
0.982
0.897
0.863
0.745
0.679
0.762
0.830
0.916
0.926
0.919
0.925
0.878
0.962
0.853
0.796
0.534
0.914
0.688
0.728
0.622
0.494
0.785
0.868
0.820
0.877
0.806
0.916
0.921
0.770
0.410
0.703
0.706
0.888
0.675
0.618
0.780
0.595
0.327
0.646
0.634
0.577
0.729
0.634
0.451
0.614
0.660
0.708
0.595
0.555
0.793
0.832
0.796
0.823
0.601
0.349
0.577
0.760
0.746
0.559
0.612
0.665
0.624
0.614
0.575
0.588
0.575
0.481
0.599
0.624
0.726
0.662
0.626
0.772
0.780
0.543
0.715
0.724
0.703
0.595
0.673
0.686
0.758
0.717
0.479
0.557
0.582
0.758
0.499
0.384
0.577
0.534
0.634
0.481
0.736
0.582
0.706
0.658
0.584
0.663
0.712
0.887
0.871
0.952
0.929
0.941
0.391
0.760
0.907
0.930
0.850
0.900
0.853
0.849
0.892
0.871
0.860
0.443
0.897
0.957
0.960
0.982
0.965
0.916
0.902
0.942
0.897
0.904
0.773
0.874
0.796
0.775
0.878
0.824
0.907
0.885
0.793
0.821
0.885
0.856
0.607
0.584
0.494
0.531
0.425
0.175
0.391
0.582
0.640
0.703
0.679
0.765
0.610
0.688
0.715
0.835
0.868
0.862
0.937
0.944
0.964
1.010
0.973
0.981
0.911
0.877
0.781
0.777
0.733
0.710
0.662
0.656
0.497
0.660
0.783
0.612
0.757
0.859
0.940
0.940
1.081
1.099
0.949
0.499
0.349
0.684
0.517
0.307
0.799
0.780
0.710
0.750
0.710
0.907
0.930
0.927
0.900
0.868
0.837
0.796
0.869
0.914
0.909
0.799
0.451
0.502
0.342
0.394
0.377
0.331
0.252
0.160
0.298
0.276
0.189
0.124
0.160
0.416
0.335
0.208
0.160
0.143
0.220
0.479
0.413
0.457
0.632
0.494
0.543
0.701
0.509
0.612
0.656
0.504
0.531
0.489
0.446
0.539
0.410
0.285
0.331
0.311
0.000
0.113
0.202
0.000
0.124
0.262
0.431
0.416
0.440
0.710
0.640
0.562
0.564
0.517
0.704
0.648
0.534
0.226
0.397
0.237
0.298
0.252
0.237
0.428
0.650
0.374
0.605
0.599
0.422
0.622
0.387
0.690
0.665
0.536
0.468
0.448
0.650
0.765
0.588
0.460
0.502
0.534
0.546
0.422
0.384
0.448
0.481
0.377
0.202
0.607
0.422
0.492
0.384
0.443
0.484
0.413
0.522
0.454
0.502
0.303
0.624
0.699
0.481
0.582
0.425
0.534
0.404
0.612
0.548
0.644
0.400
0.620
0.882
0.413
0.364
0.252
0.311
0.335
0.220
0.460
0.416
0.281
0.262
0.257
0.422
0.276
0.267
0.342
0.824
0.582
0.758
0.454
0.522
0.729
0.360
0.546
0.757
0.419
0.281
0.220
0.327
0.391
0.257
0.311
0.226
0.294
0.307
0.226
0.315
0.315
0.374
0.454
0.357
0.303
0.374
0.514
0.502
0.548
0.564
0.486
0.605
0.422
0.481
0.662
0.665
0.601
0.605
0.349
0.642
0.550
0.531
0.599
0.626
0.443
0.335
0.371
0.514
0.543
0.335
0.471
0.384
0.371
0.400
0.494
0.335
0.504
0.425
0.360
0.267
0.311
0.290
0.331
0.349
0.167
0.160
0.182
0.000
0.000
0.000
0.416
0.497
0.590
0.497
0.512
0.468
0.686
0.517
0.557
0.419
0.262
0.285
0.000
0.087
0.050
0.175
0.000
0.087
0.101
0.113
0.000
0.050
0.050
0.113
0.101
0.087
0.101
0.087
0.000
0.071
0.087
0.000
0.000
0.311
0.124
0.143
0.133
0.000
0.000
0.000
0.000
0.000
0.000
0.000
0.000
0.000
0.000
0.050
0.000
0.151
0.195
0.000
0.160
0.000
0.000
0.000
0.133
0.071
0.101
0.071
0.050
0.071
0.000
0.133
0.486
0.276
0.160
0.000
0.214
0.437
0.124
0.167
0.460
0.257
0.272
0.374
0.494
0.546
0.381
0.437
0.315
0.543
0.377
0.944
0.875
0.660
0.798
0.858
0.880
0.798
0.252
0.728
0.908
0.926
0.868
0.387
0.745
0.878
0.937
0.681
0.785
0.866
0.796
0.656
0.812
0.843
0.760
0.807
0.720
0.381
0.740
0.860
0.852
0.809
0.859
0.809
0.796
0.618
0.838
0.728
0.755
0.522
0.489
0.413
0.285
0.257
0.319
0.101
0.133
0.247
0.175
0.374
0.143
0.242
0.160
0.462
0.481
0.557
0.451
0.671
0.564
0.514
0.167
0.267
0.303
0.220
0.290
0.342
0.257
0.143
0.422
0.335
0.315
0.422
0.364
0.638
0.531
0.573
0.595
0.553
0.448
0.247
0.124
0.642
0.640
0.543
0.654
0.484
0.697
0.559
0.481
0.614
0.720
0.743
0.593
0.524
0.654
0.471
0.519
0.397
0.726
0.724
0.675
0.543
0.514
0.669
0.860
0.791
0.874
0.865
0.855
0.890
0.887
0.872
0.859
0.871
0.884
0.890
0.788
0.722
0.835
0.875
0.818
0.881
0.942
0.866
0.775
0.710
0.731
0.791
0.706
0.693
0.693
0.527
0.720
0.856
0.880
0.905
0.622
0.580
0.484
0.267
0.599
0.357
0.550
0.407
0.440
0.208
0.247
0.242
0.189
0.151
0.311
0.101
0.242
0.338
0.353
0.303
0.281
0.404
0.357
0.377
0.384
0.489
0.407
0.391
0.410
0.319
0.346
0.481
0.360
0.468
0.323
0.327
0.634
0.514
0.484
0.338
0.529
0.494
0.360
0.451
0.652
0.413
0.422
0.481
0.397
0.566
0.638
0.499
0.531
0.404
0.437
0.582
0.752
0.504
0.381
0.462
0.476
0.431
0.539
0.502
0.509
0.630
0.397
0.686
0.381
0.242
0.335
0.189
0.189
0.247
0.151
0.151
0.182
0.000
0.133
0.160
0.440
0.562
0.527
0.422
0.457
0.413
0.536
0.706
0.431
0.457
0.762
0.734
0.489
0.618
0.794
0.781
0.806
0.778
0.937
0.986
0.992
0.978
0.582
0.791
0.577
0.539
0.862
0.960
0.781
0.656
0.448
0.757
0.843
0.793
0.632
0.812
0.878
0.688
0.327
0.247
0.397
0.882
0.824
0.780
0.481
0.775
0.686
0.580
0.743
0.473
0.448
0.646
0.669
0.853
0.733
0.724
0.880
0.726
0.843
0.750
0.603
0.675
0.679
0.546
0.597
0.559
0.634
0.614
0.778
0.785
0.524
0.431
0.590
0.677
0.656
0.706
0.677
0.575
0.837
0.832
0.812
0.926
0.888
0.909
0.548
0.869
0.950
0.868
0.847
0.901
0.892
0.847
0.962
0.821
0.489
0.599
0.451
0.610
0.404
0.562
0.331
0.416
0.202
0.226
0.101
0.167
0.071
0.000
0.151
0.237
0.381
0.307
0.242
0.497
0.502
0.133
0.087
0.087
0.151
0.182
0.000
0.208
0.101
0.214
0.000
0.342
0.353
0.557
0.768
0.940
0.941
0.981
0.977
0.952
0.923
0.875
0.885
0.821
0.877
0.949
0.931
0.869
0.743
0.890
0.919
0.788
0.679
0.765
0.745
0.717
0.357
0.919
0.829
0.821
0.773
0.818
0.541
0.708
0.693
0.798
0.736
0.840
0.856
0.894
0.956
0.835
0.872
0.937
0.827
0.699
0.865
0.908
0.850
0.760
0.571
0.802
0.663
0.688
0.717
0.801
0.543
0.381
0.524
0.555
0.377
0.367
0.437
0.331
0.285
0.189
0.476
0.331
0.588
0.713
0.410
0.531
0.231
0.367
0.189
0.298
0.562
0.634
0.681
0.675
0.788
0.722
0.865
0.704
0.832
0.850
0.829
0.590
0.601
0.736
0.675
0.767
0.908
0.894
0.915
0.915
0.931
0.960
0.953
0.912
0.813
0.612
0.922
0.995
0.954
0.977
0.887
1.125
0.991
0.699
0.722
0.858
0.712
0.835
0.880
0.847
0.614
0.717
0.713
0.628
0.665
0.597
0.624
0.724
0.622
0.593
0.593
0.454
0.603
0.539
0.644
0.719
0.736
0.773
0.912
0.927
0.895
0.837
0.529
0.298
0.486
0.534
0.534
0.715
0.740
0.684
0.681
0.564
0.562
0.654
0.697
0.918
0.878
0.740
0.791
0.656
0.663
0.863
0.810
0.882
0.844
0.860
0.895
0.890
0.912
0.931
0.900
0.962
0.492
1.006
1.011
0.974
0.978
0.972
0.909
0.262
0.590
0.419
0.612
0.413
0.534
0.486
0.471
0.290
0.465
0.404
0.497
0.494
0.425
0.562
0.484
0.446
0.323
0.214
0.151
0.481
0.387
0.419
0.733
0.708
0.688
0.614
0.387
0.531
0.451
0.614
0.471
0.437
0.465
0.486
0.434
0.580
0.590
0.603
0.529
0.642
0.536
0.536
0.648
0.628
0.529
0.584
0.486
0.443
0.575
0.381
0.416
0.597
0.580
0.628
0.346
0.610
0.553
0.391
0.573
0.580
0.582
0.468
0.346
0.588
0.573
0.454
0.195
0.208
0.000
0.160
0.189
0.133
0.381
0.371
0.327
0.214
0.113
0.364
0.374
0.220
0.160
0.434
0.465
0.665
0.519
0.342
0.634
0.559
0.571
0.593
0.524
0.479
0.663
0.708
0.634
0.692
0.346
0.734
0.777
0.428
0.616
0.738
0.410
0.612
0.660
0.697
0.772
0.601
0.428
0.679
0.634
0.371
0.502
0.550
0.319
0.471
0.684
0.597
0.514
0.573
0.410
0.451
0.410
0.440
0.559
0.413
0.682
0.531
0.471
0.410
0.499
0.182
0.387
0.588
0.559
0.335
0.471
0.484
0.440
0.323
0.346
0.471
0.231
0.425
0.346
0.431
0.404
0.529
0.607
0.276
0.499
0.413
0.509
0.416
0.465
0.562
0.726
0.346
0.226
0.252
0.404
0.686
0.394
0.566
0.476
0.214
0.338
0.677
0.497
0.507
0.494
0.514
0.331
0.391
0.476
0.489
0.364
0.489
0.762
0.410
0.586
0.404
0.703
0.729
0.571
0.462
0.760
0.294
0.656
0.499
0.548
0.448
0.577
0.303
0.434
0.342
0.492
0.443
0.294
0.546
0.550
0.539
0.492
0.400
0.580
0.642
0.428
0.618
0.440
0.553
0.364
0.133
0.590
0.546
0.468
0.531
0.536
0.566
0.575
0.580
0.451
0.468
0.451
0.499
0.331
0.497
0.628
0.512
0.437
0.539
0.468
0.519
0.434
0.425
0.391
0.387
0.543
0.237
0.400
0.428
0.311
0.237
0.331
0.364
0.451
0.422
0.387
0.410
0.492
0.247
0.167
0.220
0.000
0.226
0.143
0.294
0.582
0.422
0.457
0.586
0.682
1.004
0.810
0.745
0.371
0.701
0.710
0.794
0.844
0.945
0.953
0.982
0.677
0.969
0.807
0.880
0.901
0.760
0.952
0.933
1.024
0.885
0.364
0.524
0.798
1.175
0.957
0.770
0.697
0.667
0.688
0.701
0.767
0.837
0.952
0.977
1.135
0.934
0.675
0.712
0.446
0.733
0.847
0.816
0.763
0.688
0.715
0.642
0.624
0.599
