0.793
0.577
0.704
0.537
0.817
0.889
0.569
0.790
0.838
0.712
0.720
0.729
0.772
0.602
0.597
0.492
0.693
0.769
0.648
0.664
0.786
0.756
0.788
0.872
0.889
0.858
0.825
0.824
0.677
0.615
0.609
0.696
0.644
0.838
0.710
0.834
0.648
0.758
0.875
0.696
0.749
0.706
0.629
0.830
0.723
0.804
0.631
0.847
0.600
0.742
0.755
0.600
0.708
0.749
0.809
0.771
0.792
0.609
0.884
0.783
0.718
0.569
0.725
0.629
0.698
0.519
0.602
0.834
0.785
0.446
0.790
0.600
0.691
1.008
0.985
0.897
0.862
0.742
0.798
0.918
0.866
0.875
0.731
0.755
0.650
0.760
0.683
0.735
0.581
0.873
0.919
0.565
0.694
0.851
0.624
0.802
0.514
0.662
0.800
0.622
0.814
0.738
0.815
0.819
0.878
0.913
0.725
0.910
0.922
0.853
0.941
0.867
0.788
0.593
0.736
0.881
0.822
0.838
0.886
0.704
0.892
0.825
0.736
0.733
0.837
0.656
0.685
0.618
0.239
0.693
0.591
0.276
0.209
0.652
0.641
0.778
0.648
0.464
0.365
0.138
0.618
0.681
0.866
0.855
0.901
0.869
0.913
0.915
0.862
0.620
0.721
0.652
0.764
0.776
0.851
0.706
0.788
0.830
0.764
0.742
0.602
0.581
0.591
0.721
0.597
0.710
0.631
0.532
0.498
0.555
0.467
0.519
0.790
0.771
0.530
0.781
0.856
0.859
0.666
0.815
0.822
0.644
0.434
0.530
0.646
0.607
0.733
0.519
0.519
0.668
0.560
0.581
0.584
0.492
0.600
0.744
0.591
0.677
0.503
0.535
0.501
0.679
0.641
0.909
0.892
0.723
0.889
0.723
0.837
0.781
0.644
0.691
0.753
0.762
0.873
0.838
0.832
0.802
0.783
0.664
0.945
0.786
0.800
0.671
0.906
0.783
0.845
0.843
0.892
0.862
0.938
0.935
0.740
0.889
0.727
0.562
0.532
0.593
0.421
0.473
0.461
0.604
0.704
0.631
0.689
0.733
0.742
0.481
0.362
0.597
0.535
0.574
0.446
0.522
0.677
0.584
0.579
0.675
0.772
0.760
0.622
0.851
0.586
0.369
0.427
0.434
0.440
0.449
0.478
0.637
0.449
0.443
0.424
0.532
0.716
0.380
0.550
0.334
0.487
0.873
0.698
0.704
0.664
0.595
0.850
0.631
0.718
0.727
0.646
0.824
0.867
0.593
0.716
0.727
0.814
0.735
0.742
0.700
0.624
0.731
0.723
0.644
0.700
0.685
0.723
0.470
0.747
0.654
0.720
0.792
0.815
0.856
0.702
0.897
0.631
0.542
0.729
0.780
0.847
0.765
0.838
0.622
0.798
0.783
0.631
0.626
0.809
0.542
0.484
0.362
0.660
0.673
0.611
0.656
0.644
0.362
0.342
0.373
0.414
0.421
0.557
0.418
0.443
0.424
0.579
0.586
0.572
0.560
0.342
0.427
0.373
0.387
0.545
0.354
0.408
0.209
0.446
0.391
0.924
1.030
0.822
0.837
0.950
0.829
0.945
0.921
0.903
0.919
0.867
0.990
0.947
0.958
0.951
0.975
0.931
0.838
0.802
0.873
0.887
0.897
0.776
0.440
0.300
0.373
0.318
0.380
0.322
0.346
0.286
0.394
0.334
0.318
0.276
0.408
0.271
0.195
0.271
0.418
0.683
0.886
0.974
0.938
0.903
0.877
0.897
0.909
0.910
0.945
0.975
0.964
0.942
0.875
0.830
0.788
0.545
0.764
0.740
0.725
0.609
0.723
0.769
0.641
0.652
0.729
0.696
0.629
0.350
0.138
0.540
0.380
0.346
0.414
0.215
0.358
0.261
0.418
0.384
0.387
0.503
0.440
0.595
0.380
0.503
0.574
0.631
0.764
0.884
0.804
0.792
0.776
0.895
0.904
0.906
0.800
0.830
0.727
0.716
0.800
0.765
0.786
0.736
0.694
0.731
0.664
0.648
0.607
0.679
0.755
0.656
0.644
0.577
0.861
0.862
0.742
0.875
0.932
0.984
0.974
0.997
1.024
1.022
0.981
0.963
0.961
0.922
0.929
0.895
0.894
0.977
0.906
0.924
0.960
0.999
0.972
0.961
0.942
0.932
0.788
0.926
0.735
0.511
0.535
0.666
0.473
0.266
0.266
0.165
0.572
0.652
0.820
0.696
0.629
0.677
0.503
0.954
0.797
0.858
0.666
0.577
0.557
0.673
0.514
0.656
0.346
0.487
0.650
0.681
0.751
0.654
0.233
0.604
0.443
0.591
0.581
0.609
0.644
0.666
0.503
0.687
0.681
0.725
0.765
0.720
0.740
0.609
0.404
0.490
0.501
0.812
0.698
0.800
0.892
0.829
0.934
0.793
0.830
0.772
0.850
0.827
0.723
0.615
0.862
0.755
0.812
0.810
0.843
0.900
0.864
0.781
0.858
0.530
0.271
0.266
0.342
0.261
0.322
0.629
0.509
0.481
0.648
0.749
0.848
0.727
0.735
0.517
0.772
0.586
0.812
0.607
0.648
0.560
0.313
0.883
0.850
0.742
0.691
0.622
0.646
0.749
0.569
0.584
0.498
0.607
0.736
0.427
0.430
0.622
0.903
0.815
0.584
0.685
0.677
0.639
0.729
0.718
0.581
0.702
0.853
0.764
0.819
0.562
0.579
0.886
0.574
0.809
0.696
0.671
0.837
0.622
0.931
0.970
0.848
0.913
0.942
0.903
0.842
0.620
0.753
0.646
0.584
0.522
0.838
0.772
0.877
0.786
0.654
0.562
0.639
0.666
0.584
0.581
0.664
0.679
0.718
0.767
0.819
0.869
0.901
0.872
0.613
0.718
0.767
0.626
0.418
0.637
0.673
0.788
0.873
0.877
0.880
0.912
0.957
0.940
0.948
0.979
0.972
0.921
0.838
0.861
0.671
0.567
0.764
0.805
0.615
0.569
0.681
0.545
0.656
0.615
0.710
0.744
0.530
0.797
0.751
0.738
0.557
0.487
0.738
0.440
0.622
0.511
0.470
0.498
0.266
0.430
0.586
0.633
0.449
0.408
0.629
0.702
0.620
0.805
0.584
0.622
0.584
0.443
0.458
0.458
0.291
0.414
0.398
0.358
0.326
0.557
0.622
0.581
0.427
0.639
0.792
0.753
0.835
0.771
0.535
0.829
0.785
0.764
0.856
0.944
0.906
0.910
0.721
0.498
0.753
0.856
0.767
0.622
0.819
0.835
0.847
0.859
0.937
0.901
0.947
0.972
0.965
0.940
0.961
0.921
0.921
0.931
0.804
0.837
0.835
0.790
0.769
0.762
0.802
0.880
0.827
0.809
0.838
0.827
0.838
0.814
0.824
0.807
0.884
0.941
0.847
0.862
0.835
0.907
0.961
0.929
0.817
0.889
0.924
0.910
0.834
0.853
0.909
0.671
0.769
0.609
0.733
0.810
0.584
0.681
0.631
0.853
0.767
0.756
0.847
0.984
0.689
0.848
0.532
0.525
0.835
0.835
0.780
0.418
0.595
0.780
0.847
0.814
0.742
0.704
0.740
0.723
0.725
0.430
0.532
0.506
0.527
0.694
0.481
0.511
0.506
0.430
0.629
0.434
0.376
0.626
0.547
0.384
0.511
0.458
0.398
0.495
0.981
0.894
0.958
0.866
0.945
0.967
0.926
0.992
0.947
0.968
0.961
0.884
0.869
0.918
0.934
0.967
0.950
0.664
0.540
0.631
0.838
0.887
0.704
0.802
0.476
0.783
0.824
0.913
0.925
0.951
0.947
0.890
0.913
0.919
0.858
0.945
0.872
0.935
0.974
0.641
0.781
0.883
0.944
0.897
0.910
0.892
0.842
0.887
0.872
0.749
0.720
0.710
0.597
0.658
0.572
0.525
0.542
0.478
0.000
0.117
0.704
0.579
0.830
0.671
0.762
0.611
0.588
0.718
0.545
0.458
0.309
0.567
0.326
0.593
0.557
0.350
0.487
0.650
0.511
0.334
0.452
0.545
0.467
0.540
0.607
0.473
0.532
0.478
0.550
0.591
0.579
0.693
0.771
0.540
0.788
0.805
0.731
0.738
0.892
0.842
0.850
0.747
0.607
0.681
0.853
0.853
0.851
0.851
0.805
0.853
0.840
0.931
0.961
0.928
0.903
0.892
0.915
0.907
0.887
0.931
0.870
0.880
0.897
0.924
0.807
0.926
0.948
0.955
0.948
0.915
0.897
0.800
0.877
0.878
0.886
0.862
0.855
0.755
0.555
0.986
1.040
0.767
0.913
0.924
0.944
0.938
0.907
0.968
0.995
0.824
0.988
0.900
0.829
0.873
0.797
0.611
0.746
0.609
0.706
0.693
0.723
0.677
0.765
0.626
0.751
0.747
0.547
0.683
0.859
0.965
0.792
0.900
0.866
0.758
0.965
0.979
0.495
0.452
0.740
0.790
0.704
0.832
0.644
0.735
0.861
0.890
0.708
0.600
0.727
0.742
0.689
0.673
0.509
0.778
0.607
0.769
0.698
0.586
0.689
0.584
0.641
1.024
1.011
0.926
0.909
0.954
0.951
0.877
0.851
0.881
0.804
0.683
0.708
0.731
0.945
0.814
0.910
0.922
0.660
0.622
0.613
0.597
0.530
0.626
0.712
0.822
0.915
0.751
0.525
0.427
0.437
0.696
0.449
0.525
0.738
0.591
0.886
0.925
0.769
0.804
0.744
0.807
0.595
0.660
0.725
0.565
0.683
0.837
0.765
0.704
0.851
0.872
0.825
0.861
0.884
0.937
0.910
0.918
0.968
0.977
0.992
0.937
0.937
0.851
0.866
0.827
0.776
0.537
0.577
0.427
0.755
0.729
0.772
0.611
0.615
0.613
0.736
0.572
0.650
0.511
0.408
0.552
0.565
0.584
0.736
0.637
0.771
0.815
0.793
0.812
0.825
0.919
0.800
0.909
0.938
0.972
0.875
0.903
0.892
0.915
0.951
0.877
0.611
0.706
0.735
0.771
0.810
0.843
0.864
0.986
0.944
0.887
0.901
0.924
0.900
0.921
1.003
0.795
0.898
0.819
0.760
0.916
0.825
0.696
0.595
0.824
0.802
0.673
0.710
0.542
0.452
0.666
0.807
0.698
0.727
0.774
0.953
0.929
0.922
0.843
0.778
0.714
0.484
0.611
0.461
0.519
0.535
0.498
0.900
0.890
0.792
0.767
0.540
0.714
0.498
0.338
0.620
0.478
0.440
0.838
0.848
0.694
0.557
0.740
0.772
0.805
0.774
0.712
0.579
0.629
0.856
0.954
0.815
0.950
1.005
1.014
0.975
0.825
0.788
0.866
0.723
0.584
0.618
0.864
0.691
0.725
0.626
0.830
0.586
0.490
0.660
0.656
0.822
0.685
0.764
0.827
0.856
0.780
0.631
0.716
0.626
0.501
0.430
0.443
0.567
0.557
0.443
0.511
0.492
0.455
0.330
0.492
0.334
0.495
0.202
0.666
0.951
0.913
0.820
0.875
0.916
0.925
0.753
0.931
0.822
0.735
0.421
0.683
0.804
0.900
0.829
0.955
0.889
0.858
0.922
0.788
0.955
0.897
0.945
0.960
0.948
0.974
0.856
0.895
0.832
0.797
0.650
0.478
0.800
0.915
0.948
0.921
0.901
0.362
0.487
0.694
0.604
0.877
0.751
0.373
0.562
0.401
0.440
0.286
0.354
0.313
0.322
0.157
0.276
0.128
0.245
0.266
0.202
0.256
0.090
0.209
0.195
0.188
0.271
0.104
0.138
0.157
0.446
0.729
0.812
0.740
0.977
0.845
0.819
0.679
0.738
0.646
0.535
0.735
0.793
0.696
0.607
0.427
0.895
0.825
0.765
0.890
0.953
0.953
0.878
0.884
0.873
0.783
0.820
0.840
0.673
0.595
0.751
0.817
0.967
0.906
0.781
0.652
0.764
0.776
0.691
0.498
0.350
0.532
0.276
0.522
0.452
0.165
0.547
0.604
0.635
0.338
0.492
0.648
0.362
0.233
0.334
0.304
0.427
0.346
0.455
0.660
0.683
0.716
0.814
0.840
0.753
0.629
0.644
0.572
0.537
0.579
0.567
0.369
0.581
0.767
0.778
0.648
0.658
0.689
0.727
0.501
0.626
0.637
0.519
0.622
0.635
0.501
0.365
0.470
0.514
0.698
0.593
0.562
0.837
0.798
0.689
0.840
0.884
0.788
0.681
0.840
0.883
0.921
0.861
0.767
0.825
0.677
0.884
0.955
0.967
0.931
0.979
0.384
0.746
0.484
0.830
0.931
0.958
0.975
0.992
0.972
0.974
0.950
0.945
0.988
0.975
0.932
0.948
0.895
0.904
0.843
0.887
0.895
0.895
0.932
0.921
0.928
0.795
0.501
0.837
0.934
0.825
0.928
0.727
0.671
0.650
0.586
0.660
0.542
0.733
0.607
0.723
0.664
0.565
0.843
0.883
0.926
0.862
0.550
0.354
0.795
0.883
0.881
0.897
0.769
0.736
0.618
0.117
0.694
0.774
0.706
0.842
0.835
0.593
0.478
0.650
0.552
0.749
0.673
0.586
0.714
0.710
0.658
0.756
0.706
0.495
0.535
0.691
0.609
1.004
1.005
0.760
0.934
0.904
0.964
0.931
0.955
0.934
0.901
0.916
0.970
0.919
0.922
0.931
0.963
0.982
0.974
0.922
0.992
1.014
0.926
0.842
0.767
0.853
0.819
0.890
0.756
0.827
0.889
0.736
0.522
0.458
0.704
0.633
0.683
0.805
0.918
0.925
0.919
0.948
0.940
0.869
0.832
0.629
0.720
0.749
0.781
0.790
0.735
0.637
0.633
0.679
0.658
0.786
0.700
0.461
0.731
0.615
0.615
0.588
0.418
0.600
0.735
0.749
0.712
0.595
0.618
0.738
0.906
0.656
0.740
0.834
0.819
0.702
0.736
0.698
0.593
0.677
0.514
0.689
0.753
0.391
0.662
0.710
0.424
0.758
0.446
0.668
0.716
0.785
0.785
0.878
0.848
0.884
0.937
0.918
0.953
0.951
0.978
0.954
1.023
1.015
0.993
1.008
0.940
0.981
0.964
0.967
0.963
0.977
0.904
0.942
0.961
0.869
0.829
0.731
0.742
0.579
0.535
0.660
0.626
0.540
0.593
0.476
0.330
0.467
0.895
1.003
0.797
0.935
0.825
0.758
0.859
0.881
0.708
0.639
0.740
0.646
0.584
0.611
0.687
0.747
0.637
0.595
0.581
0.434
0.660
0.452
0.350
0.362
0.418
0.418
0.530
0.481
0.362
0.414
0.622
0.698
0.565
0.476
0.604
0.702
0.755
0.706
0.418
0.373
0.373
0.656
0.755
0.373
0.725
0.700
0.506
0.591
0.620
0.540
0.414
0.685
0.550
0.746
0.805
0.706
0.691
0.742
0.875
0.671
0.635
0.660
0.411
0.666
0.557
0.387
0.772
0.696
0.495
0.569
0.476
0.660
0.658
0.631
0.751
0.822
0.742
0.814
0.735
0.656
0.467
0.437
0.894
0.738
0.611
0.870
0.467
0.671
0.880
0.855
0.825
0.588
0.639
0.866
0.747
0.834
0.788
0.797
0.733
0.607
0.687
0.758
0.706
0.749
0.744
0.819
0.783
0.778
0.783
0.673
0.326
0.718
0.718
0.626
0.755
0.652
0.755
0.838
0.772
0.858
0.848
0.894
0.781
0.729
0.696
0.842
0.716
0.633
0.673
0.679
0.671
0.815
0.751
0.859
0.793
0.835
0.812
0.886
0.919
0.982
0.961
0.925
0.971
0.950
0.904
0.935
0.982
0.955
0.901
0.883
0.853
0.550
0.764
0.712
0.753
0.853
0.886
0.685
0.550
0.509
0.694
0.639
0.654
0.820
0.838
0.714
0.495
0.354
0.350
0.552
0.572
0.696
0.567
0.652
0.574
0.600
0.654
0.687
0.567
0.446
0.380
0.550
0.452
0.547
0.723
0.738
0.700
0.567
0.783
0.778
0.762
0.644
0.835
0.800
0.735
0.712
0.633
0.700
0.611
0.572
0.458
0.449
0.698
0.683
0.710
0.535
0.387
0.747
0.673
0.721
0.671
0.776
0.727
0.875
0.843
0.903
0.906
0.904
0.913
0.721
0.862
0.853
0.968
0.913
0.925
0.834
0.851
0.889
0.825
0.900
0.934
0.886
0.817
0.869
0.919
0.961
0.915
0.894
0.815
0.901
0.600
0.437
0.577
0.615
0.700
0.609
0.401
0.694
0.618
0.604
0.822
0.631
0.771
0.738
0.792
0.683
0.792
0.666
0.753
0.716
0.511
0.727
0.581
0.637
0.870
0.683
0.835
0.735
0.840
0.842
0.837
0.753
0.746
0.842
0.809
0.687
0.607
0.517
0.776
0.718
0.702
0.838
0.904
0.679
0.746
0.637
0.562
0.716
0.557
0.613
0.637
0.778
0.781
0.880
0.800
0.861
0.735
0.756
0.646
0.673
0.644
0.762
0.658
0.574
0.769
0.694
0.824
0.586
0.547
0.727
0.712
0.696
0.727
0.767
0.641
0.915
0.560
0.744
0.736
0.727
0.708
0.718
0.780
0.736
0.490
0.557
0.910
0.807
0.916
0.948
0.723
0.300
0.721
0.760
0.633
0.607
0.639
0.729
0.798
0.622
0.458
0.517
0.704
0.639
0.694
0.673
0.742
0.542
0.771
0.837
0.729
0.982
0.683
0.679
0.443
0.622
0.746
0.646
0.771
0.712
0.696
0.817
0.714
0.765
0.954
0.851
0.932
0.909
0.847
0.618
0.492
0.822
0.900
0.694
0.588
0.864
0.942
0.925
0.810
0.906
0.895
0.926
0.921
0.918
0.900
1.003
0.992
0.906
0.909
0.915
0.834
0.729
0.487
0.772
0.586
0.600
0.906
0.864
0.862
0.960
0.989
0.957
0.986
0.967
0.941
0.921
0.940
0.906
0.897
0.903
0.926
0.947
0.866
0.822
0.867
0.778
0.527
0.753
0.716
0.798
0.859
0.822
0.540
0.671
0.786
0.740
0.681
0.484
0.631
0.767
0.648
0.767
0.600
0.720
0.613
0.679
0.742
0.814
0.895
0.547
0.595
0.309
0.795
0.694
0.607
0.727
0.698
0.650
0.495
0.350
0.421
0.658
0.626
0.354
0.641
0.517
0.519
0.604
0.652
0.540
0.875
0.858
0.822
0.723
0.702
0.760
0.887
0.872
0.869
0.909
0.792
0.858
0.926
0.880
0.850
0.760
0.785
0.814
0.859
0.862
0.932
0.940
0.928
0.834
0.892
0.915
0.935
0.995
0.968
0.932
0.950
0.901
0.870
0.912
0.681
0.829
0.859
0.810
0.967
0.950
0.947
0.856
0.736
0.650
0.666
0.613
0.687
0.595
0.662
0.767
0.800
0.764
0.883
0.890
0.995
1.022
0.950
0.804
0.858
0.677
0.960
0.824
0.765
0.829
0.668
0.579
0.569
0.565
0.727
0.609
0.689
0.769
0.751
0.633
0.511
0.753
0.764
0.714
0.867
0.624
0.679
0.624
0.716
0.666
0.394
0.824
0.793
0.767
0.764
0.838
0.557
0.421
0.650
1.040
1.030
0.767
0.540
0.944
0.870
0.884
0.675
0.733
0.898
0.721
0.866
0.907
0.972
0.881
0.918
0.644
0.650
0.758
0.613
0.662
0.602
0.557
0.704
0.698
0.600
0.461
0.535
0.869
0.725
0.867
0.922
0.985
1.009
0.950
0.901
0.970
0.900
0.723
0.786
0.820
0.947
0.859
0.909
0.864
0.805
0.727
0.702
0.535
0.855
0.834
0.834
0.646
0.470
0.522
0.738
0.783
0.681
0.819
0.858
0.753
0.774
0.537
0.681
0.815
0.812
0.847
0.850
0.892
0.733
0.840
0.819
0.897
0.835
0.861
0.641
0.639
0.712
0.593
0.762
0.780
0.733
0.780
0.878
0.913
0.915
0.731
0.798
0.825
0.689
0.673
0.476
0.552
0.733
0.677
0.581
0.677
0.798
0.800
0.776
0.706
0.593
0.437
0.588
0.597
0.421
0.313
0.492
0.597
0.700
0.774
0.588
0.618
0.729
0.593
0.675
0.330
0.421
0.604
0.618
0.736
0.660
0.740
0.704
0.677
0.687
0.562
0.547
0.530
0.579
0.662
0.693
0.764
0.519
0.835
0.746
0.622
0.830
0.851
0.916
0.934
0.960
0.935
0.793
0.725
0.602
0.721
0.702
0.700
0.725
0.611
0.718
0.712
0.591
0.620
0.708
0.550
0.928
0.712
0.786
0.913
0.897
0.850
0.926
0.855
0.746
0.622
0.664
0.584
0.755
0.848
0.666
0.702
0.898
0.960
0.886
0.900
0.886
0.898
0.858
0.878
0.866
0.862
0.979
1.019
1.048
1.060
1.027
0.934
0.906
0.866
0.853
0.829
0.819
0.783
0.783
0.781
0.746
0.710
0.820
0.825
0.819
0.755
0.691
0.532
0.597
0.664
0.681
0.562
0.793
0.644
0.509
0.629
0.487
0.446
0.458
0.519
0.786
0.921
0.652
0.373
0.313
0.326
0.286
0.685
0.679
0.856
0.778
0.597
0.771
0.658
0.613
0.742
0.716
0.783
0.609
0.873
0.812
0.944
0.935
0.702
0.683
0.778
0.845
0.819
0.795
0.764
0.579
0.547
0.532
0.487
0.626
0.767
0.760
0.740
0.762
0.565
0.228
0.579
0.449
0.609
0.560
0.629
0.681
0.861
0.866
0.792
0.884
0.792
0.758
0.276
0.790
0.702
0.890
0.547
0.894
0.982
0.845
0.481
0.788
0.786
0.781
0.767
0.602
0.581
0.689
0.729
0.648
0.727
0.362
0.552
0.622
0.535
0.574
0.506
0.611
0.550
0.437
0.696
0.600
0.691
0.755
0.764
0.778
0.635
0.733
0.588
0.683
0.817
0.845
0.622
0.595
0.800
0.506
0.712
0.519
0.804
0.843
0.673
0.800
0.824
0.738
0.735
0.723
0.862
0.597
0.864
0.557
0.795
0.522
0.629
0.607
0.736
0.712
0.639
0.687
0.700
0.542
0.723
0.591
0.550
0.671
0.733
0.747
0.780
0.633
0.535
0.604
0.624
0.767
0.618
0.574
0.545
0.593
0.648
0.495
0.926
0.624
0.517
0.702
0.503
0.738
0.769
0.677
0.652
0.710
0.769
0.820
0.764
0.814
0.919
0.749
0.889
0.593
0.691
0.492
0.362
0.473
0.525
0.365
0.404
0.440
0.411
0.702
0.443
0.646
0.602
0.473
0.545
0.384
0.452
0.380
0.250
0.350
0.209
0.295
0.215
0.250
0.584
0.633
0.342
0.434
0.309
0.276
0.354
0.128
0.271
0.309
0.304
0.295
0.373
0.250
0.295
0.387
0.525
0.391
0.424
0.545
0.517
0.291
0.411
0.414
0.604
0.654
0.668
0.660
0.506
0.710
0.530
0.458
0.530
0.414
0.555
0.511
0.522
0.693
0.685
0.467
0.577
0.511
0.591
0.658
0.291
0.318
0.487
0.421
0.313
0.391
0.408
0.535
0.522
0.245
0.455
0.358
0.532
0.540
0.607
0.291
0.656
0.373
0.542
0.654
0.572
0.458
0.527
0.560
0.522
0.718
0.824
0.810
0.979
0.990
0.951
0.906
0.862
0.898
0.895
0.845
0.658
0.579
0.810
0.708
0.795
0.815
0.887
0.907
0.714
0.660
0.767
0.714
0.624
0.586
0.650
0.807
0.958
0.843
0.887
0.928
0.974
0.932
0.820
0.613
0.700
0.694
0.611
0.656
0.693
0.753
0.700
0.656
0.924
0.798
0.765
0.718
0.683
0.600
0.864
0.807
0.689
0.746
0.805
0.731
0.708
0.615
0.662
0.567
0.756
0.535
0.901
0.785
0.772
0.883
0.411
0.646
0.641
0.919
0.760
0.916
0.901
0.862
0.758
0.567
0.537
0.819
0.498
0.611
0.586
0.913
0.904
0.851
0.834
0.646
0.637
0.609
0.809
0.856
0.884
0.953
0.989
0.941
1.019
0.948
0.953
0.800
0.658
0.822
0.714
0.639
0.696
0.772
0.662
0.820
0.613
0.540
0.408
0.595
0.731
0.710
0.664
0.593
0.656
0.604
0.517
0.421
0.384
0.304
0.286
0.565
0.487
0.245
0.391
0.683
0.527
0.434
0.394
0.552
0.584
0.470
0.525
0.404
0.569
0.530
0.550
0.506
0.581
0.365
0.157
0.517
0.856
0.560
0.511
0.706
0.604
0.369
0.503
0.440
0.476
0.464
0.744
0.793
0.721
0.866
0.903
0.884
0.880
0.881
0.835
0.913
0.921
0.961
0.931
0.916
0.851
0.749
0.830
0.776
0.704
0.716
0.430
0.706
0.817
0.800
0.873
0.786
0.848
0.800
0.742
0.738
0.851
0.916
0.837
0.776
0.862
0.710
0.687
0.586
0.668
0.729
0.532
0.771
0.595
0.662
0.633
0.848
0.511
0.696
0.878
0.731
0.847
0.878
0.955
0.953
1.040
1.008
0.999
0.967
0.955
0.947
0.932
0.965
0.829
0.829
0.569
0.721
0.889
0.706
0.758
0.677
0.584
0.783
0.613
0.449
0.478
0.723
0.664
0.848
0.664
0.788
0.906
0.837
0.698
0.525
0.819
0.584
0.387
0.600
0.597
0.753
0.762
0.525
0.490
0.532
0.856
0.620
0.774
0.829
0.838
0.710
0.650
0.819
0.842
0.937
0.648
0.851
0.855
0.765
0.710
0.807
0.714
0.778
0.812
0.633
0.607
0.856
0.708
0.912
0.929
0.904
0.906
0.842
1.005
0.904
0.932
0.842
0.848
0.706
0.586
0.727
0.609
0.847
0.547
0.742
0.631
0.646
0.600
0.771
0.765
0.473
0.637
0.810
0.785
0.650
0.714
0.897
0.618
0.517
0.401
0.751
0.484
0.595
0.797
0.434
0.618
0.867
0.696
0.455
0.735
0.522
0.629
0.827
0.704
0.398
0.830
0.918
0.408
0.532
0.765
0.735
0.487
0.702
0.843
0.693
0.492
0.720
0.677
0.785
0.685
0.569
0.660
0.626
0.710
0.817
0.744
0.751
0.691
0.793
0.842
0.593
0.464
0.481
0.720
0.607
0.652
0.369
0.440
0.376
0.470
0.656
0.867
0.835
0.838
0.810
0.593
0.702
0.652
0.650
0.793
0.755
0.838
0.725
0.729
0.720
0.641
0.656
0.633
0.698
0.689
0.837
0.889
0.850
0.822
0.774
0.906
0.928
0.982
0.954
0.963
0.978
0.935
0.855
0.859
0.744
0.664
0.487
0.727
0.427
0.540
0.683
0.495
0.683
0.742
0.577
0.550
0.535
0.747
0.615
0.615
0.620
0.840
0.817
0.795
0.774
0.631
0.814
0.758
0.461
0.639
0.881
0.767
0.792
0.793
0.767
0.856
0.798
0.837
0.866
0.900
0.971
0.984
0.948
0.907
0.948
1.012
1.003
1.014
0.977
0.990
1.007
1.012
0.954
0.965
0.916
0.903
0.895
0.721
0.837
0.842
0.915
0.926
0.985
0.941
0.955
0.904
0.937
0.981
0.975
0.986
0.858
0.850
0.790
0.740
0.765
0.795
0.744
0.702
0.926
0.975
0.873
0.535
0.720
0.646
0.668
0.602
0.577
0.687
0.527
0.373
0.646
0.618
0.527
0.644
0.786
0.769
0.769
0.842
0.662
0.843
0.718
0.807
0.572
0.572
0.495
0.776
0.611
0.702
0.762
0.786
0.793
0.785
0.613
0.569
0.437
0.650
0.675
0.611
0.788
0.644
0.710
0.506
0.872
0.681
0.698
0.850
0.820
0.858
0.778
0.814
0.872
0.712
0.845
0.593
0.673
0.646
0.778
0.641
0.859
0.725
0.700
0.780
0.718
0.540
0.365
0.481
0.721
0.595
0.650
0.607
0.633
0.961
0.795
0.921
0.884
0.988
0.970
0.935
0.915
0.965
0.995
0.999
0.970
0.925
0.950
0.978
0.960
1.000
0.843
0.778
0.654
0.245
0.593
0.358
0.157
0.188
0.117
0.256
0.173
0.354
0.128
0.313
0.295
0.286
0.404
0.414
0.309
0.527
0.398
0.326
0.535
0.476
0.362
0.452
0.250
0.188
0.090
0.245
0.266
0.644
0.851
0.855
0.889
0.873
0.855
0.887
0.895
0.941
0.895
0.845
0.746
0.668
0.706
0.658
0.532
0.530
0.749
0.840
0.769
0.878
0.774
0.710
0.872
0.729
0.746
0.691
0.772
0.778
0.408
0.511
0.560
0.446
0.384
0.318
0.261
0.532
0.228
0.245
0.261
0.461
0.202
0.266
0.281
0.202
0.473
0.215
0.326
0.157
0.165
0.394
0.443
0.597
0.644
0.760
0.683
0.586
0.443
0.691
0.591
0.464
0.387
0.629
0.618
0.765
0.484
0.731
0.820
0.771
0.776
0.742
0.700
0.804
0.877
0.901
0.894
0.848
0.870
0.866
0.827
0.710
0.807
0.792
0.853
0.883
0.895
0.913
0.890
0.872
0.931
0.935
0.880
0.883
0.906
0.873
0.912
0.941
0.887
0.951
0.995
0.929
0.925
0.938
1.005
1.014
0.970
1.001
1.012
0.892
0.912
0.840
0.567
0.418
0.304
0.376
0.414
0.467
0.552
0.452
0.245
0.434
0.090
0.434
0.470
0.309
0.228
0.148
0.276
0.233
0.261
0.239
0.157
0.090
0.281
0.322
0.228
0.291
0.138
0.478
0.679
0.525
0.635
0.478
0.776
0.618
0.527
0.774
0.552
0.527
0.639
0.671
0.600
0.555
0.776
0.721
0.824
0.910
0.974
0.916
0.877
0.827
0.776
0.845
0.834
0.751
0.790
0.716
0.747
0.693
0.758
0.892
0.804
0.679
0.781
0.837
0.706
0.641
0.720
0.790
0.764
0.565
0.664
0.807
0.712
0.804
0.547
0.861
0.712
0.662
0.723
0.689
0.767
0.476
0.815
0.662
0.552
0.600
0.574
0.517
0.404
0.842
0.452
0.492
0.751
0.545
0.668
0.602
0.458
0.557
0.560
0.577
0.733
0.675
0.847
0.373
0.753
0.880
0.938
1.036
0.924
0.957
0.979
0.889
0.897
0.767
0.786
0.853
0.937
0.995
0.925
0.890
0.829
0.565
0.772
0.793
0.864
0.901
0.918
0.945
0.947
0.947
0.887
0.869
0.727
0.903
0.822
0.758
0.740
0.683
0.535
0.648
0.671
0.434
0.408
0.652
0.802
0.498
0.478
0.609
0.369
0.714
0.767
0.600
0.746
0.673
0.291
0.545
0.478
0.330
0.195
0.362
0.795
0.626
0.660
0.666
0.648
0.437
0.577
0.654
0.572
0.421
0.380
0.490
0.555
0.637
0.346
0.365
0.675
0.593
0.492
0.398
0.391
0.577
0.514
0.681
0.631
0.514
0.492
0.714
0.733
0.525
0.446
0.560
0.517
0.656
0.624
0.629
0.522
0.467
0.577
0.476
0.537
0.449
0.532
0.698
0.744
0.814
0.804
0.853
0.648
0.346
0.394
0.641
0.550
0.758
0.706
0.579
0.629
0.611
0.689
0.404
0.637
0.712
0.443
0.547
0.300
0.683
0.668
0.350
0.408
0.786
0.550
0.535
0.398
0.569
0.591
0.461
0.535
0.633
0.622
0.615
0.584
0.738
0.537
0.714
0.376
0.611
0.446
0.774
0.790
0.666
0.437
0.597
0.535
0.455
0.683
0.607
0.767
0.698
0.567
0.464
0.746
0.550
0.376
0.656
0.658
0.492
0.506
0.702
0.577
0.545
0.511
0.527
0.758
0.635
0.490
0.624
0.637
0.790
0.781
0.574
0.666
0.574
0.555
0.622
0.700
0.740
0.751
0.586
0.795
0.239
0.673
0.838
0.758
0.685
0.622
0.449
0.712
0.595
0.702
0.749
0.704
0.424
0.805
0.629
0.725
0.689
0.716
0.478
0.545
0.398
0.565
0.555
0.414
0.607
0.487
0.484
0.727
0.664
0.753
0.778
0.851
0.864
0.937
0.958
0.921
0.925
0.880
0.812
0.867
0.639
0.850
0.872
0.862
0.910
0.950
0.906
0.820
0.772
0.802
0.886
0.995
0.945
0.804
0.824
0.800
0.827
0.837
0.820
0.830
0.903
0.961
0.942
0.938
0.835
0.771
0.829
0.858
0.736
0.600
0.604
0.588
0.807
0.847
0.895
0.984
1.023
1.020
0.960
0.947
0.947
0.954
0.887
0.853
0.832
0.687
0.656
0.862
0.679
0.819
0.778
0.738
0.567
0.615
0.714
0.771
0.687
0.662
0.675
0.798
0.916
0.646
0.712
0.797
0.916
0.744
0.723
0.781
0.721
0.814
0.685
0.810
0.514
0.778
0.664
0.602
0.562
0.591
0.746
0.700
0.560
0.458
0.671
0.764
0.421
0.772
1.003
0.972
0.793
0.953
0.848
0.988
0.967
0.941
0.985
0.992
0.960
0.968
0.922
0.900
0.842
0.834
0.913
0.877
0.904
0.837
0.778
0.716
0.744
0.525
0.391
0.478
0.256
0.350
0.295
0.245
0.233
0.148
0.165
0.313
0.215
0.202
0.157
0.052
0.000
0.090
0.074
0.104
0.165
0.000
0.000
0.148
0.128
0.181
0.487
0.635
0.557
0.809
0.817
0.837
0.626
0.666
0.843
0.579
0.624
0.843
0.738
0.746
0.648
0.547
0.434
0.540
0.633
0.404
0.387
0.261
0.464
0.304
0.384
0.473
0.464
0.562
0.509
0.644
0.424
0.562
0.856
0.792
0.840
0.903
0.802
0.804
0.501
0.951
0.873
0.887
0.944
0.897
0.929
0.934
0.944
0.901
0.915
0.894
0.901
0.835
0.735
0.691
0.687
0.800
0.758
0.834
0.827
0.780
0.671
0.490
0.738
0.723
0.781
0.646
0.666
0.646
0.530
0.481
0.671
0.452
0.362
0.498
0.509
0.654
0.635
0.716
0.421
0.639
0.679
0.620
0.602
0.391
0.492
0.286
0.434
0.414
0.577
0.362
0.718
0.304
0.256
0.221
0.295
0.517
0.449
0.635
0.710
0.727
0.555
0.604
0.506
0.631
0.525
0.461
0.517
0.689
0.567
0.522
0.427
0.545
0.593
0.733
0.565
0.658
0.373
0.358
0.771
0.769
0.476
0.764
0.827
0.832
0.639
0.714
0.458
0.346
0.557
0.517
0.567
0.530
0.354
0.815
0.736
0.424
0.369
0.478
0.338
0.446
0.615
0.679
0.540
0.747
0.679
0.825
0.440
0.641
0.525
0.525
0.473
0.607
0.613
0.798
0.679
0.790
0.755
0.648
0.522
0.384
0.729
0.481
0.487
0.693
0.408
0.591
0.565
0.562
0.798
0.671
0.660
0.626
0.565
0.532
0.467
0.394
0.560
0.579
0.633
0.373
0.334
0.424
0.756
0.700
0.572
0.427
0.579
0.853
0.842
0.639
0.470
0.660
0.903
0.815
0.845
0.901
0.829
0.542
0.685
0.679
0.687
0.572
0.572
0.718
0.723
0.562
0.467
0.581
0.654
0.574
0.746
0.685
0.579
0.527
0.656
0.591
0.662
0.824
0.842
0.884
0.942
0.890
0.884
0.884
0.934
0.935
0.861
0.847
0.921
0.919
0.954
0.958
0.931
0.916
0.864
0.848
0.769
0.817
0.894
0.913
0.978
0.982
0.965
0.935
0.961
0.964
0.972
0.948
0.944
0.938
0.895
0.864
0.721
0.830
0.704
0.895
0.550
0.825
0.870
0.805
0.804
0.565
0.535
0.545
0.631
0.704
0.673
0.862
0.847
0.820
0.878
0.742
0.834
0.716
0.503
0.414
0.837
0.733
0.586
0.735
0.720
0.437
0.532
0.540
0.577
0.633
0.535
0.572
0.535
0.810
0.817
0.829
0.740
0.620
0.658
0.595
0.845
0.851
0.792
0.740
0.452
0.814
0.926
0.727
0.872
0.945
0.929
0.967
0.928
0.861
0.856
0.644
0.358
0.286
0.421
0.233
0.266
0.334
0.117
0.188
0.291
0.519
0.373
0.300
0.729
0.562
0.443
0.476
0.537
0.662
0.858
0.604
0.481
0.729
0.380
0.552
0.350
0.250
0.464
0.256
0.322
0.615
0.498
0.478
0.365
0.458
0.607
0.334
0.256
0.271
0.276
0.266
0.369
0.418
0.501
0.458
0.535
0.380
0.256
0.391
0.365
0.318
0.418
0.300
0.221
0.373
0.401
0.622
0.560
0.535
0.437
0.473
0.584
0.346
0.365
0.261
0.446
0.421
0.313
0.286
0.295
0.326
0.593
0.414
0.271
0.233
0.358
0.430
0.322
0.209
0.261
0.650
0.501
0.629
0.481
0.365
0.615
0.446
0.618
0.591
0.765
0.807
0.909
0.982
1.000
0.934
0.912
0.915
0.342
0.774
0.937
0.819
0.913
0.822
0.725
0.581
0.769
0.691
0.572
0.668
0.855
0.837
0.909
1.053
1.043
0.837
0.897
0.915
0.957
0.913
0.941
0.753
0.925
0.978
0.900
0.845
0.626
0.666
0.637
0.817
0.495
0.673
0.530
0.981
0.910
0.935
0.918
0.934
0.569
0.729
0.532
0.843
0.738
0.729
0.595
0.641
0.790
0.656
0.776
0.671
0.776
0.986
1.016
1.028
0.744
0.829
0.932
0.903
0.858
0.830
0.986
0.848
0.947
0.829
0.958
0.342
0.867
0.825
0.805
0.716
0.963
0.975
0.961
0.963
0.913
0.685
0.560
0.604
0.809
0.820
0.780
0.781
0.452
0.704
0.802
0.889
0.937
0.894
0.982
0.970
0.913
0.938
0.866
0.830
0.909
0.881
0.820
0.607
0.838
0.772
0.633
0.662
0.718
0.597
0.812
0.731
0.662
0.804
0.817
0.656
0.648
0.712
0.861
0.809
0.834
0.793
0.683
0.668
0.894
0.851
0.820
0.974
0.990
0.997
0.990
0.985
0.993
1.001
0.999
1.016
1.009
1.028
1.037
1.003
0.993
0.954
0.921
0.819
0.624
0.845
0.679
0.666
0.604
0.679
0.600
0.646
0.666
0.675
0.698
0.815
0.961
0.744
0.963
0.767
0.887
0.835
0.706
0.509
0.776
0.798
0.790
0.487
0.825
0.862
0.687
0.664
0.783
0.881
0.461
0.593
0.723
0.714
0.557
0.727
0.694
0.679
0.503
0.963
1.056
0.858
0.845
0.903
0.903
0.810
0.978
0.947
0.858
0.771
0.815
0.837
0.809
0.926
0.804
0.912
0.843
0.843
0.714
0.877
0.967
0.951
0.921
0.798
0.735
0.607
0.434
0.736
0.880
0.639
0.783
0.723
0.662
0.668
0.567
0.798
0.869
0.771
0.484
0.744
0.644
0.733
0.771
0.847
0.736
0.747
0.840
0.829
0.753
0.611
0.470
0.704
0.611
0.547
0.318
0.384
0.380
0.411
0.557
0.740
0.595
0.562
0.501
0.498
0.547
0.514
0.473
0.654
0.622
0.458
0.537
0.607
0.718
0.664
0.955
0.981
0.941
0.963
0.964
0.961
0.880
0.944
0.910
1.004
0.884
0.916
0.861
0.586
0.522
0.637
0.681
0.778
0.552
0.562
0.408
0.577
0.387
0.880
0.597
0.814
0.656
