0.733
0.920
0.934
0.963
0.970
0.978
0.936
1.021
1.001
0.952
0.577
0.686
0.794
0.916
0.542
0.714
0.684
0.902
0.929
0.836
0.791
0.987
0.822
0.842
0.930
0.691
0.549
0.723
0.542
0.530
0.645
0.708
0.786
0.601
0.661
0.601
0.798
0.653
0.616
0.714
0.632
0.710
0.609
0.672
0.830
0.880
0.922
0.881
0.868
0.897
0.751
0.920
0.980
0.872
0.995
1.010
0.972
0.655
0.525
0.250
0.210
0.297
0.284
0.228
0.204
0.274
0.153
0.234
0.153
0.088
0.000
0.161
0.088
0.102
0.191
0.114
0.000
0.169
0.114
0.000
0.153
0.184
0.197
0.000
0.000
0.144
0.000
0.222
0.234
0.000
0.153
0.102
0.135
0.000
0.000
0.000
0.051
0.153
0.000
0.197
0.000
0.000
0.260
0.072
0.153
0.000
0.088
0.114
0.184
0.000
0.000
0.184
0.072
0.051
0.776
0.850
0.881
0.893
0.872
0.568
0.811
0.854
0.889
0.951
0.953
1.014
1.038
1.058
1.036
0.996
1.023
0.974
0.933
0.798
0.854
0.817
0.976
0.929
0.827
0.948
0.941
0.848
0.502
0.719
0.568
0.647
0.612
0.643
0.860
0.872
0.756
0.948
0.857
0.893
0.581
0.706
0.881
0.976
0.924
0.951
1.046
0.999
1.021
1.010
1.034
0.956
1.018
1.036
1.010
0.993
0.959
0.944
0.952
0.955
0.812
0.563
0.809
0.857
0.776
0.768
0.710
0.839
0.672
0.684
0.771
0.744
0.632
0.706
0.614
0.670
0.594
0.616
0.819
0.869
0.823
0.862
0.475
0.723
0.798
0.828
0.661
0.590
0.670
0.775
0.786
0.776
0.747
0.635
0.747
0.823
0.701
0.691
0.703
0.978
0.839
0.900
0.967
0.836
0.135
0.216
0.144
0.794
0.930
0.890
0.884
0.913
0.979
1.013
0.979
0.859
0.847
0.525
0.502
0.391
0.314
0.306
0.274
0.125
0.297
0.114
0.169
0.184
0.169
0.863
0.952
1.033
1.021
1.029
1.070
0.980
0.823
0.848
0.839
0.740
0.806
0.905
0.733
0.630
0.970
1.027
1.034
0.790
0.931
1.044
1.010
0.322
0.228
0.563
0.959
1.003
1.000
0.806
0.850
0.912
0.814
0.601
0.701
0.620
0.786
0.837
1.013
0.955
1.049
0.992
0.966
0.993
1.006
0.947
0.930
0.960
1.047
1.018
1.003
1.012
1.001
0.917
0.931
0.831
0.910
0.923
0.804
0.801
0.770
0.632
0.678
0.684
0.740
0.539
0.801
0.730
0.609
0.426
0.420
0.381
0.719
0.664
0.752
0.704
0.620
0.735
0.776
0.798
0.754
0.847
0.670
0.691
0.398
0.775
0.572
0.689
0.730
0.417
0.884
0.766
0.726
0.577
0.833
0.724
0.766
0.537
0.592
0.794
0.751
0.637
0.680
0.897
0.866
0.620
0.790
0.739
0.749
0.847
0.951
0.951
0.924
0.833
0.788
0.766
0.783
0.860
0.859
0.866
0.825
0.785
0.803
0.788
0.828
0.831
0.710
0.791
0.737
0.668
0.703
0.830
0.786
0.739
0.752
0.848
0.837
0.793
0.763
0.839
0.721
0.706
0.811
0.764
0.751
0.814
0.820
0.761
0.775
1.014
0.907
0.927
0.831
0.937
1.037
1.018
1.005
0.922
0.931
0.893
0.751
0.388
0.804
0.740
0.924
1.018
1.024
1.031
1.052
0.884
0.941
0.943
0.899
0.902
0.905
0.940
0.735
0.570
0.592
0.586
0.417
0.450
0.462
0.417
0.588
0.639
0.453
0.544
0.515
0.357
0.558
0.435
0.522
0.318
0.649
0.626
0.544
0.701
0.489
0.447
0.641
0.601
0.699
0.637
0.547
0.747
0.643
0.551
0.568
0.456
0.659
0.191
0.197
0.191
0.539
0.857
0.986
0.953
0.900
0.890
1.012
1.018
0.958
0.970
0.956
0.923
0.960
0.845
0.695
0.664
0.740
0.775
0.831
0.684
0.710
0.919
0.794
0.735
0.670
0.522
0.626
0.906
0.854
0.790
0.703
0.775
0.688
0.770
0.744
0.624
0.751
0.886
0.740
0.863
0.812
0.966
0.905
0.825
0.984
0.979
0.910
0.894
0.917
0.899
0.923
0.922
0.968
1.006
1.018
1.054
1.067
1.043
1.063
1.057
0.890
0.936
0.896
1.001
0.857
0.920
0.841
0.839
0.717
0.426
0.322
0.635
0.758
0.899
1.046
1.034
1.095
1.017
0.990
0.956
1.005
1.042
1.003
1.010
0.967
1.027
1.010
0.937
0.612
0.653
0.781
0.839
0.986
0.967
0.974
0.435
0.955
0.967
0.823
0.643
0.731
0.558
0.651
0.836
0.845
0.791
0.693
0.839
0.869
0.752
0.890
0.817
0.535
0.651
0.737
0.836
0.863
0.871
0.505
0.689
0.682
0.791
0.749
0.967
0.988
0.919
0.972
0.923
0.592
0.699
0.815
0.929
0.691
0.597
0.426
0.799
0.691
0.715
0.771
0.618
0.890
0.684
0.731
0.906
0.934
0.894
0.756
0.799
0.699
0.756
0.822
0.893
0.780
0.515
0.790
0.786
0.781
0.661
0.682
0.905
0.934
0.930
0.949
0.893
0.967
0.900
0.752
0.909
0.875
0.931
0.854
0.845
0.878
0.804
0.875
0.943
0.937
0.875
0.798
0.836
0.790
0.714
0.712
0.645
0.806
0.684
0.794
0.747
0.845
0.923
0.926
0.841
0.775
0.794
0.775
0.894
0.812
0.776
0.853
0.811
0.761
0.812
0.791
0.676
0.956
0.978
0.964
0.988
0.906
0.708
0.688
0.637
0.730
0.657
0.586
0.763
0.639
0.764
0.747
0.747
0.554
0.502
0.708
0.666
0.758
0.830
0.697
0.801
0.960
0.948
0.974
0.952
0.875
0.913
0.877
0.967
0.905
0.915
0.857
0.834
0.907
0.931
0.909
0.912
0.975
0.944
0.991
0.974
0.943
0.967
0.959
0.844
0.752
0.739
0.697
0.691
0.933
0.944
0.853
0.724
0.785
0.726
0.599
0.381
0.512
0.542
0.680
0.817
0.889
0.924
0.907
0.896
0.860
0.890
0.889
0.880
0.910
0.910
0.945
0.924
0.778
0.733
0.959
0.987
0.978
1.034
0.986
0.976
0.730
0.866
0.970
1.004
1.047
1.001
1.058
1.061
1.048
1.013
0.833
0.819
0.551
0.728
0.314
0.184
0.216
0.169
0.144
0.191
0.222
0.153
0.000
0.000
0.239
0.000
0.135
0.000
0.144
0.088
0.135
0.051
0.177
0.088
0.000
0.000
0.520
0.703
0.726
0.635
0.823
0.542
0.724
0.766
0.450
0.483
0.520
0.505
0.701
0.737
0.812
0.809
0.913
0.934
0.990
0.450
0.161
0.605
0.706
0.902
0.996
1.003
1.027
1.013
0.988
0.987
1.043
0.979
0.897
0.892
0.302
0.724
0.761
0.817
0.929
0.844
0.900
0.952
0.929
0.991
1.003
0.902
0.388
0.334
0.423
0.871
0.910
0.856
0.306
0.874
0.949
0.976
0.624
0.740
0.754
0.759
0.706
0.746
0.586
0.788
0.740
0.672
0.525
0.958
0.771
0.856
0.651
0.906
0.845
0.850
0.740
0.721
0.568
0.780
0.848
0.773
0.854
0.917
0.955
0.874
0.114
0.830
0.827
0.974
0.896
0.987
0.964
1.037
0.894
1.004
1.023
0.974
0.929
0.794
0.912
0.819
0.766
0.863
0.868
0.780
0.751
0.956
0.995
0.995
0.995
0.934
0.968
0.854
0.924
0.839
0.561
0.764
0.657
0.672
0.663
0.701
0.785
0.814
0.780
0.972
0.896
0.910
0.974
1.036
0.968
0.860
0.937
0.983
1.015
0.948
0.889
0.970
0.975
0.937
0.940
0.892
0.915
0.883
0.866
0.837
0.927
0.860
0.984
0.976
0.948
0.883
0.647
0.651
0.785
0.739
0.721
0.530
0.744
0.735
0.845
0.712
0.703
0.684
0.641
0.535
0.819
0.771
0.651
0.649
0.530
0.664
0.744
0.641
0.747
0.830
0.626
0.780
0.781
0.689
0.653
0.737
0.721
0.715
0.614
0.744
0.637
0.551
0.620
0.733
0.759
0.594
0.699
0.674
0.659
0.607
0.486
0.527
0.483
0.586
0.581
0.778
0.645
0.653
0.796
0.688
0.637
0.809
0.517
0.483
0.616
0.651
0.515
0.532
0.572
0.612
0.622
0.609
0.764
0.836
0.811
0.768
0.847
0.837
0.723
0.964
0.905
0.819
1.024
0.930
0.322
0.274
0.746
0.980
1.005
0.723
0.510
0.250
0.288
0.302
0.260
0.135
0.197
0.161
0.260
0.216
0.177
0.135
0.000
0.191
0.375
0.270
0.318
0.297
0.322
0.191
0.302
0.318
0.322
0.297
0.191
0.318
0.326
0.210
0.204
0.302
0.255
0.417
0.368
0.414
0.234
0.239
0.102
0.293
0.210
0.420
0.260
0.239
0.346
0.326
0.353
0.385
0.284
0.326
0.284
0.293
0.234
0.204
0.265
0.288
0.360
0.388
0.288
0.478
0.310
0.357
0.368
0.265
0.270
0.302
0.338
0.314
0.260
0.191
0.239
0.239
0.204
0.274
0.357
0.284
0.310
0.216
0.265
0.265
0.322
0.260
0.279
0.381
0.314
0.349
0.135
0.000
0.265
0.279
0.297
0.284
0.239
0.293
0.395
0.239
0.314
0.244
0.284
0.270
0.288
0.216
0.204
0.360
0.072
0.222
0.279
0.204
0.279
0.349
0.302
0.346
0.297
0.391
0.184
0.244
0.297
0.364
0.360
0.364
0.378
0.279
0.314
0.274
0.260
0.239
0.274
0.310
0.244
0.391
0.306
0.210
0.239
0.284
0.744
0.746
0.830
0.695
0.609
0.686
0.775
0.728
0.804
0.814
0.862
0.731
0.751
0.780
0.763
0.749
0.686
0.803
0.862
0.682
0.761
0.653
0.899
0.708
0.764
0.730
0.703
0.561
1.004
0.916
0.814
0.704
0.883
0.880
0.775
0.930
0.960
0.924
0.836
0.926
0.872
0.907
0.804
0.751
0.952
0.917
0.793
0.773
0.710
0.714
0.746
0.874
0.708
0.847
0.822
0.807
0.510
0.222
0.318
0.401
0.565
0.719
0.731
0.945
0.834
0.897
0.902
0.917
0.905
0.910
0.920
0.929
0.763
0.775
0.749
0.775
0.754
0.790
0.739
0.549
0.726
0.771
0.783
0.414
0.532
0.788
0.764
0.708
0.568
0.809
0.715
0.733
0.695
0.515
0.588
0.637
0.607
0.554
0.635
0.624
0.668
0.822
0.731
0.568
0.717
0.701
0.809
0.788
0.719
0.537
0.664
0.728
0.592
0.674
0.717
0.758
0.624
0.739
0.752
0.624
0.630
0.674
0.568
0.622
0.678
0.630
0.793
0.737
0.764
0.651
0.605
0.731
0.563
0.655
0.572
0.746
0.712
0.737
0.680
0.689
0.699
0.740
0.880
0.752
0.756
0.822
0.752
0.871
0.742
0.848
0.695
0.542
0.770
0.723
0.653
0.542
0.754
0.499
0.758
0.775
0.676
0.664
0.535
0.579
0.661
0.689
0.674
0.651
0.786
0.951
0.845
0.653
0.674
0.723
0.834
0.689
0.798
0.756
0.754
0.786
0.670
0.520
0.768
0.684
0.793
0.771
0.859
0.894
0.970
0.987
0.999
0.986
0.960
0.790
0.697
0.641
0.723
0.744
0.778
0.699
0.616
0.712
0.719
0.853
0.853
0.841
0.836
0.839
0.912
0.883
0.896
0.620
0.801
0.874
0.871
0.887
0.880
0.905
0.899
0.793
0.570
0.395
0.688
0.684
0.742
0.691
0.763
0.788
0.697
0.470
0.747
0.780
0.594
0.632
0.717
0.592
0.710
0.776
0.581
0.663
0.537
0.450
0.612
0.717
0.616
0.737
0.672
0.590
0.388
0.401
0.197
0.626
0.284
0.639
0.766
0.682
0.721
0.649
0.815
0.693
0.693
0.697
0.814
0.844
0.737
0.726
0.612
0.645
0.938
0.962
1.043
1.010
1.031
1.003
0.997
0.990
0.945
0.959
1.031
0.964
0.979
0.967
0.947
0.943
0.948
0.626
0.752
0.860
0.632
0.854
0.710
0.844
0.775
0.532
0.828
0.728
0.887
0.788
0.790
0.752
0.770
0.721
0.834
0.896
0.857
0.661
0.807
0.751
0.645
0.643
0.688
0.639
0.635
0.749
0.790
0.856
0.731
0.809
0.842
0.721
0.680
0.739
0.653
0.614
0.811
0.886
0.799
0.857
0.794
0.740
0.758
0.721
0.719
0.684
0.626
0.568
0.601
0.749
0.612
0.657
0.643
0.568
0.668
0.643
0.605
0.830
0.768
0.603
0.746
0.819
0.691
0.754
0.670
0.776
0.963
0.639
0.886
0.726
0.535
0.844
0.577
0.682
0.812
0.637
0.856
0.697
0.364
0.592
0.869
0.804
0.630
0.758
0.641
0.717
0.666
0.697
0.796
0.869
0.730
0.851
0.951
0.975
0.778
0.854
0.931
0.980
1.041
1.012
1.021
1.043
0.934
0.966
1.038
0.948
0.951
0.877
0.825
0.812
0.701
0.837
0.831
0.467
0.184
0.535
0.691
0.470
0.761
0.815
0.866
0.968
0.892
0.916
0.974
0.955
0.991
0.962
1.009
0.997
0.978
0.976
0.982
0.980
0.963
0.962
1.022
0.938
0.941
0.949
0.837
0.798
0.770
0.551
0.731
0.742
0.819
0.786
0.637
0.395
0.601
0.537
0.682
0.618
0.699
0.462
0.890
0.778
0.637
0.699
0.630
0.773
0.941
0.820
0.733
0.737
0.756
0.668
0.682
0.686
0.706
0.599
0.682
0.684
0.740
0.664
0.612
0.639
0.522
0.581
0.630
0.626
0.686
0.672
0.781
0.639
0.614
0.663
0.551
0.522
0.680
0.574
0.847
0.754
0.499
0.549
0.473
0.883
0.917
0.944
0.764
0.978
0.834
0.364
0.447
0.274
0.265
0.244
0.234
0.153
0.184
0.260
0.153
0.102
0.125
0.000
0.102
0.135
0.088
0.169
0.088
0.144
0.284
0.814
0.963
0.860
0.776
0.804
0.859
0.809
0.710
0.786
0.742
0.719
0.799
0.744
0.783
0.744
0.628
0.628
0.674
0.674
0.664
0.721
0.522
0.712
0.735
0.624
0.712
0.771
0.737
0.773
0.739
0.680
0.558
0.803
0.706
0.742
0.735
0.880
0.940
0.967
0.980
0.906
0.883
0.877
0.834
0.937
1.028
0.922
0.781
0.651
0.798
0.837
0.997
0.979
0.903
0.887
0.945
0.859
0.820
0.689
0.771
0.930
0.833
0.881
0.892
0.916
0.880
0.865
0.968
1.057
1.058
1.049
1.013
1.005
0.980
1.031
0.993
1.018
0.979
0.970
0.929
0.657
0.746
0.880
0.801
0.766
0.542
0.793
0.717
0.689
0.758
0.678
0.649
0.791
0.721
0.695
0.848
0.657
0.721
0.346
0.574
0.886
0.678
0.871
0.775
0.905
0.530
0.239
0.845
0.894
0.807
0.744
0.697
0.877
0.730
0.811
0.594
0.470
0.510
0.785
0.815
0.747
0.695
0.599
0.609
0.499
0.790
0.620
0.594
0.618
0.643
0.730
0.967
0.842
0.945
0.920
0.906
0.880
0.815
0.572
0.827
0.877
0.710
0.744
0.825
0.771
0.775
0.883
0.991
0.862
0.857
0.934
0.923
0.926
0.857
0.836
0.724
0.778
0.678
0.717
0.686
0.712
0.661
0.666
0.896
0.955
0.497
0.886
0.724
0.834
0.970
0.916
0.754
0.894
0.806
0.976
0.916
0.893
0.986
0.991
0.953
0.910
0.976
0.776
0.807
0.815
0.791
0.761
0.701
0.756
0.801
0.837
0.794
0.663
0.618
0.756
0.828
0.758
0.672
0.701
0.701
0.719
0.609
0.712
0.549
0.603
0.693
0.857
0.839
0.609
0.635
0.699
0.801
0.551
0.651
0.532
0.714
0.731
0.780
0.933
0.916
0.708
0.814
0.865
0.643
0.851
0.889
0.889
0.945
0.788
0.798
0.937
0.877
0.839
0.874
0.853
0.809
0.724
0.620
0.697
0.635
0.699
0.368
0.486
0.737
0.558
0.651
0.554
0.754
0.542
0.847
0.459
0.527
0.537
0.527
0.588
0.647
0.933
0.664
0.467
0.395
0.000
0.144
0.210
0.114
0.000
0.144
0.744
0.684
0.574
0.688
0.701
0.704
0.603
0.746
0.588
0.896
0.974
0.984
0.949
0.761
0.910
0.791
0.715
0.759
0.841
0.919
0.909
0.944
1.036
1.075
1.106
0.899
0.968
0.839
0.790
0.793
0.897
0.968
0.871
0.804
0.955
1.032
1.036
1.015
1.015
1.021
1.022
0.993
0.951
0.894
0.982
0.963
0.905
0.949
0.960
0.943
0.913
0.890
0.938
0.919
0.871
0.917
0.647
0.768
0.783
0.735
0.417
0.438
0.836
0.776
0.794
0.735
0.730
0.756
0.847
0.609
0.746
0.809
0.601
0.768
0.739
0.666
0.771
0.739
0.603
0.733
0.592
0.614
0.763
0.689
0.786
0.674
0.607
0.742
0.481
0.724
0.783
0.766
0.628
0.570
0.922
0.902
0.962
0.922
0.819
0.144
0.924
0.959
0.971
0.909
0.510
0.726
0.721
0.462
0.417
0.318
0.426
0.423
0.459
0.360
0.408
0.429
0.467
0.288
0.385
0.688
0.618
0.724
0.499
0.664
0.414
0.464
0.483
0.429
0.314
0.250
0.228
0.244
0.279
0.265
0.144
0.314
0.144
0.605
0.909
0.936
0.979
0.962
0.968
0.963
1.021
0.949
1.021
1.014
1.015
1.054
1.009
0.959
0.951
0.968
0.848
0.962
1.052
0.947
0.847
0.841
0.798
0.710
0.780
0.909
0.848
0.892
0.833
0.368
0.265
0.435
0.467
0.706
0.814
0.892
0.987
0.931
0.924
0.857
0.987
0.874
0.978
1.003
1.029
1.021
0.986
0.926
0.622
1.085
0.992
0.941
0.987
0.972
0.940
0.971
0.868
0.417
0.125
0.255
0.222
0.239
0.191
0.210
0.395
0.293
0.204
0.114
0.210
0.000
0.177
0.288
0.169
0.000
0.609
0.302
0.250
0.210
0.274
0.244
0.000
0.169
0.000
0.072
0.191
0.210
0.000
0.051
0.000
0.520
0.900
0.862
0.822
0.497
0.693
0.664
0.670
0.770
0.796
0.686
0.664
0.778
0.590
0.761
0.657
0.672
0.737
0.632
0.497
0.714
0.749
0.599
0.653
0.686
0.539
0.691
0.778
0.704
0.728
0.651
0.719
0.770
0.686
0.628
0.684
0.342
0.721
0.612
0.776
0.794
0.664
0.815
0.664
0.435
0.657
0.657
0.801
0.712
0.686
0.724
0.955
0.983
0.964
0.234
0.847
0.995
0.958
0.872
0.811
0.859
0.756
0.776
0.691
0.723
0.771
0.763
0.884
0.865
0.978
0.999
1.000
0.909
0.819
0.786
0.739
0.684
0.647
0.663
0.764
0.923
0.988
0.937
0.860
0.851
0.756
0.763
0.819
1.023
0.896
0.744
0.936
0.949
0.990
0.996
1.028
1.000
0.941
0.947
0.952
0.839
0.920
0.952
0.807
0.659
0.572
0.799
0.657
0.724
0.717
0.539
0.839
0.693
0.798
0.737
0.896
0.841
0.803
0.637
0.572
0.499
0.735
0.825
0.878
0.793
0.844
0.801
0.812
0.781
0.710
0.661
0.893
0.712
0.788
0.614
0.647
0.414
0.574
0.663
0.740
0.645
0.839
0.927
0.854
0.922
0.590
0.191
0.234
0.817
0.905
0.590
0.539
0.971
0.951
0.945
0.938
0.964
0.883
0.924
0.759
0.643
0.889
0.815
0.825
0.812
0.860
0.844
0.833
0.856
0.842
0.819
0.761
0.851
1.014
1.046
1.017
1.056
0.920
0.877
0.860
0.754
0.628
0.827
0.590
0.670
0.688
0.653
0.515
0.854
0.704
0.758
0.717
0.847
1.024
1.027
0.970
0.953
0.836
0.860
0.938
1.027
0.993
0.936
0.666
0.947
0.862
0.899
0.878
0.874
0.936
0.976
0.916
0.944
0.967
0.907
0.945
0.931
0.887
0.912
0.811
0.630
0.605
0.794
0.819
0.841
0.868
0.839
0.851
0.655
0.708
0.754
0.770
0.689
0.688
0.574
0.905
0.676
0.771
0.678
0.597
0.626
0.708
0.830
0.726
0.726
0.678
0.752
0.830
0.388
0.364
0.572
0.689
0.807
0.910
0.903
0.512
0.781
0.768
0.740
0.830
0.830
0.773
0.863
0.708
0.790
0.847
0.773
0.693
0.723
0.682
0.686
0.735
0.735
0.645
0.639
0.618
0.588
0.641
0.603
0.549
0.653
0.764
0.714
0.691
0.647
0.848
0.785
0.620
0.579
0.776
0.796
0.577
0.486
0.775
0.723
0.620
0.603
0.900
0.785
0.890
0.715
0.703
0.645
0.817
0.857
0.790
0.872
0.735
0.678
0.697
1.053
0.892
0.924
0.934
0.886
0.844
0.844
0.862
0.880
0.775
0.754
0.781
0.657
0.703
0.770
0.639
0.756
0.712
0.751
0.897
0.944
0.590
0.924
0.980
0.916
0.907
0.897
0.607
0.862
0.635
0.568
0.668
0.558
0.663
0.539
0.520
0.438
0.592
0.622
0.486
0.637
0.594
0.353
0.693
0.486
0.467
0.222
0.338
0.288
0.532
0.626
0.803
0.574
0.639
0.429
0.459
0.537
0.678
0.731
0.429
0.786
0.499
0.790
0.740
0.710
0.467
0.539
0.568
0.609
0.473
0.561
0.512
0.666
0.502
0.456
0.588
0.520
0.507
0.494
0.478
0.395
0.603
0.478
0.417
0.626
0.527
0.525
0.388
0.641
0.781
0.680
0.491
0.429
0.549
0.645
0.570
0.408
0.441
0.450
0.444
0.572
0.481
0.420
0.349
0.310
0.346
0.284
0.222
0.297
0.338
0.688
0.599
0.703
0.886
0.917
0.922
0.947
0.854
0.875
0.875
0.929
0.886
0.887
0.827
0.927
0.906
0.848
0.830
0.712
0.515
0.647
0.853
0.842
0.723
0.639
0.752
0.866
0.663
0.730
0.704
0.579
0.630
0.794
0.688
0.909
0.827
0.831
0.796
0.653
0.666
0.684
0.719
0.809
0.739
0.786
0.647
0.766
0.831
0.754
0.798
0.791
0.754
0.626
0.551
0.733
0.609
0.841
0.637
0.532
0.668
0.647
0.770
0.959
0.944
0.962
0.912
0.974
1.008
1.001
0.982
0.974
0.997
0.993
0.958
0.944
0.970
1.047
0.866
0.785
0.793
0.903
0.773
0.744
0.837
0.704
0.825
0.791
0.801
0.723
1.132
1.143
0.894
0.963
0.737
0.804
0.997
0.968
0.941
1.031
1.026
0.991
0.983
0.991
1.049
1.012
0.980
0.900
0.949
0.953
0.903
0.798
0.695
0.664
0.670
0.758
0.862
0.780
0.661
0.691
0.759
0.609
0.639
0.520
0.746
0.695
0.444
0.689
0.724
0.794
0.668
0.749
0.831
0.758
0.859
0.815
0.758
0.668
0.754
0.756
0.877
0.906
0.830
0.815
0.781
0.766
0.806
0.828
0.730
0.758
0.844
0.817
0.781
0.809
0.815
0.763
0.834
0.860
0.828
0.837
0.847
0.866
0.909
0.857
0.814
0.814
0.850
0.775
0.817
0.825
0.831
0.786
0.837
0.896
0.936
1.004
1.065
0.992
0.949
0.881
0.831
0.739
0.505
0.388
0.330
0.255
0.371
0.357
0.686
0.609
0.827
0.759
0.438
0.708
0.739
0.803
0.539
0.676
0.507
0.635
0.647
0.666
0.592
0.647
0.794
0.900
0.917
0.929
0.856
0.991
1.003
0.941
0.893
0.927
0.986
0.962
0.992
1.008
0.993
1.008
0.915
0.884
0.955
0.944
1.003
0.960
0.987
0.931
0.920
0.941
0.987
0.922
0.806
0.664
0.691
0.733
0.786
0.684
0.704
0.664
0.770
0.776
0.913
0.645
0.663
0.691
0.783
0.535
0.330
0.678
0.744
0.884
0.812
0.907
0.794
0.763
0.731
0.817
0.814
0.747
0.659
0.614
0.747
0.728
0.776
0.947
0.664
0.764
0.776
0.747
0.456
0.542
0.507
0.798
0.807
0.756
0.822
0.964
0.999
0.962
0.959
0.955
0.938
0.975
0.980
0.958
0.926
0.949
0.986
0.995
0.976
0.597
0.470
0.483
0.645
0.456
0.499
0.429
0.574
0.464
0.420
0.429
0.360
0.583
0.505
0.184
0.426
0.000
0.000
0.255
0.222
0.102
0.184
0.102
0.210
0.000
0.250
0.000
0.960
0.947
0.971
0.923
0.744
0.799
0.922
0.924
0.877
0.825
0.872
0.951
1.003
0.940
0.884
0.947
0.806
0.522
0.517
0.655
0.435
0.647
0.796
0.791
0.790
0.747
0.447
0.462
0.632
0.391
0.678
0.630
0.719
0.651
0.661
0.686
0.678
0.860
0.806
0.947
0.877
0.788
0.302
0.759
0.785
0.853
0.860
0.988
0.990
1.074
1.043
1.051
1.022
1.058
1.006
0.995
0.974
0.956
0.987
0.966
0.931
1.000
0.931
0.920
0.815
0.624
0.605
0.793
1.052
0.979
0.890
0.719
0.695
0.754
0.414
0.525
0.680
0.697
0.796
0.754
0.766
0.666
0.761
0.825
0.668
0.728
0.570
0.630
0.742
0.639
0.639
0.649
0.645
0.672
0.517
0.714
0.889
0.820
0.723
0.699
0.695
0.811
0.637
0.234
0.878
0.788
0.770
0.676
0.959
1.033
0.930
0.926
0.857
0.955
0.874
0.752
0.896
0.730
0.781
0.649
0.630
0.742
0.609
0.695
0.796
0.798
0.811
0.890
0.715
0.744
0.828
0.577
0.728
0.806
0.781
0.794
0.719
0.659
0.670
0.686
0.670
0.691
0.776
0.878
0.778
0.949
1.006
0.997
1.036
1.001
1.009
0.987
1.070
0.972
0.851
0.837
0.872
0.806
0.819
0.715
0.441
0.260
0.666
0.814
0.823
0.833
0.674
0.601
0.780
0.798
0.785
0.706
0.986
0.999
1.000
1.015
0.952
1.028
0.997
1.019
0.886
0.453
0.831
0.997
0.984
0.960
0.967
1.037
1.037
0.990
0.947
0.955
0.948
0.915
0.868
0.710
0.542
0.764
0.862
0.771
0.462
0.689
0.491
0.607
0.420
0.572
0.851
0.896
0.978
0.803
0.833
0.902
0.834
0.594
0.820
0.799
0.865
0.746
0.917
0.844
0.814
0.836
0.780
0.919
0.940
0.926
0.938
0.922
0.817
0.948
0.972
0.948
0.955
1.023
1.004
1.010
1.003
1.004
0.923
0.441
0.318
0.338
0.265
0.326
0.306
0.255
0.334
0.456
0.844
0.780
0.872
0.845
0.740
0.819
0.869
0.892
0.980
1.010
0.857
0.868
1.032
0.944
0.947
0.962
0.933
0.831
0.723
0.502
0.191
0.334
0.306
0.169
0.684
0.670
0.338
0.381
0.470
0.739
0.666
0.770
0.764
0.871
0.537
0.749
0.724
0.622
0.706
0.661
0.830
0.746
0.641
0.820
1.000
1.021
0.993
1.014
1.021
1.026
1.004
0.997
0.990
0.980
0.913
0.836
0.899
0.906
0.884
0.893
0.897
0.871
0.871
0.682
0.831
0.798
0.809
0.820
0.651
0.758
0.830
0.726
0.570
0.661
0.539
0.447
0.607
0.780
0.398
0.747
0.668
0.780
0.754
0.883
0.809
0.592
0.823
0.740
0.637
0.581
0.794
0.693
0.721
0.645
0.653
0.710
0.535
0.539
0.592
0.614
0.607
0.751
0.839
0.788
0.655
0.663
0.771
0.537
0.568
0.583
0.724
0.535
0.712
0.661
0.515
0.794
0.728
0.635
0.542
0.605
0.614
0.645
0.583
0.929
0.801
0.357
0.470
0.507
0.820
0.896
0.853
0.919
0.916
0.822
0.902
0.897
0.936
0.817
0.791
0.790
0.828
0.590
0.752
0.761
0.682
0.751
0.781
0.747
0.798
0.830
0.893
0.854
0.783
0.857
0.894
0.893
0.976
0.984
0.936
0.889
0.862
0.799
0.871
0.841
0.892
0.909
0.916
0.775
0.875
0.786
0.839
0.836
0.917
0.834
0.776
0.539
0.435
0.489
0.744
0.773
0.845
0.554
0.703
0.723
0.740
0.620
0.674
0.346
0.565
0.520
0.464
0.726
0.688
0.761
0.715
0.778
0.668
0.717
0.695
0.854
0.938
0.862
0.999
0.967
0.926
1.024
1.023
1.010
0.983
0.894
0.967
0.799
0.936
0.978
0.953
0.883
0.916
0.993
0.971
0.956
0.971
0.966
0.963
0.912
0.866
0.924
0.967
0.853
0.771
0.682
0.856
0.841
0.520
0.704
0.680
0.706
0.768
0.680
0.706
0.924
0.719
0.866
0.847
0.806
0.780
0.697
0.489
0.592
0.594
0.635
0.785
0.923
0.793
0.641
0.922
0.945
0.956
0.889
0.680
0.616
0.588
0.678
0.628
0.607
0.512
0.417
0.338
0.322
0.432
0.330
0.135
0.222
0.210
0.334
0.000
0.364
0.197
0.334
0.364
0.739
0.803
0.949
0.913
0.438
0.279
0.250
0.169
0.322
0.255
0.204
0.284
0.288
0.260
0.405
0.699
0.781
0.943
0.980
0.978
0.819
0.542
0.572
0.388
0.544
0.605
0.314
0.314
0.274
0.346
0.398
0.512
0.530
0.417
0.388
0.288
0.338
0.483
0.554
0.314
0.250
0.326
0.310
0.438
0.632
0.730
0.255
0.897
0.907
1.026
1.004
1.054
1.088
1.036
1.012
1.000
0.907
0.970
0.857
0.880
0.945
0.862
0.830
0.871
0.909
0.889
0.804
0.657
0.728
0.877
0.740
0.926
1.012
0.951
1.031
0.996
1.031
1.031
1.013
0.949
0.930
0.941
0.968
0.883
0.903
0.880
0.834
0.368
0.766
0.794
0.899
0.996
1.006
0.997
0.991
0.976
0.970
0.963
0.878
0.581
0.670
0.686
0.899
0.532
0.749
0.756
0.751
0.801
0.570
0.717
0.592
0.632
0.746
0.645
0.682
0.801
0.721
0.723
0.688
0.776
0.746
0.827
0.916
0.919
0.930
0.966
0.934
0.926
0.966
0.980
0.966
0.984
0.993
0.714
0.381
0.177
0.216
0.153
0.778
0.964
0.854
0.839
0.854
0.731
0.758
0.924
1.167
0.980
0.970
1.034
1.024
1.101
1.087
1.005
1.053
0.900
0.948
0.785
0.860
0.919
0.883
0.834
0.919
0.854
0.830
0.871
0.986
1.054
0.997
0.987
1.076
1.038
1.023
0.990
1.009
0.929
0.966
0.889
0.865
0.886
0.827
0.697
0.746
0.796
0.917
0.856
0.847
0.913
0.839
0.883
0.793
0.853
0.926
0.930
0.845
0.912
0.906
0.837
0.791
0.735
0.691
0.689
0.798
0.703
0.603
0.586
0.622
0.778
0.803
0.710
0.607
0.739
0.612
0.799
0.761
0.811
0.865
0.763
0.710
1.019
0.997
0.982
0.933
0.896
0.668
0.588
0.759
0.697
0.693
0.663
0.657
0.676
0.830
0.535
0.695
0.494
0.680
0.834
0.530
0.710
0.572
0.746
0.632
0.483
0.773
0.735
0.537
0.563
0.568
0.684
0.539
0.637
0.773
0.926
0.922
0.903
0.783
0.775
0.682
0.764
0.764
0.768
0.830
0.770
0.740
0.678
0.739
0.721
0.791
0.733
0.833
0.841
0.851
0.857
0.749
0.768
0.819
0.783
0.768
0.860
0.783
0.786
0.844
0.975
1.034
1.028
0.949
1.019
0.968
0.751
0.697
0.778
0.916
0.811
0.622
0.701
0.872
0.878
0.897
0.865
0.881
0.894
0.726
0.708
0.554
0.473
0.414
0.684
0.680
0.866
0.931
1.009
0.960
0.894
0.868
1.023
1.006
0.997
1.018
0.823
0.177
0.144
0.197
0.549
0.823
0.945
1.004
1.022
0.979
0.993
1.008
1.038
1.023
1.015
0.976
0.919
0.970
0.959
0.967
0.837
0.643
0.742
0.771
0.842
0.839
0.735
0.614
0.614
0.773
0.752
0.823
0.780
0.594
0.703
0.889
0.897
0.773
0.766
0.820
0.956
0.929
0.916
0.878
0.830
0.793
0.719
0.834
0.614
0.639
0.570
0.635
0.497
0.411
0.378
0.695
0.781
0.581
0.735
0.962
0.857
0.884
0.955
0.917
0.941
0.967
0.982
1.009
1.027
1.057
0.990
0.953
0.997
1.010
1.010
0.884
0.831
0.886
0.710
0.579
0.798
0.863
0.933
0.992
0.877
1.017
1.059
1.015
1.021
1.084
1.064
1.031
1.018
1.018
0.996
1.005
0.991
0.995
0.874
0.875
0.691
0.731
0.844
0.749
0.684
0.761
0.630
0.728
0.834
0.839
0.684
0.590
0.825
0.740
0.605
0.771
0.572
0.706
0.712
0.730
0.845
0.902
0.931
0.842
0.719
0.953
0.992
0.906
0.913
0.899
0.666
0.695
0.697
0.645
0.532
0.505
0.651
0.688
0.542
0.689
0.486
0.744
0.747
0.502
0.483
0.574
0.609
0.467
0.398
0.527
0.486
0.568
0.827
0.776
0.678
0.735
0.527
0.556
0.693
0.814
0.684
0.714
0.590
0.704
0.803
0.804
0.551
0.902
0.630
0.572
0.710
0.744
0.726
0.724
0.672
0.701
0.645
0.607
0.724
0.423
0.735
0.715
0.478
0.717
0.678
0.670
0.489
0.746
0.601
0.708
0.704
0.712
0.723
0.441
0.664
0.612
0.724
0.628
0.708
0.749
0.839
0.940
1.022
1.064
1.010
0.968
1.023
0.976
0.889
0.899
0.922
0.920
0.776
0.672
0.728
0.661
0.678
0.542
0.507
0.645
0.622
0.764
0.796
0.899
0.992
1.003
0.890
1.026
1.010
0.996
1.022
1.054
1.048
1.012
0.962
0.979
0.991
1.032
0.959
0.997
0.788
0.657
0.676
0.896
0.875
0.906
0.897
0.701
0.234
0.216
0.349
0.260
0.318
0.715
0.749
0.723
0.781
0.717
0.737
0.847
0.614
0.776
0.699
0.704
0.691
0.739
0.739
0.628
0.737
0.798
0.740
0.678
0.749
0.770
0.834
0.809
0.848
0.930
0.922
0.953
0.971
1.014
0.978
0.982
1.039
1.012
1.019
1.008
0.988
1.026
1.006
1.000
1.026
0.953
0.612
0.643
0.453
0.489
0.661
0.429
0.583
0.512
0.520
0.588
0.605
0.388
0.398
0.441
0.414
0.703
0.659
0.754
0.624
0.473
0.537
0.464
0.607
0.204
0.161
0.169
0.197
0.191
0.919
0.863
0.936
0.558
0.970
0.892
0.903
0.766
0.775
0.512
0.378
0.177
0.450
0.659
0.659
0.733
0.804
0.844
0.812
0.853
0.920
0.860
1.005
0.982
0.953
0.822
0.837
0.962
0.865
0.883
0.990
1.018
1.018
1.000
0.997
1.012
0.909
0.856
0.912
0.854
1.044
0.962
0.659
0.900
0.670
0.825
0.819
0.701
0.721
0.878
0.902
0.920
0.906
0.902
0.944
0.947
0.909
0.915
0.927
0.990
0.996
0.912
0.900
0.886
0.848
0.831
0.875
0.815
0.807
0.844
0.836
0.749
0.708
0.817
0.844
0.793
0.854
0.839
0.869
0.936
1.021
1.024
0.963
0.856
0.903
0.960
0.940
0.884
0.839
0.865
0.714
0.360
0.535
0.364
0.643
0.742
0.739
0.655
0.889
0.866
0.909
0.661
0.860
0.812
0.837
0.978
1.012
1.021
1.023
1.041
0.915
0.990
0.986
1.009
0.952
0.853
0.672
0.334
1.144
1.058
0.887
0.951
0.968
0.940
0.844
0.869
0.599
0.812
0.847
0.686
0.670
0.759
0.664
0.653
0.614
0.912
0.863
0.790
0.889
0.747
0.670
0.768
0.703
0.572
0.790
0.751
0.639
0.956
0.874
0.786
0.900
0.960
0.980
0.990
1.009
0.975
0.689
0.475
0.414
0.371
0.558
0.731
0.695
0.274
0.302
0.326
0.255
0.222
0.423
0.478
0.297
0.306
0.401
0.391
0.375
0.353
0.435
0.378
0.204
0.297
0.293
0.222
0.260
0.204
0.244
0.234
0.364
0.360
0.297
0.655
0.628
0.494
0.353
0.645
0.326
0.438
0.544
0.607
0.411
0.364
0.297
0.592
0.467
0.364
0.664
0.537
0.326
0.284
0.601
0.666
0.515
0.670
0.520
0.739
0.497
0.570
0.601
0.686
0.570
0.502
0.507
0.520
0.661
0.672
0.565
0.680
0.599
0.353
0.279
0.420
0.483
0.470
0.556
0.293
0.274
0.704
0.643
0.423
0.574
0.441
0.704
0.494
0.682
0.499
0.517
0.614
0.590
0.583
0.554
0.603
0.588
0.491
0.746
0.572
0.856
0.597
0.776
0.565
0.603
0.497
0.549
0.672
0.682
0.486
0.544
0.645
0.668
0.590
0.489
0.473
0.456
0.385
0.432
0.688
0.916
0.955
1.034
0.997
1.028
1.019
1.049
1.051
1.042
0.949
0.990
0.952
0.968
0.917
0.737
0.851
0.893
0.715
0.502
0.666
0.811
0.834
0.839
0.862
0.668
0.763
0.689
0.763
0.934
0.916
0.993
0.991
1.037
1.038
1.033
1.041
1.014
0.988
0.863
0.850
0.549
1.062
0.924
0.944
0.897
1.059
1.049
0.845
0.612
0.691
0.632
0.447
0.346
0.270
0.288
0.234
0.222
0.357
0.659
0.875
0.919
0.717
0.865
0.822
0.645
0.607
0.558
0.900
0.766
0.161
0.102
0.088
0.114
0.184
0.125
0.125
0.184
0.624
0.906
0.900
0.903
0.775
0.605
0.599
0.357
0.216
0.000
0.239
0.000
0.836
0.927
0.812
0.854
0.622
0.817
0.966
0.941
0.730
0.872
0.712
0.520
0.489
0.577
0.842
0.851
0.752
0.737
0.806
0.688
0.664
0.556
0.799
0.877
0.915
0.970
0.975
0.937
0.680
0.478
0.375
0.432
0.417
0.607
0.618
0.444
0.558
0.423
0.239
0.401
0.539
0.547
0.505
0.364
0.726
0.357
0.539
1.023
0.688
0.731
0.704
0.682
0.751
0.643
0.438
0.770
0.773
0.459
0.592
0.735
0.712
0.664
0.612
0.568
0.342
0.270
0.318
0.270
0.561
0.432
0.556
0.737
0.788
0.563
0.532
0.603
0.710
0.517
0.686
0.537
0.551
0.639
