0.714
0.000
0.000
0.053
0.000
0.000
0.000
0.000
0.000
0.000
0.000
0.000
0.000
0.000
0.140
0.000
0.000
0.130
0.106
0.130
0.000
0.053
0.053
0.000
0.053
0.000
0.119
0.000
0.119
0.053
0.000
0.000
0.000
0.000
0.000
0.000
0.000
0.000
0.000
0.000
0.000
0.000
0.000
0.000
0.000
0.000
0.000
0.000
0.000
0.000
0.000
0.000
0.000
0.000
0.000
0.000
0.000
0.000
0.000
0.000
0.000
0.176
0.106
0.176
0.000
0.000
0.000
0.000
0.000
0.000
0.075
0.000
0.000
0.000
0.212
0.000
0.106
0.092
0.000
0.000
0.000
0.000
0.053
0.075
0.000
0.000
0.000
0.000
0.000
0.000
0.000
0.053
0.000
0.106
0.000
0.000
0.000
0.000
0.000
0.000
0.000
0.000
0.447
0.394
0.286
0.450
0.348
0.501
0.584
0.390
0.930
0.646
0.552
0.883
0.834
0.905
0.812
0.572
0.678
0.525
0.536
0.486
0.415
0.340
0.336
0.506
0.708
0.607
0.498
0.520
0.360
0.469
0.466
0.523
0.632
0.517
0.714
0.489
0.765
0.523
0.441
0.549
0.525
0.598
0.552
0.596
0.680
0.577
0.562
0.643
0.533
0.732
0.605
0.562
0.696
0.623
0.486
0.612
0.669
0.710
0.368
0.344
0.383
0.596
0.603
0.791
0.992
0.734
0.728
0.739
0.901
0.904
0.771
0.952
0.942
0.579
0.612
0.656
0.857
0.492
0.682
0.626
0.848
0.793
0.883
0.919
0.875
0.924
0.979
0.934
0.973
0.899
0.966
0.990
0.919
0.977
1.021
0.967
0.940
0.940
0.805
0.888
0.841
0.434
0.418
0.659
0.743
0.589
0.331
0.607
0.431
0.401
0.318
0.276
0.212
0.159
0.176
0.231
0.130
0.168
0.225
0.296
0.000
0.296
0.191
0.184
0.159
0.130
0.150
0.000
0.206
0.075
0.092
0.000
0.140
0.150
0.199
0.075
0.106
0.176
0.000
0.191
0.000
0.000
0.000
0.130
0.000
0.159
0.191
0.168
0.360
0.106
0.000
0.000
0.000
0.130
0.000
0.150
0.206
0.000
0.000
0.106
0.000
0.000
0.130
0.000
0.000
0.000
0.000
0.000
0.581
0.512
0.463
0.340
0.199
0.379
0.694
0.525
0.344
0.469
0.639
0.536
0.621
0.749
0.752
0.607
0.661
0.569
0.372
0.475
0.314
0.603
0.541
0.600
0.408
0.523
0.401
0.184
0.237
0.159
0.184
0.140
0.106
0.184
0.000
0.243
0.140
0.150
0.119
0.000
0.140
0.000
0.130
0.000
0.000
0.184
0.053
0.184
0.150
0.000
0.092
0.000
0.000
0.000
0.000
0.000
0.000
0.000
0.000
0.092
0.075
0.119
0.000
0.092
0.092
0.000
0.150
0.000
0.000
0.075
0.092
0.075
0.092
0.184
0.000
0.000
0.000
0.119
0.000
0.206
0.191
0.159
0.000
0.231
0.000
0.159
0.000
0.000
0.075
0.000
0.000
0.000
0.053
0.000
0.000
0.635
0.394
0.515
0.260
0.271
0.271
0.438
0.394
0.607
0.948
0.749
0.747
0.803
0.769
0.814
0.610
0.696
0.579
0.673
0.628
0.706
0.619
0.605
0.596
0.726
0.484
0.659
0.901
0.993
0.948
0.925
0.928
1.028
0.874
0.905
0.706
0.656
0.698
0.586
0.628
0.572
0.712
0.431
0.509
0.596
0.531
0.475
0.447
0.544
0.352
0.344
0.364
0.531
0.536
0.525
0.444
0.404
0.648
0.383
0.447
0.379
0.554
0.564
0.572
0.598
0.323
0.484
0.478
0.481
0.623
0.663
0.574
0.908
0.756
0.826
0.796
0.663
0.771
0.704
0.650
0.896
0.919
0.814
0.815
0.910
0.775
0.646
0.708
0.710
0.603
0.754
0.722
0.762
0.610
0.612
0.667
0.557
0.469
0.579
0.673
0.646
0.517
0.344
0.390
0.281
0.492
0.352
0.281
0.368
0.390
0.168
0.340
0.309
0.386
0.305
0.492
0.231
0.176
0.219
0.000
0.000
0.140
0.000
0.000
0.000
0.092
0.176
0.000
0.075
0.000
0.075
0.075
0.106
0.000
0.000
0.296
0.000
0.000
0.000
0.000
0.075
0.000
0.150
0.000
0.150
0.092
0.000
0.000
0.000
0.000
0.191
0.000
0.000
0.000
0.000
0.364
0.457
0.360
0.460
0.404
0.255
0.593
0.621
0.628
0.720
0.680
0.686
0.562
0.574
0.512
0.512
0.533
0.408
0.630
0.680
0.737
0.817
0.887
0.887
0.673
0.498
0.472
0.523
0.549
0.603
0.773
0.621
0.652
0.650
0.673
0.652
0.696
0.743
0.607
0.572
0.700
0.718
0.495
0.219
0.340
0.737
0.614
0.669
0.686
0.735
0.710
0.714
0.879
0.758
0.739
0.584
0.732
0.836
0.460
0.564
0.710
0.539
0.463
0.684
0.678
0.654
0.541
0.444
0.460
0.408
0.486
0.525
0.492
0.720
0.457
0.441
0.368
0.368
0.265
0.184
0.340
0.352
0.271
0.168
0.305
0.260
0.249
0.219
0.219
0.219
0.176
0.168
0.314
0.168
0.159
0.140
0.092
0.150
0.106
0.130
0.106
0.159
0.130
0.092
0.000
0.379
0.000
0.000
0.053
0.000
0.000
0.000
0.000
0.075
0.000
0.000
0.075
0.000
0.092
0.000
0.000
0.000
0.000
0.404
0.557
0.635
0.478
0.475
0.276
0.408
0.309
0.450
0.434
0.411
0.654
0.460
0.184
0.546
0.428
0.557
0.444
0.964
0.859
0.949
0.718
0.472
0.769
0.682
0.484
0.360
0.421
0.619
0.803
0.643
0.720
0.574
0.591
0.704
0.826
0.765
0.623
0.408
0.554
0.948
0.801
0.791
0.882
0.798
0.635
0.758
0.769
0.598
0.690
0.569
0.964
0.887
0.708
0.866
0.696
0.600
0.720
0.654
0.639
0.541
0.667
0.397
0.390
0.314
0.567
0.340
0.336
0.206
0.249
0.119
0.176
0.318
0.340
0.291
0.206
0.176
0.119
0.271
0.106
0.260
0.206
0.000
0.053
0.176
0.000
0.176
0.000
0.219
0.159
0.092
0.150
0.000
0.000
0.000
0.000
0.140
0.000
0.184
0.000
0.000
0.000
0.000
0.000
0.584
0.635
0.581
0.438
0.390
0.617
0.667
0.579
0.447
0.730
0.431
0.870
0.866
0.639
0.732
0.851
0.922
0.927
0.851
0.421
0.460
0.726
0.743
0.669
0.673
0.747
0.520
0.386
0.486
0.617
0.472
0.796
0.650
0.415
0.612
0.652
0.591
0.671
0.901
0.710
0.821
0.882
0.794
0.808
0.630
0.673
0.796
0.603
0.754
0.734
0.741
0.780
0.880
0.431
0.778
0.630
0.586
0.607
0.794
0.716
0.771
0.593
0.796
0.782
0.800
0.704
0.481
0.428
0.648
0.702
0.739
0.650
0.626
0.336
0.531
0.438
0.549
0.589
0.368
0.255
0.356
0.140
0.296
0.260
0.265
0.119
0.276
0.092
0.305
0.212
0.000
0.119
0.140
0.212
0.000
0.000
0.000
0.212
0.140
0.119
0.000
0.053
0.199
0.206
0.000
0.000
0.092
0.000
0.000
0.159
0.000
0.150
0.000
0.119
0.000
0.053
0.119
0.000
0.000
0.053
0.000
0.000
0.075
0.000
0.130
0.000
0.000
0.000
0.372
0.184
0.000
0.000
0.106
0.000
0.130
0.000
0.053
0.000
0.000
0.053
0.000
0.000
0.000
0.000
0.000
0.119
0.000
0.000
0.000
0.119
0.000
0.000
0.053
0.000
0.000
0.000
0.000
0.000
0.000
0.150
0.075
0.000
0.000
0.000
0.075
0.000
0.000
0.199
0.000
0.000
0.000
0.000
0.053
0.159
0.000
0.000
0.225
0.000
0.000
0.000
0.000
0.000
0.000
0.092
0.000
0.000
0.000
0.075
0.000
0.159
0.000
0.000
0.000
0.000
0.092
0.000
0.000
0.106
0.000
0.000
0.000
0.000
0.000
0.000
0.000
0.206
0.140
0.000
0.000
0.075
0.053
0.075
0.119
0.000
0.000
0.000
0.075
0.000
0.348
0.401
0.444
0.523
0.352
0.276
0.291
0.281
0.225
0.364
0.344
0.536
0.394
0.364
0.517
0.411
0.569
0.364
0.397
0.281
0.327
0.632
0.577
0.832
0.504
0.654
0.734
0.656
0.621
0.716
0.692
0.671
0.893
0.621
0.801
0.848
0.915
0.831
0.682
0.815
0.646
0.617
0.418
0.411
0.463
0.255
0.643
0.586
0.684
0.648
0.857
0.812
0.574
0.352
0.466
0.364
0.314
0.418
0.140
0.531
0.428
0.581
0.260
0.327
0.515
0.549
0.680
0.630
0.441
0.492
0.728
0.579
0.478
0.544
0.614
0.475
0.641
0.673
0.751
0.814
0.619
0.579
0.431
0.327
0.348
0.444
0.434
0.544
0.517
0.421
0.475
0.260
0.557
0.276
0.276
0.291
0.265
0.176
0.199
0.168
0.053
0.159
0.168
0.075
0.000
0.176
0.000
0.168
0.130
0.212
0.000
0.053
0.053
0.075
0.184
0.106
0.053
0.000
0.276
0.000
0.140
0.140
0.000
0.106
0.075
0.000
0.000
0.000
0.000
0.000
0.053
0.075
0.000
0.053
0.000
0.000
0.212
0.000
0.092
0.000
0.212
0.000
0.000
0.000
0.191
0.249
0.150
0.000
0.000
0.528
0.463
0.463
0.517
0.447
0.694
0.800
0.517
0.544
0.694
0.523
0.619
0.762
0.764
0.586
0.466
0.584
0.849
0.682
0.650
0.696
0.751
0.848
0.356
0.581
0.632
0.394
0.546
0.552
0.411
0.438
0.520
0.401
0.475
0.431
0.846
0.654
0.421
0.678
0.472
0.667
0.390
0.726
0.552
0.584
0.453
0.574
0.712
0.368
0.489
0.564
0.390
0.533
0.421
0.528
0.431
0.397
0.305
0.318
0.000
0.291
0.053
0.092
0.075
0.000
0.206
0.000
0.130
0.000
0.140
0.212
0.000
0.075
0.000
0.140
0.176
0.075
0.000
0.092
0.176
0.075
0.219
0.092
0.053
0.053
0.053
0.119
0.000
0.092
0.053
0.000
0.000
0.119
0.000
0.000
0.075
0.000
0.075
0.191
0.130
0.130
0.092
0.184
0.199
0.150
0.000
0.159
0.106
0.159
0.119
0.140
0.000
0.000
0.000
0.000
0.000
0.000
0.130
0.130
0.075
0.092
0.053
0.000
0.184
0.176
0.000
0.000
0.000
0.000
0.000
0.053
0.000
0.000
0.191
0.191
0.075
0.336
0.106
0.000
0.000
0.000
0.000
0.000
0.130
0.000
0.191
0.000
0.130
0.053
0.000
0.000
0.000
0.000
0.000
0.000
0.000
0.000
0.000
0.000
0.000
0.130
0.092
0.075
0.053
0.053
0.260
0.000
0.000
0.000
0.000
0.092
0.106
0.000
0.000
0.000
0.000
0.000
0.000
0.191
0.000
0.000
0.092
0.000
0.053
0.000
0.000
0.000
0.000
0.000
0.000
0.000
0.000
0.119
0.000
0.106
0.000
0.075
0.000
0.000
0.000
0.000
0.000
0.000
0.000
0.000
0.000
0.000
0.000
0.000
0.000
0.000
0.000
0.000
0.000
0.130
0.000
0.000
0.092
0.000
0.092
0.000
0.053
0.000
0.000
0.000
0.053
0.000
0.000
0.000
0.000
0.000
0.000
0.000
0.000
0.000
0.053
0.000
0.092
0.000
0.000
0.053
0.000
0.053
0.199
0.053
0.000
0.053
0.000
0.000
0.000
0.106
0.000
0.000
0.000
0.000
0.000
0.000
0.000
0.000
0.000
0.000
0.323
0.000
0.000
0.159
0.000
0.092
0.000
0.000
0.000
0.000
0.053
0.000
0.000
0.053
0.000
0.000
0.212
0.000
0.140
0.075
0.000
0.000
0.000
0.000
0.000
0.000
0.140
0.000
0.000
0.000
0.000
0.000
0.000
0.053
0.075
0.000
0.000
0.000
0.265
0.206
0.000
0.000
0.000
0.000
0.106
0.000
0.000
0.255
0.000
0.000
0.000
0.000
0.000
0.348
0.498
0.484
0.515
0.383
0.372
0.300
0.394
0.617
0.554
0.364
0.309
0.314
0.478
0.460
0.861
0.694
0.778
0.698
0.957
0.851
0.812
0.667
0.819
0.728
0.612
0.869
0.700
0.517
0.504
0.589
0.626
0.632
0.684
0.520
0.444
0.434
0.549
0.531
0.498
0.796
0.581
0.559
0.626
0.734
0.652
0.646
0.614
0.336
0.495
0.509
0.309
0.271
0.281
0.212
0.106
0.000
0.243
0.140
0.286
0.199
0.000
0.000
0.000
0.249
0.075
0.092
0.000
0.000
0.000
0.255
0.150
0.390
0.000
0.000
0.000
0.000
0.000
0.000
0.000
0.000
0.000
0.000
0.092
0.150
0.000
0.000
0.000
0.000
0.159
0.000
0.150
0.000
0.130
0.000
0.000
0.000
0.000
0.000
0.119
0.000
0.106
0.000
0.000
0.000
0.000
0.000
0.000
0.000
0.106
0.000
0.106
0.053
0.000
0.130
0.000
0.000
0.000
0.000
0.000
0.000
0.000
0.000
0.000
0.168
0.000
0.106
0.191
0.309
0.176
0.075
0.000
0.140
0.053
0.000
0.000
0.092
0.000
0.000
0.000
0.119
0.000
0.000
0.000
0.000
0.000
0.000
0.000
0.492
0.492
0.646
0.352
0.249
0.408
0.577
0.942
0.652
0.756
0.610
0.569
0.630
0.765
0.661
0.481
0.533
0.401
0.472
0.584
0.724
0.696
0.682
0.447
0.639
0.692
0.661
0.237
0.676
0.528
0.352
0.438
0.536
0.621
0.630
0.394
0.525
0.457
0.536
0.309
0.265
0.191
0.225
0.106
0.549
0.364
0.265
0.356
0.260
0.344
0.249
0.092
0.184
0.265
0.140
0.184
0.130
0.053
0.106
0.199
0.000
0.168
0.000
0.119
0.000
0.168
0.000
0.075
0.000
0.000
0.168
0.053
0.000
0.000
0.150
0.336
0.348
0.614
0.722
0.352
0.523
0.591
0.492
0.756
0.591
0.690
0.773
0.501
0.418
0.698
0.637
0.549
0.589
0.741
0.617
0.671
0.671
0.528
0.531
0.728
0.654
0.927
0.747
0.650
0.637
0.415
0.652
0.641
0.752
0.600
0.581
0.567
0.710
0.734
0.775
0.735
0.673
0.533
0.509
0.492
0.489
0.564
0.495
0.447
0.265
0.447
0.836
0.888
0.684
0.752
0.794
0.829
0.807
0.853
0.866
0.927
0.708
0.673
0.801
0.851
0.894
0.907
0.943
0.800
0.867
0.877
0.934
0.943
0.954
0.931
0.904
0.869
0.822
0.814
0.832
0.945
0.946
0.893
0.805
0.730
0.904
0.607
0.706
0.539
0.418
0.318
0.305
0.348
0.276
0.271
0.150
0.383
0.300
0.271
0.415
0.168
0.265
0.305
0.199
0.243
0.243
0.191
0.386
0.176
0.323
0.000
0.225
0.225
0.184
0.300
0.130
0.000
0.130
0.000
0.000
0.053
0.000
0.053
0.092
0.075
0.000
0.000
0.184
0.000
0.053
0.000
0.150
0.000
0.225
0.199
0.053
0.000
0.092
0.000
0.000
0.000
0.053
0.053
0.106
0.231
0.237
0.000
0.053
0.000
0.000
0.000
0.000
0.000
0.569
0.184
0.119
0.255
0.243
0.184
0.191
0.119
0.000
0.517
0.434
0.255
0.191
0.206
0.106
0.000
0.184
0.092
0.150
0.106
0.000
0.000
0.150
0.159
0.000
0.075
0.000
0.000
0.168
0.075
0.159
0.000
0.000
0.000
0.000
0.000
0.119
0.000
0.130
0.176
0.119
0.119
0.000
0.119
0.092
0.000
0.000
0.000
0.000
0.130
0.000
0.053
0.000
0.000
0.000
0.000
0.000
0.092
0.000
0.176
0.176
0.000
0.000
0.000
0.000
0.119
0.000
0.000
0.000
0.075
0.119
0.314
0.199
0.291
0.000
0.159
0.000
0.000
0.092
0.092
0.053
0.130
0.000
0.000
0.000
0.159
0.000
0.000
0.000
0.106
0.106
0.075
0.053
0.000
0.000
0.119
0.000
0.159
0.000
0.092
0.000
0.000
0.000
0.053
0.000
0.000
0.000
0.000
0.000
0.000
0.000
0.000
0.075
0.000
0.000
0.000
0.000
0.000
0.075
0.000
0.000
0.000
0.000
0.000
0.000
0.000
0.053
0.000
0.075
0.489
0.481
0.053
0.176
0.106
0.243
0.184
0.281
0.300
0.331
0.237
0.199
0.276
0.000
0.212
0.150
0.191
0.053
0.168
0.000
0.340
0.368
0.415
0.206
0.159
0.260
0.291
0.206
0.225
0.168
0.000
0.053
0.053
0.191
0.119
0.184
0.212
0.000
0.000
0.159
0.106
0.130
0.000
0.000
0.000
0.075
0.075
0.000
0.159
0.106
0.150
0.191
0.150
0.206
0.000
0.053
0.092
0.000
0.075
0.106
0.000
0.000
0.159
0.000
0.150
0.000
0.000
0.372
0.075
0.000
0.000
0.053
0.053
0.075
0.000
0.191
0.000
0.000
0.000
0.000
0.000
0.000
0.053
0.075
0.000
0.075
0.199
0.191
0.053
0.000
0.000
0.000
0.000
0.219
0.075
0.000
0.000
0.075
0.225
0.000
0.184
0.572
0.492
0.489
0.475
0.372
0.394
0.607
0.533
0.581
0.559
0.428
0.632
0.621
0.515
0.533
0.739
0.589
0.528
0.704
0.559
0.336
0.696
0.635
0.523
0.544
0.549
0.438
0.415
0.352
0.515
0.544
0.552
0.450
0.441
0.533
0.352
0.466
0.739
0.574
0.702
0.520
0.544
0.533
0.877
0.557
0.854
0.654
0.867
0.831
0.598
0.607
0.882
0.726
0.803
0.796
0.814
0.882
0.867
0.987
1.004
0.888
0.916
0.872
0.899
0.849
0.669
0.525
0.431
0.714
0.735
0.569
0.771
0.782
0.859
0.822
0.971
0.916
0.977
0.958
0.951
0.870
0.794
0.916
0.760
0.698
0.536
0.492
0.453
0.957
0.856
0.805
0.749
0.767
0.888
0.922
0.784
0.732
0.862
0.893
0.815
0.663
0.528
0.404
0.504
0.331
0.352
0.296
0.291
0.199
0.225
0.281
0.281
0.265
0.249
0.212
0.191
0.092
0.206
0.092
0.331
0.176
0.140
0.159
0.119
0.053
0.191
0.000
0.000
0.092
0.000
0.092
0.191
0.075
0.075
0.130
0.000
0.000
0.000
0.053
0.000
0.000
0.000
0.000
0.000
0.159
0.168
0.000
0.000
0.119
0.000
0.150
0.191
0.119
0.000
0.000
0.000
0.000
0.106
0.075
0.000
0.140
0.000
0.000
0.000
0.119
0.000
0.106
0.119
0.000
0.119
0.000
0.130
0.176
0.000
0.000
0.119
0.000
0.000
0.000
0.000
0.130
0.000
0.000
0.159
0.000
0.000
0.075
0.000
0.075
0.219
0.000
0.176
0.119
0.130
0.000
0.000
0.000
0.053
0.075
0.000
0.000
0.075
0.119
0.000
0.000
0.106
0.000
0.092
0.000
0.140
0.106
0.000
0.000
0.119
0.000
0.000
0.364
0.000
0.000
0.000
0.000
0.000
0.106
0.000
0.106
0.130
0.000
0.000
0.000
0.150
0.130
0.130
0.000
0.000
0.000
0.000
0.119
0.000
0.106
0.206
0.000
0.199
0.176
0.000
0.106
0.140
0.000
0.000
0.000
0.000
0.000
0.000
0.000
0.000
0.000
0.140
0.119
0.000
0.000
0.000
0.119
0.000
0.092
0.000
0.119
0.000
0.119
0.119
0.119
0.092
0.159
0.106
0.000
0.000
0.092
0.119
0.140
0.000
0.000
0.075
0.159
0.075
0.159
0.092
0.000
0.106
0.119
0.106
0.000
0.000
0.000
0.000
0.140
0.150
0.000
0.000
0.000
0.130
0.119
0.159
0.000
0.000
0.000
0.092
0.075
0.119
0.140
0.000
0.000
0.000
0.000
0.119
0.075
0.000
0.106
0.000
0.000
0.000
0.140
0.231
0.075
0.000
0.000
0.000
0.140
0.106
0.106
0.092
0.092
0.000
0.000
0.000
0.130
0.176
0.140
0.199
0.184
0.000
0.000
0.000
0.150
0.383
0.000
0.000
0.150
0.199
0.053
0.000
0.000
0.000
0.000
0.092
0.000
0.000
0.150
0.106
0.119
0.000
0.140
0.000
0.206
0.140
0.000
0.106
0.000
0.231
0.140
0.000
0.000
0.000
0.176
0.130
0.184
0.000
0.000
0.119
0.000
0.336
0.168
0.000
0.092
0.191
0.199
0.092
0.000
0.106
0.092
0.000
0.159
0.000
0.140
0.000
0.075
0.237
0.150
0.176
0.159
0.219
0.000
0.000
0.199
0.119
0.000
0.168
0.092
0.191
0.168
0.000
0.176
0.168
0.075
0.225
0.000
0.150
0.000
0.053
0.000
0.150
0.130
0.000
0.000
0.000
0.000
0.119
0.075
0.000
0.150
0.000
0.053
0.140
0.106
0.225
0.000
0.000
0.212
0.000
0.130
0.243
0.000
0.000
0.092
0.130
0.119
0.271
0.000
0.159
0.119
0.000
0.176
0.140
0.092
0.092
0.000
0.150
0.119
0.000
0.000
0.000
0.000
0.150
0.000
0.199
0.168
0.106
0.150
0.106
0.394
0.075
0.265
0.000
0.000
0.000
0.106
0.000
0.053
0.159
0.092
0.092
0.000
0.130
0.168
0.184
0.176
0.000
0.000
0.000
0.130
0.000
0.184
0.092
0.159
0.000
0.140
0.184
0.000
0.000
0.140
0.000
0.140
0.000
0.168
0.053
0.000
0.000
0.106
0.092
0.140
0.000
0.000
0.053
0.092
0.000
0.000
0.159
0.053
0.130
0.000
0.000
0.000
0.000
0.000
0.000
0.075
0.000
0.000
0.053
0.000
0.000
0.000
0.206
0.000
0.000
0.000
0.168
0.159
0.000
0.000
0.000
0.000
0.130
0.000
0.000
0.000
0.000
0.106
0.000
0.000
0.106
0.000
0.150
0.159
0.150
0.092
0.000
0.106
0.191
0.140
0.106
0.168
0.206
0.000
0.000
0.075
0.184
0.000
0.000
0.075
0.092
0.176
0.092
0.000
0.106
0.075
0.000
0.000
0.000
0.000
0.000
0.000
0.000
0.000
0.119
0.000
0.000
0.053
0.119
0.000
0.000
0.092
0.130
0.119
0.344
0.000
0.000
0.000
0.159
0.053
0.000
0.000
0.130
0.053
0.000
0.140
0.176
0.000
0.191
0.000
0.119
0.106
0.092
0.092
0.000
0.191
0.000
0.000
0.000
0.000
0.000
0.000
0.000
0.119
0.000
0.000
0.075
0.000
0.000
0.000
0.000
0.000
0.075
0.000
0.000
0.000
0.130
0.184
0.000
0.119
0.150
0.075
0.000
0.000
0.000
0.176
0.168
0.000
0.000
0.000
0.000
0.184
0.000
0.168
0.000
0.000
0.000
0.000
0.000
0.000
0.000
0.000
0.000
0.000
0.000
0.000
0.000
0.000
0.000
0.000
0.119
0.327
0.688
0.549
0.665
0.722
0.515
0.607
0.628
0.498
0.472
0.314
0.281
0.150
0.309
0.168
0.394
0.581
0.577
0.639
0.457
0.444
0.743
0.696
0.520
0.314
0.574
0.626
0.743
0.591
0.714
0.441
0.564
0.486
0.682
0.344
0.610
0.340
0.596
0.898
0.796
0.722
0.798
0.737
0.659
0.990
0.793
0.720
0.780
0.838
0.686
0.807
0.760
0.690
0.686
0.680
0.652
0.600
0.559
0.584
0.593
0.600
0.431
0.807
0.812
0.531
0.379
0.092
0.541
0.600
0.639
0.756
0.671
0.619
0.255
0.314
0.621
0.515
0.486
0.702
0.659
0.617
0.877
0.737
0.574
0.722
0.714
0.810
0.793
0.714
0.600
0.880
0.619
0.441
0.980
0.890
0.834
0.817
0.913
0.901
0.764
0.438
0.415
0.231
0.231
0.276
0.411
0.401
0.564
0.612
0.375
0.404
0.431
0.782
0.438
0.581
0.404
0.635
0.673
0.531
0.541
0.706
0.785
0.745
0.708
0.676
0.769
0.754
0.460
0.798
0.375
0.348
0.684
0.574
0.722
0.650
0.970
0.572
0.734
0.885
0.963
0.741
0.536
0.623
0.747
0.531
0.758
0.720
0.979
0.678
0.621
0.450
0.579
0.364
0.372
0.390
0.567
0.506
0.704
0.484
0.728
0.794
0.796
0.741
0.710
0.671
0.418
0.484
0.276
0.390
0.291
0.184
0.286
0.206
0.372
0.260
0.249
0.000
0.000
0.000
0.000
0.000
0.000
0.000
0.119
0.075
0.225
0.000
0.000
0.000
0.000
0.000
0.119
0.000
0.000
0.000
0.000
0.000
0.000
0.000
0.000
0.053
0.000
0.000
0.000
0.000
0.000
0.000
0.000
0.000
0.000
0.000
0.000
0.000
0.184
0.000
0.000
0.000
0.000
0.000
0.075
0.000
0.000
0.000
0.053
0.000
0.106
0.000
0.092
0.000
0.150
0.000
0.000
0.000
0.000
0.184
0.000
0.000
0.092
0.176
0.000
0.000
0.000
0.000
0.000
0.000
0.000
0.000
0.053
0.053
0.092
0.106
0.075
0.000
0.140
0.000
0.000
0.000
0.000
0.159
0.000
0.000
0.000
0.000
0.000
0.741
0.549
0.323
0.469
0.901
0.650
0.394
0.584
0.831
0.996
0.771
0.559
0.819
0.694
0.696
0.793
0.758
0.688
0.450
0.716
0.584
0.846
0.700
0.893
0.872
0.554
0.982
0.949
0.899
0.877
0.919
0.907
0.810
0.907
0.814
0.765
0.650
0.769
0.834
0.639
0.661
0.694
0.656
0.667
0.700
0.822
0.700
0.533
0.630
0.504
0.438
0.700
0.785
0.718
0.776
0.656
0.722
0.486
0.512
0.352
0.249
0.106
0.199
0.000
0.000
0.130
0.000
0.000
0.053
0.000
0.000
0.130
0.000
0.119
0.000
0.000
0.219
0.092
0.225
0.000
0.000
0.000
0.000
0.000
0.000
0.000
0.000
0.000
0.000
0.000
0.075
0.000
0.000
0.237
0.075
0.000
0.053
0.000
0.000
0.092
0.000
0.000
0.000
0.053
0.000
0.000
0.000
0.000
0.000
0.623
0.539
0.504
0.469
0.824
0.698
0.531
0.635
0.401
0.411
0.559
0.552
0.484
0.652
0.656
0.552
0.581
0.734
0.619
0.694
0.751
0.730
0.704
0.910
0.841
0.680
0.428
0.276
0.661
0.554
0.546
0.176
0.140
0.206
0.447
0.469
0.119
0.539
0.702
0.686
0.589
0.879
0.628
0.577
0.411
0.678
0.663
0.637
0.509
0.331
0.716
0.745
0.734
0.605
0.498
0.807
0.741
0.646
0.732
0.708
0.955
0.630
0.639
0.752
0.812
0.829
0.504
0.562
0.517
0.778
0.720
0.498
0.331
0.593
0.444
0.536
0.654
0.678
0.577
0.605
0.509
0.643
0.404
0.286
0.191
0.603
0.728
0.780
0.745
0.803
0.771
0.796
0.686
0.598
0.581
0.572
0.523
0.528
0.318
0.260
0.281
0.276
0.106
0.212
0.140
0.191
0.191
0.191
0.000
0.184
0.184
0.119
0.000
0.092
0.159
0.106
0.000
0.000
0.000
0.000
0.000
0.000
0.000
0.000
0.000
0.130
0.053
0.000
0.119
0.184
0.000
0.000
0.000
0.000
0.000
0.000
0.000
0.000
0.000
0.130
0.000
0.000
0.000
0.106
0.000
0.000
0.075
0.150
0.053
0.000
0.000
0.000
0.150
0.092
0.000
0.000
0.000
0.000
0.075
0.000
0.219
0.000
0.053
0.000
0.000
0.000
0.000
0.000
0.000
0.053
0.000
0.000
0.000
0.000
0.075
0.344
0.000
0.000
0.000
0.000
0.000
0.000
0.000
0.000
0.000
0.150
0.168
0.000
0.000
0.000
0.000
0.053
0.000
0.000
0.000
0.000
0.000
0.000
0.000
0.000
0.000
0.053
0.053
0.000
0.000
0.000
0.176
0.053
0.000
0.000
0.092
0.000
0.000
0.206
0.000
0.000
0.130
0.000
0.000
0.000
0.000
0.053
0.140
0.000
0.000
0.106
0.000
0.000
0.075
0.000
0.130
0.000
0.000
0.000
0.075
0.184
0.000
0.000
0.159
0.119
0.000
0.000
0.000
0.000
0.000
0.000
0.000
0.092
0.000
0.000
0.000
0.053
0.641
0.614
0.309
0.572
0.663
0.397
0.554
0.460
0.572
0.457
0.309
0.600
0.475
0.281
0.635
0.460
0.281
0.515
0.684
0.888
0.702
0.641
0.758
0.796
0.782
0.743
0.913
0.692
0.898
0.678
0.569
0.745
0.760
0.767
0.780
0.515
0.469
0.450
0.492
0.598
0.386
0.431
0.484
0.327
0.383
0.531
0.397
0.425
0.463
0.623
0.607
0.652
0.584
0.539
0.928
0.637
0.603
0.942
0.696
0.632
0.780
0.741
0.539
0.767
0.854
0.762
0.827
0.596
0.949
0.754
0.663
0.495
0.546
0.481
0.501
0.546
0.411
0.659
0.682
0.667
0.760
0.408
0.453
0.710
0.265
0.562
0.694
0.478
0.441
0.890
0.765
0.656
0.617
0.669
0.589
0.712
0.340
0.444
0.630
0.421
0.478
0.572
0.525
0.773
0.447
0.704
0.776
0.812
0.801
0.883
0.844
0.650
0.552
0.314
0.758
0.743
0.704
0.536
0.632
0.676
0.659
0.600
0.646
0.352
0.457
0.421
0.428
0.554
0.650
0.603
0.743
0.394
0.472
0.607
0.710
0.549
0.943
0.864
0.428
0.539
0.832
0.883
0.805
0.942
0.831
0.834
0.866
0.856
0.785
0.457
0.623
0.572
0.501
0.712
0.492
0.495
0.472
0.296
0.260
0.199
0.140
0.000
0.150
0.260
0.168
0.265
0.206
0.309
0.255
0.191
0.309
0.075
0.053
0.383
0.053
0.000
0.000
0.000
0.150
0.159
0.206
0.206
0.000
0.000
0.000
0.199
0.000
0.000
0.000
0.000
0.000
0.000
0.000
0.000
0.000
0.000
0.212
0.000
0.140
0.000
0.000
0.000
0.000
0.053
0.053
0.000
0.000
0.000
0.000
0.000
0.000
0.053
0.000
0.000
0.106
0.000
0.140
0.000
0.106
0.000
0.000
0.000
0.000
0.000
0.000
0.000
0.000
0.000
0.106
0.000
0.075
0.000
0.000
0.106
0.000
0.119
0.000
0.000
0.000
0.000
0.000
0.000
0.000
0.184
0.000
0.053
0.000
0.000
0.000
0.000
0.000
0.000
0.000
0.000
0.000
0.000
0.000
0.075
0.000
0.000
0.000
0.000
0.000
0.000
0.000
0.130
0.000
0.000
0.119
0.000
0.119
0.119
0.000
0.000
0.000
0.000
0.106
0.075
0.140
0.000
0.000
0.000
0.000
0.106
0.000
0.106
0.000
0.000
0.075
0.075
0.000
0.000
0.000
0.000
0.000
0.075
0.000
0.130
0.300
0.000
0.000
0.000
0.000
0.000
0.000
0.000
0.000
0.000
0.140
0.000
0.000
0.243
0.119
0.184
0.000
0.000
0.000
0.000
0.000
0.000
0.000
0.000
0.000
0.000
0.000
0.119
0.000
0.000
0.000
0.000
0.000
0.000
0.000
0.075
0.000
0.000
0.000
0.000
0.000
0.000
0.000
0.000
0.000
0.000
0.000
0.000
0.000
0.000
0.000
0.000
0.000
0.000
0.000
0.000
0.000
0.000
0.000
0.000
0.000
0.000
0.000
0.000
0.000
0.000
0.130
0.000
0.000
0.000
0.000
0.000
0.000
0.168
0.000
0.000
0.000
0.000
0.000
0.000
0.106
0.000
0.130
0.000
0.000
0.159
0.000
0.000
0.000
0.000
0.000
0.119
0.053
0.000
0.000
0.000
0.000
0.000
0.092
0.092
0.000
0.000
0.000
0.000
0.598
0.517
0.191
0.323
0.596
0.486
0.383
0.596
0.676
0.557
0.469
0.533
0.567
0.486
0.469
0.584
0.512
0.408
0.344
0.331
0.567
0.690
0.885
0.862
0.844
0.933
0.803
0.874
0.839
0.872
0.854
0.924
0.826
0.856
0.789
0.663
0.603
0.671
0.639
0.610
0.475
0.564
0.648
0.632
0.492
0.265
0.428
0.650
0.574
0.379
0.533
0.394
0.168
0.212
0.237
0.176
0.000
0.199
0.000
0.000
0.243
0.184
0.150
0.106
0.000
0.000
0.000
0.000
0.000
0.053
0.000
0.000
0.000
0.000
0.000
0.000
0.075
0.219
0.140
0.000
0.053
0.206
0.623
0.383
0.336
0.466
0.466
0.408
0.593
0.643
0.541
0.569
0.605
0.564
0.894
0.849
0.808
0.696
0.827
0.765
0.832
0.829
0.918
0.498
0.669
0.504
0.875
0.921
0.879
0.910
0.927
0.913
0.880
0.907
0.921
0.732
0.605
0.661
0.646
0.619
0.564
0.323
0.444
0.562
0.600
0.877
0.686
0.589
0.271
0.206
0.140
0.130
0.191
0.199
0.168
0.130
0.000
0.130
0.184
0.000
0.000
0.000
0.000
0.119
0.000
0.159
0.372
0.000
0.140
0.000
0.176
0.000
0.000
0.000
0.000
0.000
0.000
0.150
0.000
0.000
0.000
0.000
0.000
0.000
0.092
0.000
0.000
0.106
0.000
0.000
0.130
0.000
0.140
0.106
0.000
0.000
0.000
0.000
0.000
0.053
0.000
0.000
0.000
0.000
0.000
0.000
0.000
0.000
0.000
0.106
0.000
0.000
0.000
0.000
0.000
0.000
0.000
0.000
0.159
0.106
0.119
0.000
0.053
0.000
0.000
0.000
0.000
0.000
0.184
0.000
0.000
0.168
0.000
0.000
0.000
0.000
0.000
0.053
0.000
0.000
0.000
0.000
0.053
0.168
0.150
0.184
0.000
0.000
0.000
0.106
0.168
0.000
0.000
0.184
0.000
0.000
0.119
0.225
0.000
0.000
0.130
0.000
0.000
0.000
0.000
0.000
0.075
0.075
0.053
0.000
0.168
0.000
0.000
0.000
0.000
0.150
0.000
0.000
0.000
0.000
0.000
0.000
0.000
0.119
0.000
0.000
0.000
0.000
0.000
0.000
0.000
0.348
0.075
0.000
0.000
0.000
0.000
0.000
0.000
0.000
0.000
0.075
0.000
0.106
0.092
0.225
0.327
0.199
0.000
0.140
0.000
0.000
0.000
0.000
0.000
0.000
0.000
0.000
0.000
0.000
0.000
0.168
0.000
0.000
0.140
0.000
0.000
0.000
0.000
0.000
0.000
0.000
0.000
0.000
0.000
0.000
0.000
0.000
0.000
0.106
0.000
0.000
0.000
0.000
0.000
0.092
0.000
0.000
0.000
0.000
0.000
0.000
0.000
0.000
0.000
0.000
0.000
0.000
0.000
0.000
0.000
0.000
0.000
0.000
0.000
0.000
0.176
0.000
0.000
0.000
0.000
0.000
0.000
0.000
0.000
0.260
0.255
0.000
0.000
0.000
0.000
0.000
0.000
0.000
0.000
0.000
0.000
0.000
0.000
0.075
0.000
0.000
0.000
0.000
0.000
0.000
0.000
0.159
0.000
0.140
0.000
0.000
0.000
0.000
0.000
0.000
0.000
0.000
0.053
0.000
0.000
0.000
0.000
0.000
0.000
0.000
0.352
0.130
0.000
0.000
0.000
0.000
0.000
0.168
0.000
0.000
0.168
0.130
0.000
0.053
0.106
0.075
0.119
0.000
0.000
0.000
0.119
0.000
0.092
0.191
0.000
0.000
0.000
0.150
0.000
0.000
0.000
0.119
0.092
0.000
0.092
0.000
0.000
0.000
0.092
0.000
0.000
0.150
0.000
0.106
0.000
0.000
0.092
0.000
0.000
0.000
0.231
0.106
0.000
0.092
0.168
0.225
0.000
0.000
0.092
0.000
0.000
0.000
0.000
0.000
0.000
0.000
0.000
0.000
0.000
0.000
0.000
0.000
0.000
0.000
0.000
0.000
0.000
0.000
0.000
0.199
0.000
0.000
0.000
0.000
0.119
0.000
0.000
0.000
0.000
0.000
0.000
0.000
0.000
0.000
0.000
0.000
0.000
0.296
0.184
0.140
0.000
0.000
0.106
0.000
0.000
0.000
0.000
0.000
0.000
0.000
0.000
0.000
0.150
0.130
0.000
0.176
0.000
0.000
0.000
0.000
0.000
0.000
0.092
0.053
0.000
0.348
0.231
0.199
0.000
0.000
0.000
0.000
0.092
0.092
0.000
0.255
0.000
0.106
0.000
0.000
0.000
0.000
0.000
0.000
0.000
0.053
0.000
0.212
0.000
0.119
0.000
0.000
0.000
0.000
0.000
0.106
0.000
0.000
0.000
0.184
0.000
0.191
0.237
0.140
0.000
0.000
0.000
0.000
0.150
0.000
0.000
0.168
0.184
0.140
0.000
0.119
0.000
0.075
0.000
0.092
0.130
0.130
0.000
0.000
0.000
0.000
0.184
0.000
0.000
0.000
0.000
0.000
0.249
0.191
0.000
0.000
0.000
0.159
0.000
0.000
0.000
0.000
0.000
0.000
0.000
0.000
0.000
0.000
0.000
0.000
0.000
0.000
0.000
0.000
0.000
0.000
0.000
0.000
0.000
0.000
0.000
0.000
0.000
0.000
0.000
0.000
0.000
0.000
0.000
0.000
0.000
0.000
0.000
0.000
0.053
0.000
0.000
0.000
0.000
0.000
0.000
0.000
0.000
0.000
0.000
0.000
0.053
0.000
0.000
0.000
0.318
0.000
0.000
0.000
0.000
0.000
0.106
0.000
0.168
0.206
0.291
0.168
0.291
0.591
0.557
0.549
0.489
0.659
0.722
0.523
0.635
0.453
0.411
0.472
0.331
0.605
0.665
0.286
0.506
0.457
0.336
0.309
0.323
0.533
0.515
0.368
0.372
0.344
0.425
0.383
0.541
0.309
0.176
0.276
0.159
0.291
0.092
0.000
0.000
0.000
0.000
0.000
0.000
0.000
0.000
0.075
0.000
0.000
0.000
0.000
0.000
0.000
0.000
0.000
0.000
0.000
0.000
0.000
0.000
0.075
0.000
0.000
0.191
0.418
0.554
0.603
0.255
0.075
0.434
0.394
0.260
0.296
0.447
0.617
1.000
0.891
0.854
0.913
0.834
0.784
0.805
0.844
0.794
0.457
0.249
0.344
0.383
0.632
0.732
0.598
0.765
0.584
0.756
0.724
0.745
0.767
0.632
0.546
0.567
0.517
0.466
0.702
0.603
0.856
0.756
0.908
0.769
0.734
0.654
0.796
0.787
0.531
0.404
0.421
0.478
