0.701
0.000
0.000
0.000
0.000
0.092
0.393
0.075
0.053
0.119
0.511
0.468
0.500
0.625
0.571
0.371
0.411
0.638
0.653
0.715
0.585
0.691
0.535
0.707
0.727
0.753
0.595
0.424
0.494
0.465
0.489
0.681
0.658
0.414
0.424
0.551
0.811
0.651
0.593
0.530
0.393
0.363
0.611
0.538
0.519
0.421
0.331
0.681
0.348
0.477
0.497
0.770
0.656
0.843
0.892
0.951
0.901
0.721
0.881
1.007
1.017
1.006
1.026
0.989
0.958
0.942
0.651
0.806
0.763
0.450
0.471
0.838
0.953
0.920
0.471
0.497
0.625
0.892
0.660
0.799
0.942
0.944
0.986
0.964
1.001
1.010
0.986
0.927
1.004
0.861
0.848
0.734
0.725
0.856
0.868
0.781
0.683
0.729
0.879
0.864
0.993
0.729
0.856
0.947
0.973
0.964
0.987
0.890
0.966
0.871
0.906
0.933
0.799
0.887
0.896
0.915
0.951
0.983
0.970
0.932
0.954
0.950
0.976
0.954
0.879
0.918
0.831
0.941
0.866
0.963
0.901
0.581
0.793
0.800
0.753
0.699
0.732
0.670
0.691
0.731
0.683
0.687
0.647
0.643
0.707
1.043
1.026
0.664
0.709
0.540
0.468
0.835
0.855
0.826
0.879
0.916
0.838
0.876
0.841
0.893
0.950
0.896
0.933
0.877
0.866
0.411
0.604
0.851
0.799
0.662
0.551
0.404
0.683
0.327
0.465
0.826
0.649
0.427
0.527
0.480
0.295
0.400
0.309
0.339
0.397
0.407
0.590
0.450
0.212
0.371
0.304
0.300
0.450
0.397
0.359
0.265
0.517
0.404
0.645
0.588
0.431
0.427
0.367
0.588
0.480
0.670
0.494
0.367
0.459
0.367
0.638
0.459
0.427
0.561
0.553
0.508
0.602
0.489
0.386
0.465
0.602
0.417
0.474
0.558
0.424
0.437
0.548
0.611
0.400
0.707
0.359
0.640
0.540
0.556
0.363
0.623
0.483
0.535
0.558
0.561
0.517
0.666
0.382
0.625
0.556
0.421
0.511
0.500
0.616
0.489
0.474
0.522
0.304
0.314
0.497
0.933
0.996
0.910
0.753
0.933
0.944
1.003
0.957
0.973
0.963
0.938
0.969
0.874
0.876
0.583
0.860
0.993
0.993
1.014
0.924
0.993
0.994
1.019
1.021
0.892
0.989
0.851
0.848
0.860
0.766
0.819
0.921
0.884
0.864
0.916
0.703
0.826
0.858
0.824
0.799
0.750
0.699
0.923
0.821
0.707
0.566
0.553
0.707
0.770
0.887
0.916
0.951
0.893
0.853
1.045
1.121
1.015
1.035
1.018
0.983
1.015
1.007
0.999
1.022
0.982
0.972
0.563
0.744
0.933
1.000
0.961
0.964
0.954
0.942
0.901
0.938
0.954
0.979
0.835
0.823
0.864
0.840
0.543
0.553
0.731
0.417
0.514
0.664
0.651
0.573
0.755
0.651
0.670
0.611
0.774
0.766
0.625
0.609
0.707
0.836
0.869
0.811
0.887
0.890
0.933
0.921
0.996
0.916
0.790
0.270
0.764
0.814
0.812
0.923
0.921
0.920
0.841
0.719
0.828
0.497
0.795
0.772
0.697
0.670
0.689
0.761
0.662
0.772
0.672
0.393
0.687
0.691
0.915
0.623
0.846
0.578
0.611
0.775
0.503
0.668
0.386
0.538
0.638
0.804
0.514
0.840
0.791
0.480
0.732
0.816
0.508
0.614
0.898
0.921
0.888
1.011
0.243
0.260
0.411
0.830
0.863
0.761
0.877
0.888
0.901
0.967
0.818
0.882
0.912
0.864
0.927
0.910
0.912
0.858
0.833
0.811
0.933
0.944
0.906
0.923
0.779
0.868
0.899
0.918
0.888
0.609
0.658
0.517
0.929
0.793
0.593
0.602
0.614
0.597
0.802
0.779
0.447
0.620
0.723
0.795
0.731
0.701
0.530
0.590
0.729
0.755
0.910
0.945
0.670
0.906
0.563
0.693
0.687
0.764
0.866
0.999
0.938
0.772
0.855
0.896
0.885
0.800
0.926
0.838
0.581
0.725
0.604
0.477
0.456
0.371
0.275
0.304
0.348
0.440
0.450
0.404
0.363
0.265
0.300
0.285
0.322
0.339
0.393
0.397
0.309
0.831
0.514
0.386
0.356
0.270
0.352
0.453
0.184
0.522
0.440
0.471
0.764
0.638
0.597
0.494
0.629
0.382
0.535
0.382
0.447
0.424
0.407
0.453
0.450
0.474
0.447
0.322
0.352
0.585
0.343
0.431
0.411
0.382
0.450
0.386
0.500
0.440
0.322
0.389
0.407
0.378
0.500
0.363
0.508
0.525
0.414
0.295
0.331
0.389
0.322
0.300
0.285
0.212
0.322
0.331
0.382
0.417
0.503
0.447
0.400
0.300
0.378
0.275
0.249
0.440
0.471
0.318
0.471
0.465
0.389
0.371
0.393
0.290
0.225
0.205
0.356
0.140
0.280
0.359
0.191
0.304
0.658
0.382
0.400
0.356
0.755
0.890
0.840
0.683
0.909
0.871
0.909
0.675
0.833
0.926
0.843
0.784
0.486
0.327
0.514
0.525
0.643
0.503
0.339
0.314
0.651
0.607
0.750
0.823
0.791
0.851
0.627
0.683
0.590
0.483
0.658
0.602
0.614
0.719
0.632
0.675
0.375
0.791
0.843
0.821
0.892
0.806
0.781
0.764
0.595
0.666
0.695
0.705
0.437
0.634
0.632
0.687
0.687
0.519
0.616
0.535
0.647
0.597
0.611
0.824
0.855
0.950
0.969
0.869
0.936
0.629
0.535
0.823
0.898
0.915
0.910
0.920
0.930
0.936
0.910
0.763
0.517
0.672
0.465
0.150
0.265
0.352
0.280
0.249
0.106
0.249
0.755
0.899
0.861
0.972
0.904
0.793
0.666
0.947
0.904
0.892
0.738
0.853
0.885
0.930
0.954
0.980
1.015
1.060
0.947
0.869
0.783
0.629
0.604
0.707
0.909
0.951
0.881
0.876
0.707
0.793
0.809
0.791
0.746
0.725
0.869
0.913
0.791
0.895
0.833
0.788
0.882
0.869
0.996
0.932
0.899
0.984
0.993
0.979
1.004
0.948
0.972
0.976
1.018
0.939
0.973
0.970
0.963
0.898
0.973
0.941
0.893
0.868
0.750
0.620
0.506
0.583
0.480
0.913
0.874
0.746
0.804
0.573
0.705
0.625
0.611
0.693
0.595
0.653
0.719
0.892
0.892
0.382
0.703
0.636
0.620
0.653
0.527
0.687
0.675
0.742
0.685
0.638
0.511
0.571
0.627
0.672
0.723
0.740
0.799
0.538
0.662
0.681
0.658
0.609
0.660
0.533
0.681
0.558
0.609
0.699
0.616
0.437
0.393
0.576
0.800
0.830
0.675
0.721
0.774
0.538
0.474
0.623
0.685
0.768
0.670
0.855
0.910
0.841
0.887
0.530
0.800
0.892
0.489
0.437
0.304
0.352
0.318
0.318
0.212
0.150
0.249
0.231
0.198
0.260
0.280
0.205
0.280
0.198
0.322
0.309
0.275
0.389
0.304
0.092
0.275
0.322
0.335
0.300
0.304
0.382
0.573
0.421
0.327
0.212
0.130
0.314
0.205
0.335
0.231
0.000
0.219
0.119
0.462
0.819
0.910
0.921
0.910
0.882
0.966
0.924
0.930
0.850
0.836
0.786
0.643
0.583
0.709
0.643
0.683
0.699
0.687
0.578
0.530
0.519
0.675
0.885
0.941
0.989
0.970
1.006
0.936
0.951
0.872
0.645
0.525
0.588
0.614
0.540
0.607
0.511
0.727
0.833
0.339
0.640
0.672
0.614
0.205
0.327
0.517
0.634
0.843
0.553
0.389
0.389
0.437
0.322
0.363
0.327
0.352
0.378
0.327
0.249
0.285
0.184
0.309
0.231
0.280
0.456
0.662
0.768
0.960
0.987
0.987
1.032
1.018
0.973
0.999
1.021
0.864
0.947
1.004
0.916
0.840
0.759
0.645
0.850
0.766
0.538
0.480
0.634
0.551
0.725
0.489
0.761
0.709
0.697
0.703
0.719
0.731
0.585
0.535
0.781
0.806
0.736
0.729
0.620
0.763
0.738
0.936
1.018
0.984
0.990
0.921
0.953
0.945
0.895
0.941
0.879
0.942
0.963
0.843
0.967
0.176
0.231
0.309
0.375
0.000
0.205
0.260
0.191
0.755
0.750
0.693
0.581
0.649
0.781
0.656
0.770
0.802
0.912
0.929
0.930
0.909
0.723
0.923
0.938
0.932
0.948
0.935
0.906
0.904
0.855
0.879
0.826
0.774
0.797
0.799
0.795
0.841
0.748
0.717
0.662
0.734
0.689
0.845
0.770
0.571
0.616
0.616
0.649
0.640
0.695
0.757
0.602
0.763
0.757
0.668
0.691
0.736
0.703
0.638
0.494
0.629
0.453
0.590
0.695
0.483
0.568
0.636
0.740
0.640
0.597
0.804
0.666
0.746
0.640
0.618
0.636
0.604
0.590
0.530
0.761
0.583
0.693
0.618
0.489
0.414
0.764
0.763
0.759
0.856
0.459
0.625
0.705
0.860
0.899
0.953
0.872
0.921
0.936
0.966
0.824
0.904
0.775
0.627
0.363
0.260
0.270
0.140
0.159
0.000
0.231
0.075
0.000
0.150
0.205
0.106
0.553
0.823
0.841
0.855
0.709
0.791
0.882
0.869
0.885
0.838
0.924
0.954
0.930
0.814
0.999
1.006
0.864
0.992
0.994
1.000
0.950
0.976
0.944
0.910
0.881
0.838
0.819
0.751
0.863
0.764
0.783
0.721
0.643
0.689
0.755
0.826
0.855
0.990
0.814
0.824
0.890
0.744
0.936
0.986
0.974
1.014
0.958
1.007
0.800
0.836
0.976
0.918
0.980
0.951
0.941
0.941
0.987
0.948
0.951
0.903
0.960
0.933
0.841
0.882
0.901
0.838
0.786
0.885
0.841
0.744
0.723
0.543
0.492
0.561
0.519
0.699
0.647
0.640
0.660
0.629
0.363
0.404
0.653
0.638
0.807
0.802
0.913
0.833
0.969
0.751
0.275
0.660
0.679
0.553
0.643
0.382
0.295
0.260
0.335
0.243
0.471
0.561
0.427
0.304
0.604
0.314
0.260
0.254
0.318
0.304
0.168
0.265
0.327
0.168
0.304
0.447
0.471
0.348
0.176
0.414
0.677
0.620
0.823
0.848
0.892
0.538
0.437
0.723
0.576
0.331
0.400
0.411
0.382
0.343
0.382
0.356
0.434
0.443
0.404
0.393
0.563
0.802
0.899
0.910
0.935
0.918
0.556
0.553
0.421
0.477
0.440
0.363
0.295
0.407
0.300
0.237
0.168
0.483
0.400
0.400
0.304
0.249
0.356
0.300
0.314
0.184
0.205
0.270
0.150
0.130
0.231
0.304
0.500
0.331
0.270
0.450
0.424
0.363
0.352
0.371
0.254
0.237
0.285
0.231
0.243
0.205
0.000
0.275
0.327
0.295
0.205
0.184
0.000
0.000
0.000
0.000
0.168
0.393
0.260
0.309
0.393
0.243
0.371
0.275
0.280
0.304
0.285
0.339
0.265
0.335
0.249
0.275
0.331
0.290
0.275
0.295
0.382
0.417
0.322
0.348
0.339
0.404
0.270
0.225
0.159
0.249
0.322
0.205
0.249
0.327
0.219
0.280
0.378
0.254
0.225
0.150
0.119
0.053
0.322
0.225
0.300
0.260
0.318
0.339
0.300
0.352
0.343
0.265
0.382
0.356
0.322
0.225
0.219
0.304
0.249
0.314
0.371
0.275
0.140
0.198
0.168
0.205
0.159
0.352
0.191
0.309
0.363
0.249
0.367
0.382
0.280
0.260
0.212
0.411
0.304
0.335
0.375
0.335
0.371
0.295
0.335
0.270
0.270
0.265
0.265
0.318
0.348
0.285
0.231
0.290
0.363
0.363
0.356
0.290
0.275
0.254
0.225
0.424
0.318
0.280
0.212
0.254
0.359
0.225
0.285
0.254
0.231
0.348
0.280
0.254
0.389
0.407
0.225
0.225
0.249
0.130
0.000
0.075
0.159
0.159
0.331
0.300
0.356
0.339
0.237
0.275
0.309
0.280
0.285
0.275
0.318
0.285
0.225
0.212
0.275
0.265
0.290
0.327
0.225
0.265
0.191
0.304
0.300
0.304
0.290
0.309
0.363
0.275
0.184
0.205
0.191
0.300
0.237
0.371
0.327
0.651
0.571
0.551
0.382
0.198
0.327
0.130
0.053
0.130
0.556
0.168
0.237
0.000
0.119
0.000
0.150
0.000
0.053
0.075
0.150
0.106
0.764
0.853
0.711
0.807
0.823
0.912
0.848
0.786
0.850
0.840
0.670
0.821
0.800
0.748
0.352
0.581
0.868
0.887
0.777
0.855
0.866
0.864
0.836
0.924
1.073
0.957
0.861
0.972
0.932
0.899
0.933
0.802
0.999
0.987
1.000
0.948
0.903
0.930
0.970
0.950
0.884
0.869
0.877
0.933
0.909
0.819
0.711
0.731
0.731
0.784
0.895
0.938
0.948
0.489
0.480
0.892
0.915
0.936
0.924
0.766
0.821
0.963
0.987
0.996
0.983
0.987
1.003
1.011
1.006
0.961
0.960
0.953
0.951
0.887
0.709
0.850
0.790
0.871
0.892
0.909
0.926
0.881
0.890
0.734
0.921
0.701
0.609
0.568
0.786
0.625
0.711
0.777
0.643
0.597
0.719
0.819
0.753
0.746
0.892
0.831
0.581
0.677
0.790
0.666
0.658
0.533
0.348
0.620
0.625
0.693
0.746
0.640
0.751
0.861
0.573
0.806
0.790
0.738
0.600
0.576
0.723
0.588
0.734
0.666
0.375
0.556
0.514
0.548
0.522
0.339
0.275
0.609
0.821
0.583
0.770
0.618
0.459
0.840
0.947
0.807
0.811
0.936
0.797
0.806
0.942
0.869
0.881
0.918
0.941
0.915
0.896
0.723
0.378
0.814
0.818
0.845
0.843
0.788
0.823
0.869
0.860
0.906
0.918
0.866
0.907
0.887
0.812
0.918
0.830
0.689
0.477
0.691
0.668
0.804
0.764
0.727
0.640
0.492
0.693
0.681
0.638
0.600
0.784
0.616
0.640
0.522
0.517
0.713
0.715
0.750
0.759
0.732
0.734
0.588
0.636
0.705
0.681
0.753
0.701
0.618
0.604
0.695
0.597
0.551
0.757
0.691
0.556
0.705
0.668
0.643
0.597
0.675
0.693
0.604
0.699
0.640
0.701
0.823
0.437
0.382
0.653
0.443
0.685
0.623
0.701
0.561
0.689
0.508
0.558
0.841
0.835
0.434
0.623
0.697
0.947
0.788
0.841
0.751
0.636
0.868
0.744
0.191
0.588
0.892
0.856
0.954
0.932
0.888
0.851
0.744
0.793
0.784
0.611
0.634
0.548
0.548
0.647
0.462
0.434
0.795
0.719
0.697
0.904
0.558
0.705
0.848
0.611
0.707
0.713
0.548
0.818
0.811
0.755
0.904
0.915
0.868
0.872
0.960
0.976
0.936
0.874
0.514
0.921
0.960
0.942
0.977
0.948
0.797
0.826
0.790
0.944
0.811
0.508
0.660
0.609
0.443
0.616
0.500
0.585
0.407
0.411
0.721
0.784
0.609
0.653
0.632
0.786
0.736
0.670
0.576
0.795
0.895
0.845
0.903
0.903
0.927
0.838
0.915
0.913
0.942
0.977
0.938
0.884
0.840
0.887
0.711
0.546
0.781
0.742
0.797
0.885
0.848
0.786
0.734
0.750
0.691
0.855
0.740
0.750
0.742
0.791
0.711
0.761
0.766
0.662
0.748
0.840
0.727
0.831
0.800
0.828
0.882
0.775
0.848
0.927
0.977
1.082
1.043
1.065
1.007
0.999
1.028
0.924
0.656
0.759
0.786
0.860
0.818
0.797
0.840
0.814
0.719
0.876
0.662
0.731
0.711
0.774
0.888
0.927
1.018
1.040
1.028
1.015
0.996
1.008
0.996
1.001
0.966
0.957
0.974
0.893
0.494
0.830
0.627
0.581
0.503
0.437
0.434
0.371
0.378
0.300
0.219
0.322
0.275
0.375
0.393
0.285
0.322
0.492
0.527
0.343
0.249
0.407
0.411
0.386
0.348
0.393
0.437
0.660
0.585
0.339
0.649
0.477
0.540
0.683
0.558
0.548
0.561
0.576
0.477
0.666
0.783
0.489
0.393
0.497
0.616
0.604
0.620
0.616
0.540
0.576
0.732
0.494
0.645
0.480
0.585
0.465
0.407
0.480
0.538
0.363
0.318
0.627
0.611
0.868
0.887
0.923
0.948
0.927
0.906
0.719
0.950
0.877
0.727
0.527
0.697
0.729
0.675
0.748
0.777
0.625
0.506
0.583
0.614
0.492
0.670
0.514
0.590
0.636
0.649
0.573
0.568
0.750
0.818
0.976
0.955
0.893
0.904
0.945
0.929
0.939
0.912
0.851
0.480
0.819
0.890
0.951
0.938
0.681
0.632
0.517
0.581
0.382
0.348
0.404
0.168
0.280
0.407
0.352
0.212
0.265
0.191
0.119
0.225
0.304
0.265
0.243
0.106
0.119
0.075
0.000
0.176
0.000
0.168
0.260
0.000
0.130
0.000
0.168
0.092
0.732
0.759
0.243
0.850
0.818
0.903
0.933
0.961
0.923
0.990
0.980
0.876
0.987
0.957
0.941
1.007
0.966
0.607
0.711
0.802
0.921
0.984
1.061
1.003
0.864
0.890
0.896
0.681
0.643
0.649
0.840
0.863
0.662
0.927
0.840
0.781
0.850
0.588
0.823
0.877
0.748
0.746
0.731
0.831
0.903
0.980
0.951
0.960
0.920
0.986
0.974
0.987
0.876
0.753
0.711
0.890
0.945
0.916
0.846
0.906
0.938
0.920
0.848
0.929
0.906
0.874
0.898
0.884
0.898
0.898
0.717
0.356
0.830
0.896
0.879
0.768
0.777
0.721
0.514
0.548
0.736
0.620
0.503
0.695
0.790
0.826
0.723
0.783
0.616
0.649
0.784
0.687
0.616
0.809
0.851
0.884
0.899
0.907
0.932
0.942
0.942
0.960
0.936
0.920
0.935
0.961
0.921
0.809
0.858
0.327
0.280
0.280
0.359
0.140
0.318
0.249
0.150
0.746
0.885
0.967
0.983
0.969
0.856
0.824
0.581
0.662
0.924
0.909
0.359
0.150
0.184
0.000
0.198
0.159
0.322
0.527
0.763
0.685
0.471
0.450
0.424
0.693
0.417
0.779
0.400
0.270
0.243
0.270
0.300
0.219
0.243
0.280
0.225
0.092
0.000
0.000
0.270
0.119
0.205
0.000
0.000
0.265
0.168
0.140
0.000
0.191
0.106
0.000
0.140
0.075
0.000
0.150
0.219
0.000
0.000
0.053
0.130
0.000
0.159
0.053
0.000
0.000
0.075
0.000
0.119
0.119
0.000
0.219
0.106
0.000
0.184
0.000
0.000
0.000
0.000
0.168
0.000
0.000
0.000
0.000
0.000
0.000
0.000
0.000
0.159
0.000
0.053
0.168
0.000
0.000
0.000
0.000
0.000
0.000
0.000
0.000
0.075
0.176
0.000
0.000
0.231
0.075
0.000
0.106
0.106
0.000
0.053
0.000
0.000
0.205
0.075
0.106
0.000
0.000
0.140
0.000
0.176
0.130
0.000
0.000
0.075
0.000
0.075
0.000
0.000
0.000
0.000
0.000
0.000
0.000
0.000
0.000
0.000
0.168
0.000
0.130
0.000
0.000
0.000
0.000
0.000
0.000
0.000
0.000
0.075
0.000
0.339
0.130
0.000
0.150
0.000
0.000
0.106
0.000
0.000
0.053
0.000
0.000
0.053
0.000
0.000
0.000
0.000
0.000
0.053
0.075
0.000
0.000
0.000
0.000
0.225
0.000
0.000
0.053
0.000
0.075
0.000
0.053
0.000
0.053
0.053
0.191
0.159
0.000
0.000
0.000
0.000
0.000
0.000
0.000
0.000
0.000
0.000
0.000
0.000
0.000
0.000
0.000
0.092
0.000
0.000
0.000
0.000
0.000
0.000
0.000
0.000
0.000
0.000
0.000
0.000
0.000
0.092
0.092
0.000
0.000
0.000
0.000
0.000
0.000
0.000
0.053
0.000
0.053
0.000
0.000
0.000
0.000
0.000
0.000
0.075
0.000
0.000
0.000
0.000
0.119
0.000
0.000
0.168
0.000
0.000
0.000
0.191
0.000
0.219
0.000
0.000
0.000
0.000
0.053
0.000
0.000
0.000
0.000
0.000
0.000
0.000
0.000
0.000
0.000
0.000
0.000
0.000
0.053
0.000
0.000
0.000
0.053
0.053
0.198
0.000
0.322
0.000
0.000
0.000
0.000
0.000
0.000
0.000
0.000
0.000
0.000
0.000
0.000
0.000
0.000
0.159
0.000
0.000
0.000
0.000
0.000
0.000
0.000
0.000
0.000
0.000
0.000
0.000
0.000
0.000
0.000
0.000
0.000
0.000
0.000
0.000
0.000
0.000
0.000
0.000
0.000
0.000
0.000
0.000
0.000
0.000
0.000
0.000
0.219
0.212
0.000
0.000
0.130
0.000
0.000
0.000
0.000
0.000
0.000
0.000
0.000
0.000
0.000
0.000
0.000
0.184
0.000
0.000
0.191
0.075
0.075
0.000
0.000
0.000
0.130
0.000
0.000
0.000
0.000
0.000
0.000
0.075
0.075
0.000
0.000
0.000
0.000
0.000
0.000
0.000
0.000
0.140
0.000
0.000
0.000
0.000
0.000
0.000
0.000
0.000
0.000
0.000
0.000
0.237
0.462
0.503
0.295
0.339
0.363
0.280
0.453
0.600
0.431
0.604
0.483
0.285
0.551
0.417
0.389
0.558
0.225
0.823
0.757
0.705
0.725
0.651
0.729
0.809
0.811
0.677
0.666
0.643
0.731
0.634
0.614
0.597
0.492
0.468
0.434
0.623
0.721
0.804
0.830
0.853
0.753
0.595
0.793
0.753
0.225
0.176
0.265
0.618
0.755
0.800
0.695
0.843
0.783
0.863
0.838
0.892
0.874
0.933
0.942
0.892
0.863
0.757
0.231
0.231
0.397
0.693
0.503
0.314
0.693
0.389
0.290
0.130
0.318
0.212
0.249
0.751
0.517
0.573
0.744
0.888
0.703
0.763
0.806
0.732
0.799
0.819
0.848
0.701
0.581
0.543
0.527
0.243
0.440
0.335
0.634
0.519
0.576
0.573
0.583
0.417
0.474
0.503
0.508
0.581
0.736
0.757
0.759
0.821
0.711
0.543
0.527
0.687
0.483
0.744
0.595
0.699
0.636
0.809
0.793
0.866
0.843
0.858
0.888
0.851
0.893
0.888
0.892
0.763
0.503
0.322
0.225
0.304
0.522
0.497
0.553
0.638
0.850
0.869
0.910
0.921
0.816
0.791
0.254
0.602
0.761
0.845
0.836
0.941
0.964
0.910
0.343
0.150
0.159
0.159
0.205
0.092
0.000
0.000
0.106
0.243
0.290
0.500
0.672
0.643
0.629
0.480
0.500
0.566
0.571
0.318
0.322
0.243
0.327
0.184
0.285
0.275
0.168
0.231
0.053
0.159
0.254
0.000
0.119
0.159
0.159
0.000
0.000
0.106
0.176
0.000
0.000
0.119
0.053
0.092
0.359
0.468
0.578
0.588
0.480
0.543
0.573
0.558
0.489
0.812
0.717
0.806
0.748
0.885
0.755
0.966
0.804
0.797
0.896
0.933
0.884
0.848
0.942
0.927
0.935
0.930
0.861
0.770
0.856
0.879
0.781
0.468
0.705
0.802
0.831
0.295
0.736
0.443
0.417
0.666
0.831
0.687
0.833
0.465
0.378
0.647
0.715
0.744
0.566
0.866
0.623
0.583
0.602
0.703
0.553
0.404
0.553
0.699
0.656
0.561
0.546
0.888
0.811
0.904
0.930
0.709
0.855
0.397
0.620
0.540
0.597
0.506
0.477
0.755
0.533
0.751
0.620
0.643
0.522
0.653
0.835
0.812
0.581
0.740
0.830
0.907
0.906
0.954
0.783
0.939
0.906
0.879
0.840
0.895
0.831
0.866
0.836
0.793
0.546
0.683
0.620
0.514
0.797
0.755
0.519
0.783
0.459
0.437
0.819
0.896
0.896
0.916
0.921
0.916
0.850
0.766
0.898
0.947
0.973
0.967
0.958
0.980
1.003
0.976
0.967
0.872
1.011
0.977
0.895
0.821
0.856
0.753
0.738
0.872
0.948
0.879
0.709
0.855
0.647
0.719
0.604
0.494
0.779
0.766
0.697
0.734
0.819
0.874
0.850
0.816
0.800
0.651
0.788
0.755
0.695
0.845
0.719
0.522
0.677
0.802
0.869
1.007
0.866
0.964
0.976
0.924
0.205
0.585
0.471
0.389
0.300
0.280
0.219
0.191
0.198
0.168
0.407
0.623
0.343
0.285
0.191
0.198
0.260
0.447
0.231
0.106
0.198
0.231
0.000
0.130
0.000
0.000
0.000
0.675
0.786
0.675
0.936
0.944
0.999
0.933
0.963
0.944
0.927
0.972
0.898
0.874
0.757
0.872
0.903
0.848
0.807
0.378
0.000
0.219
0.176
0.191
0.000
0.231
0.075
0.219
0.212
0.053
0.119
0.212
0.168
0.159
0.159
0.176
0.198
0.407
0.668
0.675
0.783
0.826
0.786
0.763
0.614
0.748
0.689
0.772
0.860
0.863
0.921
0.898
0.843
0.809
0.779
0.871
0.427
0.811
0.595
0.841
0.290
0.677
0.923
0.895
0.819
0.788
0.486
0.571
0.500
0.581
0.679
0.563
0.677
0.740
0.687
0.681
0.687
0.717
0.546
0.363
0.474
0.417
0.788
0.585
0.563
0.506
0.331
0.378
0.424
0.588
0.597
0.519
0.497
0.404
0.600
0.824
0.766
0.625
0.581
0.447
0.812
0.715
0.818
0.779
0.693
0.664
0.750
0.759
0.729
0.734
0.723
0.687
0.664
0.627
0.725
0.571
0.744
0.709
0.623
0.623
0.711
0.713
0.561
0.824
0.566
0.614
0.568
0.581
0.866
0.689
0.625
0.869
0.816
0.723
0.838
0.734
0.811
0.809
0.709
0.777
0.715
0.845
0.471
0.290
0.249
0.322
0.219
0.205
0.254
0.198
0.205
0.260
0.576
0.604
0.620
0.699
0.508
0.811
0.689
0.856
0.695
0.715
0.781
0.627
0.468
0.352
0.533
0.848
0.795
0.427
0.689
0.660
0.527
0.869
0.938
0.904
0.895
0.982
0.864
0.848
0.899
0.982
0.977
1.001
1.013
0.912
0.976
0.895
0.503
0.800
0.869
0.961
0.828
0.861
0.802
0.861
0.766
0.662
0.660
0.871
0.797
0.356
0.427
0.551
0.595
0.437
0.517
0.543
0.375
0.397
0.389
0.511
0.290
0.443
0.497
0.508
0.314
0.538
0.508
0.411
0.711
0.761
0.629
0.600
0.664
0.689
0.668
0.535
0.625
0.623
0.583
0.447
0.568
0.614
0.602
0.717
0.447
0.783
0.548
0.691
0.618
0.681
0.824
0.807
0.950
0.812
0.890
0.904
0.868
0.983
0.938
0.866
0.994
0.999
0.921
0.887
0.830
0.976
0.990
0.950
0.620
0.742
0.683
0.976
0.913
0.938
0.823
0.864
0.866
0.930
0.927
0.896
0.884
0.957
0.944
0.920
0.920
0.951
0.921
0.950
0.929
0.309
0.168
0.168
0.231
0.744
0.434
0.653
0.731
0.386
0.556
0.725
0.738
0.768
0.863
0.884
0.806
0.538
0.683
0.799
0.668
0.804
0.734
0.768
0.649
0.249
0.689
0.858
0.715
0.522
0.683
0.651
0.766
0.675
0.732
0.627
0.797
0.699
0.597
0.265
0.640
0.483
0.558
0.711
0.804
0.863
0.753
0.687
0.835
0.899
0.884
0.915
0.898
0.923
0.929
0.800
0.309
0.295
0.437
0.779
0.809
0.872
0.951
0.924
0.809
0.910
0.846
0.890
0.835
0.812
0.826
0.843
0.929
0.969
0.948
0.920
0.941
0.997
1.003
1.044
0.996
0.864
0.932
0.929
0.874
0.736
0.819
0.775
0.719
0.620
0.607
0.703
0.732
0.761
0.707
0.843
0.824
0.786
0.746
0.941
0.892
0.948
0.990
0.983
0.969
0.960
1.022
0.907
0.976
0.958
0.966
0.976
0.982
0.784
0.927
0.948
0.930
0.938
0.933
0.717
0.866
0.963
0.953
0.920
0.797
0.738
0.500
0.339
0.205
0.477
0.546
0.386
0.231
0.000
0.219
0.000
0.231
0.075
0.000
0.212
0.000
0.280
0.053
0.000
0.000
0.184
0.130
0.092
0.168
0.000
0.119
0.159
0.140
0.075
0.150
0.119
0.000
0.000
0.000
0.000
0.075
0.000
0.075
0.119
0.191
0.140
0.407
0.772
0.779
0.816
0.869
0.819
0.874
0.835
0.691
0.634
0.538
0.699
0.375
0.480
0.578
0.755
0.840
0.709
0.755
0.681
0.703
0.620
0.583
0.660
0.993
1.011
0.750
0.766
0.757
0.855
0.772
0.833
0.840
0.841
0.793
0.784
0.738
0.629
0.434
0.450
0.514
0.585
0.573
0.679
0.725
0.623
0.658
0.670
0.618
0.703
0.500
0.566
0.689
0.540
0.707
0.693
0.717
0.614
0.371
0.393
0.508
0.533
0.643
0.593
0.685
0.783
0.546
0.685
0.434
0.304
0.237
0.691
0.497
0.600
0.699
0.527
0.489
0.645
0.503
0.459
0.486
0.411
0.517
0.397
0.367
0.397
0.375
0.295
0.489
0.492
0.816
0.707
0.853
0.811
0.751
0.604
0.595
0.755
0.689
0.500
0.352
0.494
0.664
0.855
0.800
0.563
0.538
0.910
0.969
0.807
0.643
0.672
0.585
0.689
0.595
0.459
0.651
0.590
0.814
0.540
0.627
0.477
0.744
0.715
0.563
0.602
0.375
0.450
0.530
0.471
0.453
0.339
0.265
0.404
0.386
0.561
0.693
0.734
0.497
0.611
0.664
0.795
0.649
0.497
0.590
0.691
0.500
0.709
1.024
0.993
0.932
0.947
0.918
0.972
1.015
0.994
0.964
0.957
0.958
0.890
0.920
0.921
0.982
0.973
0.906
0.856
0.786
0.699
0.907
0.945
0.797
0.790
0.845
0.687
0.746
0.744
0.431
0.140
0.159
0.140
0.119
0.486
0.576
0.604
0.535
0.450
0.711
0.766
0.809
0.679
0.658
0.474
0.352
0.295
0.645
0.711
0.731
0.607
0.590
0.649
0.636
0.695
0.766
0.751
0.775
0.861
0.685
0.715
0.660
0.691
0.595
0.781
0.876
0.912
0.738
0.814
0.638
0.558
0.868
0.687
0.699
0.681
0.764
0.861
0.799
0.846
0.774
0.920
0.841
0.788
0.800
0.717
0.795
0.869
0.942
0.997
0.955
0.890
0.876
0.903
0.884
0.856
0.551
0.717
0.855
0.906
0.920
0.950
0.957
0.951
0.916
0.933
0.927
0.828
0.921
0.916
0.850
0.823
0.853
0.838
0.727
0.000
0.237
0.075
0.585
0.500
0.715
0.757
0.614
0.742
0.766
0.658
0.590
0.656
0.588
0.456
0.647
0.770
0.731
0.649
0.828
0.887
0.535
0.855
0.585
0.614
0.434
0.497
0.713
0.784
0.755
0.691
0.620
0.779
0.611
0.695
0.683
0.751
0.793
0.807
0.812
0.828
0.836
0.890
0.915
0.881
0.848
0.709
0.877
0.863
0.904
0.933
0.920
0.863
0.944
0.947
0.462
0.285
0.092
0.198
0.561
0.477
0.517
0.270
0.260
0.363
0.280
0.219
0.254
0.159
0.000
0.000
0.075
0.191
0.000
0.092
0.159
0.168
0.000
0.000
0.000
0.000
0.000
0.000
0.000
0.219
0.140
0.000
0.000
0.000
0.000
0.000
0.000
0.130
0.053
0.000
0.000
0.000
0.000
0.000
0.000
0.053
0.000
0.237
0.503
0.411
0.367
0.566
0.339
0.664
0.761
0.770
0.750
0.907
0.896
0.930
0.935
0.915
0.950
0.948
1.013
1.017
0.973
0.983
1.001
1.006
1.019
0.990
0.888
0.781
0.826
0.748
0.864
0.748
0.566
0.363
0.581
0.715
0.571
0.727
0.375
0.625
0.611
0.675
0.660
0.556
0.561
0.414
0.558
0.670
0.755
0.764
0.465
0.753
0.715
0.717
0.600
0.563
0.670
0.634
0.538
0.732
0.634
0.681
0.595
0.742
0.812
0.923
0.918
0.717
0.543
0.670
0.614
0.819
0.568
0.795
0.687
0.811
0.553
0.508
0.656
0.802
0.821
0.876
0.890
0.660
0.734
0.723
0.675
0.725
0.831
0.755
0.585
0.738
0.824
0.753
0.814
0.861
0.797
0.768
0.748
0.759
0.755
0.707
0.806
0.903
0.806
0.804
0.855
0.848
0.840
0.843
0.850
0.774
0.882
0.693
0.734
0.828
0.744
0.695
0.695
0.717
0.855
0.851
0.653
0.687
0.670
0.799
0.824
0.713
0.471
0.819
0.895
0.972
0.643
0.768
0.695
0.788
0.732
0.687
0.566
0.548
0.687
0.806
0.443
0.693
0.670
0.764
0.683
0.790
0.643
0.546
0.585
0.649
0.744
0.677
0.636
0.746
0.411
0.868
0.892
0.687
0.893
0.913
0.851
0.871
0.888
0.645
0.774
0.511
0.616
0.400
0.590
0.632
0.899
0.840
0.751
0.578
0.632
0.864
0.838
0.727
0.679
0.864
0.853
0.764
0.814
0.901
0.770
0.719
0.471
0.759
0.456
0.645
0.759
0.766
0.818
0.742
0.695
0.738
0.768
0.645
0.662
0.651
0.634
0.540
0.595
0.500
0.538
0.508
0.600
0.561
0.527
0.863
0.913
0.882
0.701
0.672
0.740
0.913
0.864
0.895
0.876
0.757
0.477
0.356
0.285
0.356
0.159
0.270
0.407
0.243
0.184
0.237
0.140
0.000
0.237
0.000
0.225
0.191
0.000
0.140
0.249
0.212
0.000
0.000
0.075
0.000
0.453
0.709
0.858
0.727
0.651
0.856
0.836
0.806
0.770
0.595
0.699
0.823
0.903
0.899
0.913
0.890
0.876
0.916
0.856
0.963
1.006
0.987
0.927
1.022
1.022
0.836
0.984
0.895
0.795
0.731
0.738
0.685
0.766
0.872
0.958
0.602
0.731
0.961
0.929
0.929
0.990
1.000
0.896
0.951
0.989
0.976
0.906
0.941
0.806
0.983
0.938
0.992
0.958
0.966
0.960
0.960
0.607
0.833
0.530
0.869
0.924
0.967
0.961
0.909
0.955
0.910
0.918
0.309
0.331
0.462
0.543
0.607
0.517
0.480
0.480
0.459
0.363
0.314
0.295
0.322
0.053
0.359
0.225
0.304
0.249
0.309
0.237
0.205
0.548
0.616
0.212
0.265
0.237
0.140
0.249
0.219
0.290
0.198
0.275
0.260
0.295
0.237
0.290
0.231
0.265
0.053
0.237
0.000
0.092
0.000
0.119
0.092
0.075
0.000
0.600
0.649
0.772
0.761
0.795
0.864
0.748
0.775
0.666
0.424
0.480
0.571
0.614
0.607
0.651
0.723
0.670
0.566
0.623
0.653
0.664
0.535
0.938
0.864
0.941
0.898
0.751
0.828
0.929
0.903
0.573
0.571
0.845
0.930
0.853
0.799
0.924
0.795
0.804
0.766
0.462
0.243
0.331
0.327
0.371
0.713
0.819
0.764
0.903
0.843
0.742
0.742
0.850
0.929
0.948
0.871
0.434
0.786
0.958
0.961
0.977
0.966
0.679
0.935
0.992
1.036
1.017
1.004
0.958
0.938
0.884
0.729
0.851
0.851
0.938
0.885
0.781
0.750
0.850
0.920
0.916
0.856
0.871
0.969
0.941
0.987
1.008
1.015
1.007
1.013
1.007
0.973
0.941
0.882
0.976
0.993
0.992
0.533
0.176
0.176
0.053
0.275
0.000
0.053
0.802
0.707
0.742
0.595
0.699
0.884
0.835
0.884
0.936
0.876
0.887
0.892
0.933
0.933
0.957
0.926
0.831
0.295
0.751
0.887
0.882
0.677
0.602
0.750
0.566
0.649
0.725
0.658
0.651
0.468
0.595
0.793
0.748
0.647
0.736
0.788
0.757
0.705
0.556
0.660
0.471
0.675
0.693
0.660
0.695
0.670
0.666
0.791
0.811
0.576
0.497
0.711
0.725
0.453
0.275
0.790
0.913
0.916
0.860
0.784
0.359
0.474
0.757
0.744
0.581
0.431
0.309
0.393
0.443
0.548
0.593
0.431
0.620
0.205
0.191
0.243
0.327
0.092
0.191
0.092
0.140
0.150
0.168
0.447
0.538
0.462
0.300
0.300
0.249
0.265
0.159
0.270
0.225
0.191
0.176
0.130
0.000
0.106
0.331
0.130
0.198
0.219
0.106
0.280
0.295
0.243
0.053
0.184
0.331
0.492
0.397
0.249
0.497
0.407
0.205
0.140
0.159
0.198
0.000
0.092
0.053
0.000
0.000
0.119
0.343
0.231
0.304
0.551
0.343
0.249
0.270
0.265
0.225
0.237
0.314
0.382
0.339
0.386
0.483
0.480
0.393
0.543
0.480
0.331
0.411
0.397
0.424
0.417
0.508
0.421
0.356
0.295
0.231
0.335
0.421
0.363
0.243
0.434
0.280
0.367
0.414
0.480
0.295
0.492
0.331
0.237
0.053
0.184
0.176
0.000
0.000
0.191
0.140
0.212
0.375
0.237
0.219
0.219
0.309
0.331
0.270
0.314
0.335
0.331
0.231
0.254
0.225
0.249
0.249
0.331
0.462
0.514
0.483
0.666
0.687
0.786
0.763
0.359
0.679
0.538
0.618
0.414
0.480
0.393
0.604
0.845
0.885
0.881
0.872
0.828
0.662
0.443
0.585
0.468
0.668
0.653
0.576
0.611
0.343
0.237
0.254
0.431
0.462
0.184
0.421
0.417
0.184
0.140
0.168
0.000
0.130
0.000
0.000
0.000
0.000
0.000
0.092
0.053
0.363
0.000
0.000
0.000
0.000
0.000
0.000
0.000
0.000
0.000
0.000
0.000
0.000
0.000
0.000
0.000
0.000
0.000
0.000
0.000
0.000
0.000
0.000
0.000
0.000
0.000
0.000
0.092
0.000
0.000
0.000
0.000
0.130
0.000
0.000
0.150
0.000
0.000
0.000
0.000
0.191
0.000
0.140
0.000
0.000
0.000
0.000
0.000
0.000
0.000
0.000
0.000
0.000
0.000
0.000
0.000
0.000
0.159
0.000
0.000
0.000
0.000
0.318
0.486
0.397
0.270
0.339
0.371
0.168
0.517
0.687
0.888
0.848
0.681
0.840
0.887
0.929
0.921
0.938
0.947
0.951
1.006
0.958
1.063
0.930
0.602
0.797
0.876
0.543
0.556
0.503
0.198
0.407
0.339
0.304
0.363
0.119
0.393
0.781
0.616
0.932
0.809
0.966
0.979
0.979
1.006
0.982
0.868
0.576
0.972
1.021
0.974
0.969
0.892
0.938
0.893
0.804
0.561
0.764
0.538
0.814
0.892
1.015
0.693
0.620
