0.711
0.775
0.759
0.775
0.894
0.851
0.851
0.829
0.711
0.759
0.738
0.800
0.761
0.777
0.688
0.661
0.808
0.780
0.729
0.888
0.477
0.199
0.252
0.154
0.291
0.178
0.247
0.163
0.218
0.224
0.185
0.192
0.154
0.247
0.154
0.236
0.000
0.262
0.073
0.000
0.073
0.073
0.103
0.115
0.051
0.000
0.115
0.051
0.115
0.000
0.000
0.136
0.000
0.115
0.000
0.000
0.000
0.000
0.000
0.000
0.000
0.185
0.192
0.000
0.000
0.000
0.000
0.000
0.000
0.000
0.073
0.000
0.000
0.000
0.000
0.000
0.000
0.154
0.000
0.000
0.000
0.000
0.000
0.000
0.000
0.000
0.154
0.000
0.000
0.000
0.000
0.815
0.922
0.836
0.950
0.965
0.988
0.991
0.997
1.016
1.053
0.958
0.954
0.966
0.972
0.969
0.979
0.850
0.517
0.485
0.868
0.797
0.959
1.027
1.038
1.031
0.962
0.944
0.630
0.765
0.747
0.349
0.154
0.185
0.206
0.385
0.736
0.773
0.816
0.780
0.851
0.894
0.914
0.968
0.941
0.856
0.934
0.932
0.959
0.834
0.825
0.782
0.831
0.922
0.977
0.989
1.036
1.003
0.980
0.999
1.013
0.981
0.939
0.907
0.785
0.839
0.726
0.911
0.703
0.742
0.914
0.919
0.825
0.773
0.701
0.460
0.522
0.718
0.889
0.698
0.126
0.236
0.000
0.178
0.000
0.247
0.163
0.000
0.236
0.154
0.212
0.282
0.602
0.570
0.364
0.247
0.000
0.206
0.000
0.692
0.457
0.398
0.236
0.522
0.507
0.595
0.262
0.236
0.525
0.678
0.600
0.514
0.532
0.388
0.126
0.163
0.000
0.136
0.136
0.304
0.856
0.457
0.657
0.317
0.613
0.752
0.282
0.744
0.736
0.642
0.840
0.777
0.751
0.665
0.309
0.604
0.845
0.577
0.519
0.595
0.566
0.589
0.554
0.675
0.772
0.682
0.636
0.751
0.751
0.705
0.657
0.711
0.669
0.722
0.532
0.715
0.756
0.514
0.653
0.460
0.701
0.825
0.816
0.624
0.825
0.740
0.549
0.547
0.364
0.568
0.698
0.694
0.609
0.606
0.621
0.634
0.577
0.787
0.504
0.496
0.568
0.392
0.582
0.542
0.277
0.136
0.145
0.000
0.267
0.199
0.178
0.154
0.321
0.073
0.154
0.103
0.000
0.353
0.671
0.680
0.374
0.471
0.617
0.591
0.517
0.766
0.580
0.738
0.922
1.054
0.812
0.559
0.716
0.722
0.624
0.673
0.460
0.628
0.517
0.638
0.595
0.663
0.818
0.871
0.861
0.491
0.740
0.837
0.856
0.729
0.705
0.752
0.701
0.736
0.879
0.726
0.880
0.903
0.964
0.981
0.993
0.970
0.844
0.763
0.780
0.840
0.833
0.883
0.904
0.903
0.847
0.677
0.747
0.812
0.600
0.711
0.837
0.480
0.418
0.686
0.634
0.724
0.765
0.911
0.876
0.773
0.549
0.926
0.969
1.001
0.895
0.903
0.991
1.054
0.810
0.989
0.929
0.842
0.634
0.514
0.711
0.758
0.606
0.736
0.829
0.972
0.996
0.975
0.837
0.813
0.795
0.854
1.021
1.049
0.984
1.008
1.027
1.045
0.955
0.969
0.900
0.816
0.880
0.906
0.864
0.829
0.724
0.840
0.561
0.532
0.833
0.858
0.930
0.891
0.821
0.886
0.792
0.836
0.807
0.749
0.900
0.802
0.871
0.922
0.853
0.898
0.933
0.726
0.919
0.853
0.888
0.926
0.731
0.644
0.758
0.778
0.671
0.655
0.642
0.795
0.813
0.859
0.919
0.845
0.584
0.826
0.813
0.788
0.834
0.901
0.877
0.966
0.958
0.972
0.992
0.966
0.976
0.997
1.016
0.911
0.218
0.747
0.972
0.909
0.897
1.016
1.033
1.060
1.060
0.993
0.957
0.917
0.922
0.937
0.876
0.828
0.703
0.678
0.853
0.720
0.703
0.677
0.584
0.733
0.493
0.647
0.749
0.883
0.871
0.981
0.837
0.840
0.842
0.850
0.979
0.984
1.044
0.995
0.991
0.984
0.968
0.964
0.999
0.995
1.016
0.903
0.953
0.966
0.910
0.987
0.923
0.981
0.930
0.940
0.858
0.673
0.880
0.954
0.862
0.644
0.669
0.690
0.848
0.742
0.729
0.653
0.675
0.861
0.773
0.752
0.792
0.856
0.937
0.903
0.831
0.892
0.825
1.004
1.013
1.024
1.005
1.043
1.033
0.845
0.984
0.985
0.988
0.980
1.016
1.049
1.040
1.011
0.972
0.926
0.906
0.993
0.909
0.212
0.865
0.987
0.983
0.907
0.924
0.812
0.929
0.891
0.953
0.787
0.900
0.788
0.680
0.783
0.573
0.711
0.937
0.864
0.897
0.788
0.828
0.950
0.988
1.026
1.053
0.947
0.856
0.950
0.961
0.929
0.805
0.836
0.871
0.825
0.803
0.718
0.530
0.941
0.894
0.911
0.917
0.943
0.747
0.688
0.826
0.891
0.856
0.850
0.894
0.909
0.876
0.630
0.665
0.882
0.907
0.889
0.754
0.828
0.823
0.759
0.754
0.845
0.491
0.163
0.236
0.115
0.582
0.493
0.744
0.856
0.749
0.705
0.816
0.793
0.667
0.785
0.745
0.519
0.738
0.761
0.818
0.499
0.457
0.680
0.870
0.800
0.818
0.867
0.738
0.051
0.224
0.073
0.171
0.000
0.000
0.000
0.163
0.212
0.000
0.089
0.073
0.000
0.178
0.000
0.051
0.089
0.000
0.282
0.000
0.000
0.000
0.192
0.000
0.000
0.051
0.000
0.000
0.000
0.000
0.000
0.000
0.000
0.000
0.000
0.192
0.000
0.000
0.051
0.000
0.000
0.000
0.000
0.000
0.000
0.000
0.224
0.000
0.154
0.000
0.000
0.000
0.000
0.051
0.000
0.703
0.787
0.663
0.720
0.910
0.926
0.936
0.932
0.958
0.823
0.940
0.885
0.989
0.983
0.731
0.542
0.577
0.644
0.816
0.888
0.816
0.457
0.457
0.575
0.439
0.686
0.573
0.602
0.718
0.556
0.729
0.754
0.600
0.669
0.910
0.913
0.898
0.802
0.667
0.788
0.720
0.754
0.561
0.611
0.385
0.561
0.580
0.628
0.758
0.808
0.803
0.606
0.874
0.947
0.972
1.000
0.975
0.997
1.162
1.045
0.897
0.955
0.985
0.894
0.876
0.790
0.845
0.940
0.874
0.854
0.957
0.883
0.923
0.892
0.953
0.976
0.957
1.027
1.013
1.007
1.012
1.020
1.003
1.022
0.929
0.787
0.747
0.726
0.913
0.795
0.692
0.795
0.870
0.923
0.877
0.856
0.858
0.842
0.815
0.874
0.836
0.816
0.718
0.765
0.886
0.667
0.628
0.859
0.677
0.604
0.813
0.451
0.761
0.738
0.466
0.783
0.803
0.661
0.802
0.842
0.865
0.731
0.715
0.619
0.378
0.765
0.742
0.530
0.653
0.532
0.392
0.460
0.454
0.621
0.692
0.611
0.752
0.684
0.657
0.731
0.665
0.688
0.457
0.436
0.570
0.493
0.463
0.671
0.624
0.617
0.439
0.686
0.626
0.698
0.604
0.480
0.665
0.694
0.744
0.436
0.609
0.770
0.847
0.651
0.556
0.615
0.463
0.448
0.321
0.451
0.374
0.424
0.427
0.364
0.212
0.000
0.126
0.454
0.466
0.488
0.501
0.493
0.454
0.517
0.471
0.469
0.341
0.333
0.427
0.304
0.337
0.405
0.451
0.381
0.374
0.360
0.454
0.582
0.385
0.675
0.593
0.471
0.360
0.385
0.738
0.451
0.522
0.655
0.445
0.798
0.922
0.731
0.735
0.593
0.591
0.471
0.512
0.851
0.815
0.856
0.709
0.722
0.626
0.247
0.606
0.591
0.677
0.600
0.385
0.519
0.696
0.566
0.759
0.703
0.797
0.663
0.720
0.542
0.665
0.589
0.559
0.408
0.840
0.808
0.559
0.509
0.692
0.718
0.859
0.894
0.989
0.964
0.374
0.089
0.115
0.913
0.977
0.985
1.013
0.993
0.657
0.880
1.020
1.040
0.984
0.943
1.013
0.988
0.964
0.985
0.953
1.003
0.989
0.976
0.756
0.816
0.854
0.829
0.754
0.910
0.962
0.773
0.904
0.671
0.865
0.813
0.867
0.682
0.818
0.765
0.711
0.834
0.856
0.992
1.017
1.040
1.035
1.043
1.016
1.013
1.013
1.022
0.859
0.983
0.993
0.900
0.867
0.909
0.922
0.892
0.983
1.024
1.013
1.038
0.943
0.854
0.842
0.870
0.624
0.684
0.678
0.591
0.542
0.868
0.738
0.713
0.792
0.813
0.946
0.886
0.537
0.688
0.877
1.011
0.906
0.630
0.820
0.867
0.663
0.727
0.995
1.075
0.955
0.962
0.983
1.001
0.969
1.007
0.962
1.012
1.031
1.036
1.027
1.017
0.985
0.415
0.698
0.718
0.573
0.512
0.671
0.624
0.566
0.517
0.388
0.402
0.589
0.655
0.682
0.493
0.374
0.542
0.703
0.573
0.519
0.430
0.488
0.682
0.604
0.454
0.530
0.381
0.589
0.593
0.353
0.395
0.405
0.621
0.544
0.469
0.300
0.224
0.454
0.556
0.742
0.993
1.030
1.045
1.024
0.882
0.919
0.833
0.873
0.816
0.816
0.939
0.770
0.563
0.831
0.864
0.911
0.888
1.001
1.000
1.057
1.040
1.033
1.083
1.043
1.012
1.012
1.007
0.993
0.847
0.954
0.955
0.983
0.988
0.979
0.770
0.976
0.901
0.724
0.580
0.411
0.611
0.735
0.853
0.825
0.744
0.632
0.621
0.530
0.831
0.805
0.649
0.818
0.813
0.777
0.889
0.810
0.530
0.649
0.661
0.634
0.705
0.488
0.663
0.439
0.651
0.448
0.589
0.600
0.537
0.482
0.729
0.624
0.807
0.870
0.882
0.948
0.900
0.920
0.815
0.900
0.966
0.977
0.972
0.993
0.964
0.973
1.007
1.030
0.943
0.901
0.885
0.934
1.009
0.916
0.813
0.667
0.840
0.964
0.995
0.903
0.995
0.995
1.018
0.992
0.907
0.864
0.759
0.851
0.805
0.834
0.858
0.955
0.964
0.917
0.766
0.941
1.008
1.079
1.012
1.036
0.940
1.011
1.031
1.030
0.840
1.029
1.009
0.828
1.005
1.029
0.995
0.867
0.611
0.659
0.680
0.642
0.647
0.559
0.491
0.677
0.744
0.807
0.871
0.836
0.733
0.844
0.895
0.880
0.848
0.600
0.593
0.713
0.785
0.919
0.886
0.800
0.803
0.788
0.744
0.488
0.765
0.720
0.861
0.865
0.678
0.911
0.867
0.780
0.709
0.598
0.460
0.752
0.808
0.763
0.731
0.834
0.932
0.900
0.842
0.609
0.711
0.644
0.735
0.833
0.825
0.663
0.613
0.700
0.858
0.754
0.842
0.821
0.891
0.903
0.891
0.947
0.973
0.810
0.972
0.941
0.958
0.988
0.983
0.934
0.745
0.638
0.595
0.604
0.402
0.485
0.733
0.457
0.624
0.812
0.733
0.740
0.751
0.805
0.775
0.709
0.707
0.768
0.696
0.826
0.747
0.696
0.713
0.718
0.582
0.655
0.549
0.735
0.742
0.756
0.894
0.909
0.920
0.818
0.874
0.813
0.891
0.879
0.818
0.690
0.659
1.016
0.955
0.859
0.818
0.877
0.854
0.892
0.692
0.834
1.001
1.047
1.026
1.021
1.047
1.027
1.018
0.996
1.025
1.013
0.933
0.898
0.519
0.700
0.720
0.705
0.686
0.751
0.800
0.671
0.715
0.785
0.738
0.609
0.692
0.840
0.847
0.955
0.927
0.701
0.744
0.638
0.901
0.916
0.937
0.718
0.927
0.889
0.659
0.694
0.864
0.788
0.825
0.669
0.837
0.892
0.606
0.821
0.609
0.773
0.833
0.787
0.780
0.888
0.892
0.913
0.903
0.499
0.230
0.766
0.820
0.917
0.962
0.904
0.939
0.828
0.815
0.773
0.782
0.862
0.920
0.965
0.886
0.873
0.991
0.991
1.011
1.004
1.034
1.005
1.034
1.034
0.979
0.669
0.463
0.349
0.252
0.230
0.272
0.277
0.230
0.282
0.136
0.000
0.000
0.192
0.000
0.051
0.073
0.103
0.000
0.163
0.000
0.000
0.126
0.815
0.941
0.997
1.024
0.975
0.877
1.026
0.768
0.807
0.803
0.871
0.810
0.644
0.577
0.644
0.738
0.724
0.745
0.758
0.756
0.535
0.675
0.756
0.642
0.632
0.507
0.563
0.655
0.663
0.747
0.731
0.722
0.678
0.780
0.701
0.514
0.439
0.504
0.624
0.626
0.711
0.632
0.624
0.611
0.675
0.682
0.752
0.680
0.615
0.586
0.724
0.647
0.593
0.519
0.802
0.640
0.527
0.747
0.715
0.514
0.542
0.761
0.544
0.733
0.619
0.707
0.530
0.638
0.705
0.904
0.792
0.722
0.655
0.754
0.686
0.626
0.634
0.793
0.684
0.451
0.309
0.430
0.559
0.598
0.673
0.715
0.688
0.744
0.624
0.665
0.496
0.514
0.477
0.749
0.820
0.848
0.570
0.669
0.624
0.675
0.632
0.647
0.793
0.688
0.617
0.602
0.632
0.649
0.591
0.696
0.628
0.655
0.463
0.469
0.514
0.509
0.778
0.653
0.575
0.619
0.371
0.566
0.512
0.647
0.669
0.680
0.451
0.602
0.577
0.636
0.663
0.700
0.496
0.682
0.675
0.798
0.530
0.933
0.993
0.966
0.933
0.957
0.992
1.036
1.000
0.932
0.907
0.828
0.883
0.885
0.542
0.457
0.703
0.756
0.726
0.870
0.916
0.740
0.782
0.798
0.877
0.936
0.981
0.968
0.946
0.968
0.821
0.724
0.642
0.847
0.871
0.845
0.844
0.913
0.862
0.733
0.722
0.501
0.582
0.561
0.573
0.678
0.798
0.561
0.844
0.756
0.844
0.823
0.675
0.692
0.690
0.525
0.745
0.642
0.573
0.381
0.716
0.690
0.395
0.224
0.313
0.163
0.329
0.199
0.154
0.178
0.782
0.539
0.267
0.212
0.241
0.145
0.224
0.230
0.126
0.000
0.000
0.171
0.000
0.000
0.136
0.000
0.000
0.000
0.212
0.000
0.000
0.126
0.000
0.000
0.000
0.103
0.509
0.609
0.493
0.619
0.651
0.469
0.634
0.839
0.917
0.920
0.854
0.598
0.847
0.840
0.707
0.914
0.777
0.604
0.707
0.783
0.680
0.802
0.831
0.797
0.584
0.655
0.659
0.700
0.598
0.575
0.561
0.563
0.649
0.421
0.575
0.493
0.433
0.566
0.514
0.421
0.797
0.575
0.790
0.813
0.766
0.364
0.568
0.634
0.496
0.675
0.659
0.964
0.901
0.977
0.962
0.973
0.970
0.959
1.018
1.017
1.000
0.991
0.970
0.970
0.917
0.984
0.950
0.782
0.876
0.759
0.740
0.818
0.836
0.983
1.013
0.997
1.018
0.895
0.996
0.909
0.895
0.868
0.937
0.867
0.740
0.694
0.733
0.761
0.752
1.016
1.079
0.979
1.045
1.016
1.044
1.017
1.034
1.063
1.022
1.004
0.856
0.976
0.964
0.870
0.667
0.763
0.705
0.747
0.665
0.812
0.800
0.916
0.981
0.936
0.807
0.630
0.584
0.649
0.845
0.941
0.874
0.742
0.684
0.759
0.810
0.932
0.904
0.865
0.833
0.765
0.756
0.802
0.726
0.877
0.544
0.591
0.688
0.613
0.418
0.909
0.910
0.782
0.754
0.936
0.772
0.696
0.690
0.793
0.889
0.916
0.947
0.763
0.948
0.926
0.876
0.911
0.995
0.969
0.457
0.236
0.313
0.178
0.277
0.257
0.241
0.212
0.241
0.136
0.145
0.000
0.171
0.493
1.000
1.009
0.657
0.272
0.997
0.903
0.895
0.782
0.828
0.772
0.527
0.580
0.632
0.321
0.199
1.050
0.850
0.958
0.861
0.885
0.836
0.640
0.675
0.729
0.688
0.671
0.624
0.688
0.853
0.867
0.688
0.765
0.509
0.713
0.582
0.790
0.701
0.705
0.770
0.880
0.911
0.862
0.944
0.879
0.985
0.922
0.861
0.854
0.879
0.913
0.920
0.922
0.818
0.766
0.733
0.946
0.996
1.027
1.040
0.999
0.968
1.040
1.044
1.029
1.004
1.013
1.016
1.021
0.865
0.979
0.987
0.954
0.711
0.943
0.947
0.903
0.665
0.388
0.353
0.304
0.398
0.272
0.000
0.103
0.000
0.735
0.703
0.317
0.707
0.745
0.876
0.836
0.812
0.820
0.839
0.853
0.509
0.647
0.509
0.735
0.682
0.726
0.729
0.885
0.895
0.773
0.976
0.895
0.885
0.659
0.649
0.613
0.850
0.800
0.856
0.948
0.972
0.922
0.922
0.858
0.906
0.917
0.976
0.871
1.003
0.969
0.961
0.987
0.802
0.904
0.922
0.914
0.848
0.909
0.856
0.785
0.758
0.885
0.906
1.003
0.975
0.977
1.038
0.909
0.977
0.972
0.758
0.783
0.792
0.854
0.673
0.930
0.920
0.886
0.858
0.805
0.892
0.909
0.983
0.936
0.871
0.722
0.880
0.812
0.901
0.924
0.996
1.008
0.988
0.946
0.937
0.823
0.965
0.934
0.940
0.862
0.810
0.929
0.864
0.882
0.920
0.870
0.828
0.859
0.818
0.665
0.630
0.720
0.889
0.948
0.922
0.805
0.911
0.984
0.785
0.883
0.815
0.727
0.740
0.772
0.831
0.802
0.826
0.823
0.632
0.941
0.959
0.874
0.867
0.904
0.944
0.713
0.859
0.836
0.659
0.537
0.485
0.615
0.680
0.591
0.591
0.636
0.580
0.504
0.724
0.775
0.873
0.833
0.943
0.997
1.003
1.003
1.016
0.980
0.985
0.876
0.797
0.798
0.715
0.504
0.661
0.514
0.836
0.738
0.642
0.754
0.763
0.778
0.703
0.636
0.584
0.499
0.595
0.698
0.785
0.700
0.709
0.602
0.709
0.678
0.825
0.765
0.823
0.937
1.003
0.944
0.913
1.020
1.034
0.976
0.749
0.922
0.807
0.807
0.628
0.777
0.879
0.903
0.686
0.491
0.682
0.788
0.867
0.851
0.907
0.845
0.867
0.961
0.997
1.008
1.036
1.021
1.016
0.975
0.948
1.013
1.045
0.983
0.845
0.812
0.859
0.766
0.649
0.466
0.711
0.751
0.770
0.542
0.690
0.761
0.713
0.758
0.844
0.897
0.939
0.825
0.454
0.671
0.844
0.848
0.907
0.818
0.758
0.885
0.933
0.800
0.698
0.659
0.747
0.738
0.778
0.611
0.713
0.749
0.661
0.617
0.700
0.868
0.880
0.780
0.853
0.882
0.669
0.861
0.876
0.735
0.577
0.593
0.595
0.715
0.624
0.680
0.705
0.780
0.877
0.858
0.820
0.836
0.795
0.868
0.815
0.772
0.777
0.891
0.892
0.885
0.892
0.800
0.783
0.829
0.853
0.829
0.847
0.889
0.927
0.930
0.392
0.469
0.367
1.074
0.980
0.471
0.000
0.257
0.089
0.073
0.218
0.126
0.788
0.900
0.632
0.241
0.115
0.000
0.252
0.000
0.126
0.604
0.802
0.826
0.842
0.880
0.751
0.711
0.773
0.738
0.845
0.690
0.834
0.667
0.770
0.522
0.466
0.609
0.480
0.682
0.718
0.785
0.644
0.512
0.744
0.644
0.466
0.392
0.566
0.711
0.430
0.630
0.591
0.698
0.665
0.751
0.800
0.337
0.547
0.499
0.471
0.752
0.593
0.744
0.606
0.798
0.903
0.951
0.837
0.883
0.862
0.851
0.867
0.894
0.834
0.823
0.859
0.920
0.943
0.906
0.924
0.856
1.014
1.018
1.017
0.995
0.792
0.787
0.720
0.871
0.858
0.745
0.720
0.624
0.561
0.402
0.644
0.619
0.765
0.914
1.000
0.989
0.995
0.980
1.021
0.981
1.009
0.995
1.022
1.027
0.984
0.889
0.867
0.749
0.845
0.782
0.729
0.874
0.943
0.954
0.980
0.932
0.823
0.943
0.802
0.770
0.847
0.910
0.859
0.831
0.803
0.775
0.738
0.848
0.729
0.729
0.663
0.735
0.826
0.934
0.709
0.522
0.726
0.797
0.873
0.900
0.778
0.756
0.405
0.402
0.696
0.621
0.586
0.589
0.649
0.692
0.628
0.686
0.766
0.703
0.780
0.698
0.726
0.772
0.844
0.797
0.477
0.673
0.653
0.761
0.787
0.744
0.554
0.482
0.659
0.595
0.402
0.507
0.577
0.671
0.682
0.304
0.345
0.477
0.405
0.663
0.678
0.851
0.802
0.906
0.880
0.933
0.845
0.877
0.858
0.861
0.729
0.636
0.517
0.871
0.501
0.530
0.525
0.547
0.501
0.659
0.499
0.634
0.797
0.593
0.684
0.586
0.910
0.916
0.980
0.946
0.871
0.883
0.783
0.856
0.745
0.790
0.747
0.638
0.877
0.909
0.879
0.895
0.972
0.917
0.946
0.923
0.675
0.954
0.870
0.953
0.966
0.815
0.901
0.968
0.808
0.853
0.951
0.882
0.926
0.907
0.968
1.024
1.024
1.034
0.979
1.031
1.007
0.988
0.976
0.972
1.001
0.972
1.012
0.961
0.892
0.927
0.805
0.856
0.874
0.874
0.663
0.920
0.916
0.961
0.865
0.842
0.703
0.677
0.589
0.812
0.780
0.454
0.701
0.910
0.768
0.309
0.212
0.218
0.103
0.247
0.136
0.466
0.677
0.722
0.735
0.703
0.882
0.864
0.808
0.970
0.975
0.716
0.950
0.939
0.862
0.756
0.638
0.514
0.501
0.427
0.378
0.504
0.552
0.471
0.491
0.514
0.415
0.619
0.556
0.514
0.482
0.575
0.589
0.632
0.694
0.761
0.507
0.454
0.611
0.485
0.561
0.535
0.525
0.573
0.559
0.965
0.850
0.726
0.833
0.692
0.829
0.861
0.854
0.851
0.973
0.979
1.009
0.947
0.777
0.844
0.722
0.542
0.715
0.703
0.818
0.780
0.833
0.724
0.692
0.566
0.678
0.482
0.501
0.535
0.522
0.731
0.694
0.504
0.563
0.477
0.624
0.517
0.212
0.145
0.295
0.000
0.051
0.000
0.178
0.000
0.345
0.580
0.677
0.535
0.527
0.671
0.820
0.773
0.653
0.700
0.709
0.509
0.745
0.751
0.701
0.844
0.847
0.715
0.507
0.647
0.793
0.759
0.861
0.847
0.724
0.856
0.914
0.856
0.808
0.759
0.850
0.880
0.768
0.759
0.831
0.880
0.821
0.813
0.768
0.600
0.575
0.584
0.507
0.793
0.673
0.950
0.961
1.054
0.976
0.983
0.927
0.661
0.609
0.845
0.873
0.829
0.851
0.914
0.946
1.022
0.973
0.919
0.864
0.943
0.988
0.987
0.932
0.853
0.914
0.951
0.897
0.892
0.950
0.970
0.930
0.922
0.836
0.798
0.894
0.940
0.000
0.126
0.680
0.973
0.937
0.901
0.889
0.813
0.871
0.638
0.913
0.696
0.430
0.904
0.768
0.749
0.729
0.682
0.707
0.591
0.787
0.839
0.864
0.867
0.859
0.807
0.834
0.834
0.913
0.847
0.889
0.972
0.979
0.983
0.988
0.989
0.981
1.018
0.975
0.983
0.968
1.005
1.004
0.996
0.469
0.469
0.920
0.395
0.252
0.230
0.145
0.272
0.241
0.145
0.199
0.247
0.185
0.309
0.378
0.411
0.252
0.073
0.360
0.321
0.241
0.212
0.349
0.073
0.418
0.241
0.154
0.241
0.218
0.115
0.257
0.073
0.257
0.329
0.178
0.304
0.178
0.115
0.000
0.178
0.000
0.115
0.000
0.000
0.000
0.051
0.000
0.000
0.073
0.000
0.000
0.000
0.000
0.000
0.000
0.000
0.000
0.000
0.115
0.000
0.000
0.103
0.000
0.103
0.000
0.000
0.000
0.115
0.000
0.000
0.000
0.000
0.000
0.178
0.000
0.000
0.000
0.000
0.000
0.000
0.115
0.103
0.154
0.000
0.000
0.000
0.000
0.000
0.000
0.154
0.051
0.178
0.103
0.000
0.178
0.089
0.154
0.051
0.051
0.000
0.154
0.089
0.000
0.000
0.000
0.089
0.000
0.000
0.000
0.192
0.073
0.000
0.000
0.000
0.000
0.000
0.000
0.000
0.000
0.000
0.000
0.000
0.000
0.000
0.000
0.000
0.000
0.000
0.000
0.000
0.136
0.000
0.000
0.000
0.000
0.286
0.619
0.922
0.953
0.965
1.005
1.004
0.989
0.927
0.840
0.729
0.698
0.651
0.735
0.749
0.816
0.765
0.911
0.924
0.858
0.898
0.892
0.696
0.909
0.934
0.820
0.768
0.932
0.749
0.756
0.829
0.937
1.001
0.972
1.014
1.038
0.989
0.731
0.126
0.163
0.185
0.241
0.136
0.669
0.845
0.892
0.936
0.964
0.983
0.997
0.969
0.937
0.858
0.871
0.663
0.696
0.613
0.651
0.731
0.333
0.519
0.602
0.859
0.798
0.797
0.797
0.934
0.932
0.859
0.651
0.793
0.780
0.747
0.861
0.861
0.862
0.747
0.756
0.752
0.842
0.861
0.880
0.826
0.675
0.554
0.703
0.850
0.810
0.742
0.877
0.765
0.870
0.854
0.367
0.584
0.686
0.795
0.775
0.914
0.803
0.651
0.842
0.853
0.807
0.745
0.894
0.831
0.640
0.630
0.638
0.496
0.636
0.752
0.818
0.678
0.751
0.803
0.943
0.910
0.914
0.867
0.808
0.831
0.870
0.810
0.507
0.126
0.788
0.867
0.941
0.953
0.979
0.992
1.008
0.985
0.969
1.011
0.950
0.999
1.022
0.820
0.770
0.642
0.482
0.501
0.364
0.329
0.374
0.199
0.206
0.291
0.199
0.267
0.277
0.778
0.836
1.031
0.920
0.944
0.941
0.907
0.913
0.901
0.810
0.800
0.640
0.715
0.834
0.768
0.671
0.883
0.820
0.922
0.951
0.996
0.929
0.870
0.602
0.684
0.825
0.783
0.733
0.684
0.474
0.593
0.488
0.556
0.761
0.775
0.606
0.688
0.460
0.675
0.659
0.552
0.642
0.705
0.593
0.773
0.812
0.624
0.640
0.715
0.680
0.615
0.609
0.698
0.611
0.729
0.840
0.726
0.591
0.499
0.474
0.353
0.568
0.617
0.766
0.847
0.589
0.644
0.442
0.544
0.549
0.477
0.715
0.626
0.636
0.671
0.871
0.705
0.858
0.873
0.856
0.747
0.951
0.763
0.694
0.831
0.842
0.602
0.698
0.726
0.842
0.802
0.868
0.834
0.894
0.946
0.733
0.609
0.634
0.651
0.688
0.671
0.868
0.848
0.371
0.522
0.566
0.808
0.738
0.663
0.888
0.636
0.651
0.854
0.575
0.584
0.742
0.537
0.711
0.858
0.812
0.840
0.744
0.793
0.861
0.688
0.768
0.747
0.788
0.638
0.593
0.544
0.745
0.628
0.460
0.325
0.321
0.286
0.408
0.507
0.504
0.563
0.675
0.509
0.580
0.661
0.705
0.661
0.624
0.647
0.688
0.705
0.549
0.568
0.411
0.701
0.512
0.698
0.630
0.448
0.519
0.561
0.535
0.535
0.496
0.507
0.604
0.761
0.754
0.713
0.522
0.577
0.589
0.768
0.705
0.761
0.726
0.630
0.577
0.713
0.624
0.848
0.713
0.586
0.615
0.619
0.790
0.821
0.948
0.975
0.954
0.798
0.891
0.955
0.966
0.975
1.007
0.904
0.692
0.313
0.178
0.115
0.659
0.844
0.897
0.944
0.964
0.517
0.000
0.103
0.115
0.000
0.136
0.000
0.136
0.000
0.000
0.000
0.136
0.000
0.000
0.103
0.073
0.145
0.073
0.000
0.000
0.000
0.000
0.000
0.000
0.000
0.000
0.103
0.000
0.000
0.371
0.000
0.000
0.000
0.000
0.000
0.000
0.000
0.000
0.000
0.000
0.000
0.051
0.000
0.000
0.000
0.000
0.073
0.000
0.325
0.752
0.972
0.936
0.868
0.782
0.763
0.655
0.482
0.752
0.826
0.825
0.694
0.766
0.862
0.853
0.766
0.868
0.800
0.916
0.851
0.726
0.504
0.530
0.624
0.613
0.388
0.547
0.485
0.566
0.686
0.632
0.638
0.763
0.842
0.848
0.577
0.617
0.626
0.448
0.499
0.577
0.405
0.653
0.593
0.586
0.611
0.749
0.773
0.659
0.862
0.815
0.552
0.778
0.532
0.517
0.628
0.678
0.604
0.604
0.655
0.847
0.886
0.907
0.943
0.910
0.904
0.923
0.711
0.692
0.744
0.659
0.892
0.834
0.628
0.803
0.825
0.913
0.894
0.818
0.756
0.854
0.613
0.807
0.761
0.586
0.624
0.661
0.602
0.575
0.735
0.690
0.716
0.501
0.504
0.624
0.705
0.765
0.858
0.756
0.891
0.711
0.736
0.756
0.649
0.673
0.705
0.544
0.554
0.684
0.731
0.507
0.388
0.321
0.277
0.378
0.454
0.727
0.626
0.385
0.628
0.785
0.671
0.634
0.703
0.561
0.795
0.663
0.729
0.535
0.448
0.580
0.609
0.663
0.451
0.448
0.504
0.634
0.636
0.657
0.675
0.600
0.539
0.491
0.684
0.813
0.561
0.491
0.367
0.482
0.392
0.632
0.932
0.929
0.644
0.772
0.692
0.638
0.454
0.457
0.554
0.482
0.698
0.547
0.580
0.703
0.701
0.924
0.985
1.022
0.903
0.837
0.813
0.655
0.726
0.756
0.738
0.864
0.882
0.948
0.932
0.976
0.882
0.724
0.833
0.752
0.747
0.677
0.833
0.911
1.022
0.954
0.900
0.619
0.724
0.663
0.744
0.828
0.812
0.868
0.747
0.744
0.617
0.598
0.790
0.825
0.873
0.829
0.914
0.834
0.923
0.951
0.930
0.901
0.980
0.932
0.983
1.035
1.007
0.993
1.000
1.013
0.955
0.842
0.609
0.491
0.477
0.337
0.436
0.457
0.556
0.661
0.634
0.496
0.632
0.586
0.436
0.325
0.542
0.388
0.474
0.556
0.317
0.272
0.230
0.218
0.206
0.433
0.411
0.509
0.418
0.277
0.439
0.701
0.720
0.532
0.398
0.525
0.433
0.460
0.411
0.522
0.519
0.371
0.606
0.517
0.436
0.436
0.621
0.451
0.353
0.295
0.634
0.617
0.230
0.051
0.073
0.199
0.000
0.356
0.480
0.591
0.544
0.591
0.619
0.595
0.451
0.388
0.349
0.360
0.424
0.402
0.466
0.556
0.460
0.519
0.586
0.530
0.563
0.673
0.385
0.636
0.448
0.349
0.360
0.398
0.733
0.530
0.602
0.552
0.457
0.163
0.000
0.000
0.089
0.051
0.000
0.192
0.000
0.000
0.000
0.073
0.126
0.000
0.089
0.000
0.501
0.770
0.847
0.946
0.941
0.932
1.005
0.948
0.993
0.992
1.001
0.924
0.926
0.954
0.937
0.566
0.758
0.829
0.847
0.831
0.783
0.761
0.577
0.677
0.595
0.408
0.810
0.845
0.919
0.892
0.624
0.675
0.823
0.782
0.882
0.834
0.722
0.773
0.805
0.761
0.803
0.797
0.851
0.868
0.797
0.922
0.833
0.671
0.457
0.544
0.792
0.754
0.766
0.716
0.765
0.913
0.874
0.815
0.844
0.735
0.554
0.566
0.624
0.765
0.807
0.800
0.834
0.653
0.735
0.853
0.761
0.600
0.304
0.136
0.145
0.000
0.103
0.103
0.145
0.171
0.000
0.000
0.000
0.000
0.000
0.000
0.145
0.000
0.000
0.154
0.000
0.000
0.000
0.073
0.000
0.000
0.051
0.000
0.000
0.000
0.000
0.000
0.000
0.115
0.000
0.000
0.000
0.000
0.000
0.145
0.000
0.000
0.000
0.000
0.000
0.000
0.000
0.126
0.000
0.000
0.000
0.000
0.000
0.000
0.000
0.126
0.051
0.000
0.000
0.000
0.000
0.126
0.000
0.000
0.000
0.000
0.051
0.000
0.126
0.000
0.000
0.000
0.051
0.192
0.000
0.000
0.000
0.000
0.000
0.000
0.000
0.051
0.000
0.000
0.000
0.378
0.000
0.000
0.000
0.000
0.000
0.000
0.000
0.469
0.509
0.463
0.418
0.267
0.707
0.573
0.424
0.657
0.675
0.669
0.577
0.436
0.663
0.356
0.300
1.021
0.871
0.903
0.933
0.933
0.981
0.991
0.844
0.940
0.973
0.995
1.025
0.996
1.001
0.939
0.999
0.954
1.012
0.836
0.976
0.981
0.879
1.013
0.966
0.726
0.634
0.800
0.868
0.859
0.751
0.833
0.898
0.940
0.944
0.966
0.861
0.859
0.993
0.955
0.911
0.892
0.873
0.920
1.003
1.001
0.992
1.025
1.003
1.014
1.003
1.001
0.913
0.862
0.867
0.951
0.955
0.882
0.895
0.783
0.895
0.859
0.615
0.457
0.787
0.877
0.874
0.891
0.790
0.818
0.808
0.795
0.803
0.530
0.577
0.709
0.711
0.780
0.766
0.742
0.751
0.870
0.901
0.934
0.922
0.877
0.932
0.930
0.937
0.939
0.965
0.901
0.882
0.678
0.787
0.493
0.460
0.539
0.690
0.735
0.766
0.763
0.744
0.929
0.820
0.703
0.427
0.405
0.408
0.745
0.591
0.713
0.736
0.659
0.788
0.678
0.367
0.544
0.549
0.507
0.544
0.628
0.477
0.398
0.353
0.514
0.424
0.707
0.628
0.636
0.512
0.642
0.636
0.726
0.751
0.770
0.742
0.418
0.649
0.482
0.537
0.752
0.773
0.879
0.941
0.913
0.837
0.813
0.647
0.636
0.740
0.649
0.634
0.638
0.657
0.671
0.752
0.845
0.907
0.991
0.996
0.973
1.004
1.038
0.901
0.868
0.847
0.856
0.880
0.813
0.777
0.820
0.856
0.803
0.772
0.876
0.910
0.844
0.780
0.758
0.778
0.876
0.850
1.030
1.031
0.991
1.007
1.012
1.033
1.000
0.907
0.940
1.001
0.936
0.983
0.871
1.047
0.966
0.970
0.907
0.939
0.973
0.892
0.909
0.813
0.856
0.818
0.820
0.736
0.726
0.532
0.598
0.720
0.828
0.686
0.694
0.788
0.768
0.669
0.535
0.684
0.669
0.745
0.914
0.820
0.834
0.930
0.834
0.703
0.640
0.621
0.573
0.613
0.367
0.602
0.729
0.821
0.787
0.718
0.775
0.927
0.916
0.876
0.720
0.740
0.644
0.816
0.818
0.871
0.877
0.895
0.891
0.808
0.839
0.768
0.747
0.862
0.873
0.724
0.856
0.876
0.595
0.665
0.661
0.626
0.675
0.644
0.552
0.469
0.626
0.736
0.700
0.844
0.842
0.816
0.584
0.740
0.871
0.927
1.000
1.003
1.022
0.992
0.589
0.272
0.321
0.247
0.424
0.257
0.272
0.329
0.353
0.329
0.230
0.325
0.262
0.257
0.378
0.313
0.317
0.247
0.126
0.000
0.073
0.000
0.154
0.115
0.000
0.000
0.000
0.115
0.000
0.103
0.178
0.000
0.000
0.199
0.000
0.224
0.000
0.713
0.954
0.943
0.959
1.014
1.047
0.997
1.012
0.954
0.930
0.944
0.813
0.816
0.808
0.700
0.803
0.772
0.904
0.999
0.752
0.773
0.738
0.816
0.977
0.932
0.997
1.014
0.957
0.964
0.805
0.946
0.837
0.785
0.854
0.820
0.696
0.411
0.713
0.763
0.747
0.803
0.744
0.675
0.729
0.720
0.802
0.542
0.630
0.469
0.615
0.651
0.692
0.787
0.883
0.922
0.959
0.886
0.783
0.707
0.889
0.867
0.837
0.868
0.615
0.800
0.826
0.853
0.792
0.812
0.655
0.867
0.861
0.744
0.879
0.831
0.775
0.873
0.917
0.862
0.923
0.936
0.738
0.954
0.575
0.405
0.573
0.644
0.856
0.813
0.876
0.744
0.829
0.709
0.726
0.509
0.701
0.673
0.628
0.642
0.559
0.522
0.430
0.665
0.805
0.773
0.669
0.865
0.802
0.766
0.584
0.300
0.474
0.257
0.000
0.493
0.405
0.126
0.549
0.321
1.130
0.901
0.916
0.877
0.895
0.840
0.917
1.009
0.964
0.964
0.914
0.985
1.024
1.001
0.983
0.919
0.756
0.961
0.954
0.987
0.951
0.886
0.883
0.851
0.862
0.865
0.929
0.919
0.870
0.880
0.812
0.859
0.904
0.802
0.914
0.904
0.959
0.977
0.941
1.027
0.970
0.844
0.833
0.798
0.700
0.720
0.559
0.826
0.805
0.763
0.772
0.848
0.916
0.842
0.798
0.800
0.820
0.870
0.751
0.675
0.756
0.586
0.718
0.744
0.795
0.812
0.829
0.876
0.894
0.924
0.901
0.944
0.926
0.985
0.995
0.903
0.983
0.981
0.934
0.783
0.955
0.959
0.889
0.909
0.906
0.703
0.731
0.777
0.651
0.845
0.720
0.707
0.667
0.897
0.876
0.825
0.800
0.715
0.544
0.640
0.584
0.512
0.649
0.477
0.561
0.482
0.700
0.785
0.903
0.647
0.904
0.877
0.638
0.756
0.694
0.731
0.829
0.797
0.512
0.563
0.535
0.392
0.466
0.436
0.364
0.381
0.247
0.356
0.371
0.408
0.493
0.552
0.493
0.313
0.673
0.688
0.659
0.602
0.504
0.463
0.593
0.790
0.825
0.577
0.439
0.405
0.418
0.398
0.381
0.469
0.460
0.337
0.451
0.374
0.439
0.304
0.408
0.442
0.512
0.430
0.282
0.341
0.374
0.477
0.485
0.378
0.398
0.385
0.471
0.504
0.547
0.499
0.448
0.507
0.559
0.561
0.471
0.713
0.532
0.493
0.345
0.309
0.360
0.392
0.163
0.573
0.642
0.561
0.577
0.527
0.547
0.408
0.402
0.522
0.385
0.586
0.353
0.522
0.424
0.586
0.547
0.615
0.395
0.421
0.405
0.722
0.661
0.694
0.684
0.568
0.451
0.457
0.241
0.178
0.257
0.218
0.171
0.000
0.262
0.493
0.640
0.655
0.775
0.665
0.797
0.807
0.644
0.636
0.445
0.742
0.772
0.738
0.591
0.530
0.678
0.488
0.480
0.415
0.532
0.718
0.580
0.709
0.445
0.642
0.482
0.527
0.749
0.663
0.589
0.600
0.469
0.381
0.442
0.421
0.154
0.398
0.436
0.580
0.586
0.775
0.726
0.537
0.512
0.677
0.698
0.477
0.984
0.885
0.882
0.996
0.759
0.844
0.740
0.772
0.738
0.756
0.606
0.744
0.727
0.626
0.638
0.758
0.778
0.850
0.680
0.802
0.810
0.663
