0.717
0.000
0.315
0.370
0.283
0.323
0.310
0.237
0.194
0.179
0.000
0.000
0.248
0.073
0.306
0.253
0.283
0.283
0.226
0.288
0.207
0.226
0.253
0.259
0.259
0.302
0.269
0.331
0.310
0.310
0.248
0.155
0.155
0.155
0.231
0.194
0.297
0.283
0.264
0.137
0.494
0.781
0.724
0.704
0.538
0.892
0.750
0.805
0.904
0.847
0.839
0.735
0.908
0.849
0.923
0.884
0.881
0.823
0.889
0.910
0.855
0.878
0.728
0.601
0.762
0.690
0.667
0.743
0.488
0.760
0.451
0.483
0.391
0.623
0.339
0.766
0.759
0.790
0.347
0.557
0.619
0.366
0.601
0.657
0.445
0.391
0.576
0.657
0.724
0.800
0.847
0.930
0.950
0.934
0.950
0.936
0.944
0.956
0.982
1.024
1.010
0.911
0.923
0.878
0.946
0.724
0.798
0.387
0.652
0.860
0.574
0.921
0.943
0.950
1.003
0.968
0.460
0.847
0.815
0.683
0.557
0.726
0.735
0.830
0.778
0.715
0.866
0.800
0.692
0.734
0.661
0.640
0.889
0.788
0.619
0.781
0.677
0.661
0.686
0.608
0.675
0.411
0.603
0.569
0.562
0.743
0.774
0.774
0.759
0.517
0.512
0.474
0.555
0.665
0.728
0.343
0.623
0.499
0.621
0.588
0.594
0.557
0.520
0.686
0.700
0.572
0.499
0.530
0.420
0.512
0.696
0.538
0.960
0.921
0.979
0.686
0.533
0.821
0.898
0.702
0.310
0.619
0.220
0.771
0.823
0.496
0.698
0.766
0.951
0.927
0.962
0.993
0.958
0.896
0.496
0.795
0.884
0.661
0.711
0.773
0.663
0.625
0.753
0.567
0.494
0.488
0.588
0.677
0.800
0.847
0.956
0.965
0.926
0.957
0.880
0.860
0.898
0.800
0.480
0.982
0.971
0.877
0.411
0.373
0.650
0.585
0.569
0.499
0.477
0.370
0.491
0.377
0.411
0.528
0.391
0.420
0.343
0.231
0.507
0.569
0.172
0.073
0.194
0.306
0.445
0.404
0.457
0.377
0.387
0.103
0.327
0.207
0.116
0.347
0.583
0.401
0.560
0.507
0.411
0.442
0.417
0.433
0.436
0.327
0.477
0.507
0.411
0.594
0.592
0.454
0.502
0.499
0.358
0.451
0.612
0.525
0.507
0.471
0.237
0.155
0.103
0.213
0.000
0.000
0.000
0.116
0.172
0.187
0.127
0.164
0.000
0.000
0.220
0.172
0.116
0.000
0.000
0.000
0.000
0.000
0.103
0.000
0.207
0.562
0.545
0.636
0.709
0.886
0.874
0.823
0.448
0.279
0.457
0.665
0.899
0.931
0.889
0.886
0.907
0.896
0.899
0.732
0.790
0.417
0.625
0.451
0.655
0.502
0.445
0.734
0.717
0.836
0.911
0.778
0.485
0.583
0.711
0.762
0.753
0.728
0.741
0.681
0.861
0.857
0.795
0.881
0.939
0.969
0.979
0.940
0.694
0.788
0.845
0.902
0.917
0.984
0.975
0.982
0.982
0.975
0.962
0.743
0.947
0.947
0.946
0.838
0.567
0.913
0.845
0.515
0.797
0.706
0.535
0.743
0.798
0.783
0.387
0.517
0.530
0.463
0.226
0.466
0.417
0.638
0.644
0.913
0.831
0.821
0.849
0.746
0.931
0.852
0.790
0.760
0.755
0.706
0.759
0.764
0.569
0.815
0.816
0.692
0.858
0.896
0.792
0.614
0.737
0.887
0.841
0.640
0.510
0.502
0.696
0.730
0.466
0.767
0.810
0.764
0.847
0.792
0.661
0.816
0.555
0.681
0.642
0.657
0.692
0.621
0.726
0.679
0.397
0.702
0.711
0.665
0.776
0.861
0.895
0.911
0.839
0.619
0.741
0.686
0.769
0.839
0.833
0.920
0.730
0.538
0.812
0.898
0.709
0.543
0.632
0.808
0.904
0.849
0.545
0.394
0.439
0.366
0.351
0.327
0.414
0.297
0.351
0.469
0.248
0.231
0.146
0.194
0.073
0.172
0.259
0.327
0.306
0.220
0.362
0.306
0.370
0.491
0.327
0.351
0.297
0.327
0.397
0.414
0.510
0.248
0.243
0.315
0.397
0.404
0.288
0.213
0.155
0.207
0.220
0.213
0.297
0.194
0.384
0.264
0.274
0.297
0.253
0.146
0.297
0.116
0.243
0.000
0.200
0.331
0.155
0.137
0.226
0.073
0.243
0.237
0.146
0.259
0.103
0.237
0.253
0.264
0.155
0.207
0.259
0.052
0.213
0.243
0.155
0.127
0.116
0.127
0.103
0.000
0.279
0.327
0.407
0.315
0.323
0.283
0.279
0.283
0.279
0.315
0.302
0.264
0.384
0.194
0.366
0.310
0.331
0.302
0.279
0.179
0.293
0.226
0.302
0.306
0.302
0.264
0.279
0.237
0.164
0.259
0.226
0.259
0.243
0.297
0.288
0.297
0.297
0.264
0.264
0.269
0.243
0.297
0.343
0.288
0.315
0.297
0.274
0.137
0.288
0.200
0.347
0.243
0.274
0.297
0.248
0.274
0.274
0.269
0.253
0.283
0.335
0.207
0.274
0.231
0.179
0.331
0.347
0.220
0.269
0.293
0.200
0.231
0.319
0.306
0.253
0.315
0.207
0.288
0.220
0.200
0.279
0.200
0.283
0.269
0.283
0.248
0.297
0.073
0.283
0.339
0.253
0.194
0.187
0.288
0.306
0.293
0.327
0.288
0.213
0.283
0.264
0.302
0.127
0.194
0.194
0.090
0.237
0.187
0.248
0.231
0.237
0.269
0.283
0.248
0.226
0.127
0.073
0.146
0.155
0.259
0.231
0.103
0.259
0.288
0.391
0.172
0.288
0.137
0.000
0.243
0.323
0.264
0.274
0.264
0.226
0.213
0.090
0.243
0.302
0.288
0.231
0.293
0.288
0.226
0.319
0.293
0.164
0.274
0.310
0.288
0.297
0.237
0.226
0.000
0.155
0.297
0.297
0.194
0.335
0.243
0.358
0.220
0.226
0.315
0.231
0.274
0.207
0.253
0.187
0.264
0.116
0.213
0.310
0.274
0.315
0.220
0.207
0.259
0.237
0.259
0.231
0.237
0.283
0.213
0.264
0.310
0.293
0.279
0.194
0.253
0.172
0.274
0.259
0.243
0.231
0.259
0.172
0.283
0.213
0.220
0.179
0.220
0.207
0.231
0.116
0.293
0.323
0.253
0.090
0.253
0.259
0.253
0.137
0.220
0.351
0.343
0.220
0.264
0.283
0.226
0.315
0.248
0.269
0.343
0.315
0.264
0.259
0.279
0.243
0.231
0.297
0.315
0.253
0.231
0.259
0.226
0.243
0.164
0.248
0.248
0.253
0.248
0.269
0.179
0.310
0.248
0.306
0.220
0.293
0.194
0.200
0.243
0.226
0.187
0.207
0.237
0.164
0.213
0.335
0.213
0.264
0.179
0.194
0.253
0.274
0.200
0.000
0.179
0.155
0.164
0.259
0.283
0.297
0.243
0.200
0.237
0.194
0.253
0.310
0.319
0.187
0.207
0.248
0.237
0.116
0.187
0.116
0.237
0.155
0.207
0.220
0.293
0.090
0.323
0.164
0.315
0.000
0.264
0.283
0.288
0.288
0.274
0.264
0.279
0.283
0.269
0.213
0.283
0.155
0.302
0.137
0.253
0.207
0.248
0.155
0.259
0.237
0.231
0.220
0.269
0.283
0.237
0.248
0.073
0.179
0.248
0.343
0.253
0.207
0.207
0.302
0.155
0.052
0.146
0.000
0.146
0.179
0.187
0.146
0.306
0.310
0.155
0.172
0.315
0.327
0.253
0.401
0.523
0.343
0.323
0.231
0.283
0.200
0.237
0.283
0.335
0.200
0.253
0.226
0.269
0.213
0.220
0.207
0.279
0.243
0.207
0.306
0.179
0.220
0.283
0.274
0.297
0.315
0.315
0.253
0.127
0.207
0.243
0.137
0.302
0.137
0.164
0.207
0.146
0.237
0.127
0.200
0.000
0.248
0.231
0.319
0.187
0.302
0.264
0.226
0.243
0.155
0.137
0.207
0.207
0.000
0.000
0.226
0.179
0.179
0.000
0.000
0.243
0.137
0.127
0.116
0.103
0.327
0.179
0.155
0.052
0.127
0.000
0.052
0.000
0.000
0.000
0.127
0.000
0.000
0.000
0.000
0.000
0.724
0.657
0.864
0.692
0.780
0.728
0.677
0.734
0.625
0.785
0.769
0.943
0.808
0.339
0.567
0.834
0.454
0.581
0.785
0.910
0.920
0.931
0.951
0.972
0.958
0.975
0.920
0.889
0.828
0.762
0.803
0.550
0.612
0.485
0.776
0.610
0.805
0.924
0.950
0.962
0.818
0.863
0.783
0.735
0.601
0.818
0.857
0.507
0.875
0.769
0.636
0.677
0.293
0.606
0.407
0.187
0.187
0.417
0.213
0.000
0.172
0.820
0.834
0.923
0.717
0.706
0.730
0.717
0.700
0.685
0.685
0.793
0.805
0.663
0.671
0.773
0.728
0.769
0.812
0.774
0.974
0.920
0.785
0.632
0.671
0.504
0.417
0.366
0.355
0.306
0.155
0.226
0.200
0.433
0.698
0.746
0.813
0.594
0.845
0.872
0.808
0.808
0.515
0.659
0.659
0.711
0.813
0.869
0.528
0.362
0.702
0.907
0.962
0.960
0.937
1.002
0.994
0.948
0.991
0.908
0.939
0.826
0.863
0.946
0.951
0.860
0.821
0.528
0.661
0.721
0.753
0.696
0.831
0.867
0.841
0.864
0.619
0.781
0.807
0.810
0.860
0.659
0.823
0.757
0.646
0.636
0.790
0.692
0.625
0.572
0.557
0.548
0.648
0.581
0.755
0.940
0.899
0.667
0.743
0.895
0.788
0.698
0.901
0.960
0.764
0.297
0.839
0.929
0.917
0.901
0.918
0.864
0.902
0.931
0.947
0.960
0.980
0.956
0.855
0.485
0.762
0.752
0.557
0.700
0.638
0.339
0.293
0.179
0.264
0.213
0.283
0.507
0.752
0.820
0.717
0.560
0.420
0.491
0.483
0.677
0.847
0.808
0.936
0.990
0.923
0.863
0.690
0.723
0.530
0.594
0.362
0.778
0.808
0.659
0.836
0.583
0.737
0.640
0.366
0.407
0.231
0.530
0.370
0.726
0.619
0.830
0.523
0.737
0.739
0.767
0.512
0.362
0.343
0.753
0.669
0.823
0.726
0.717
0.688
0.557
0.523
0.585
0.460
0.717
0.911
0.790
0.820
0.860
0.543
0.638
0.855
0.884
0.769
0.810
0.842
0.834
0.812
0.797
0.861
0.771
0.704
0.750
0.507
0.384
0.592
0.515
0.713
0.721
0.762
0.530
0.608
0.759
0.424
0.457
1.034
0.612
0.194
0.488
0.899
0.860
0.560
0.723
0.792
0.665
0.706
0.445
0.427
0.331
0.358
0.293
0.231
0.226
0.073
0.355
0.477
0.269
0.373
0.726
0.711
0.550
0.404
0.483
0.430
0.439
0.401
0.259
0.323
0.499
0.442
0.248
0.384
0.323
0.583
0.213
0.288
0.574
0.704
0.717
0.451
0.702
0.921
0.847
0.665
0.629
0.445
0.650
0.331
0.213
0.331
0.000
0.259
0.146
0.127
0.116
0.146
0.103
0.339
0.517
0.310
0.327
0.430
0.373
0.288
0.417
0.391
0.401
0.391
0.460
0.439
0.424
0.407
0.417
0.504
0.404
0.523
0.439
0.579
0.562
0.417
0.588
0.430
0.274
0.483
0.510
0.610
0.592
0.517
0.533
0.517
0.540
0.567
0.480
0.585
0.319
0.414
0.512
0.463
0.424
0.231
0.401
0.397
0.474
0.585
0.417
0.523
0.315
0.659
0.366
0.331
0.491
0.574
0.499
0.457
0.517
0.424
0.502
0.530
0.603
0.259
0.358
0.366
0.310
0.480
0.237
0.274
0.200
0.146
0.116
0.000
0.116
0.000
0.339
0.339
0.411
0.366
0.724
0.601
0.411
0.362
0.567
0.451
0.457
0.499
0.502
0.599
0.394
0.373
0.288
0.306
0.404
0.417
0.306
0.269
0.306
0.373
0.448
0.581
0.414
0.417
0.187
0.237
0.351
0.269
0.343
0.319
0.253
0.220
0.608
0.583
0.343
0.420
0.384
0.567
0.767
0.599
0.319
0.319
0.404
0.315
0.411
0.394
0.585
0.810
0.896
0.939
0.947
0.869
0.679
0.533
0.614
0.538
0.709
0.623
0.588
0.728
0.841
0.735
0.842
0.790
0.818
0.805
0.785
0.807
0.957
0.762
0.640
0.623
0.849
0.760
0.730
0.881
0.802
0.657
0.424
0.590
0.659
0.842
0.815
0.944
0.950
0.899
0.852
0.702
0.728
0.760
0.706
0.688
0.690
0.759
0.744
0.773
0.855
0.872
0.901
0.899
0.950
0.905
0.941
0.890
0.753
0.730
0.617
0.451
0.581
0.861
0.874
0.902
0.896
0.901
0.732
0.715
0.704
0.358
0.673
0.813
0.853
0.790
0.454
0.530
0.603
0.574
0.757
0.812
0.603
0.560
0.826
0.861
0.721
0.767
0.696
0.650
0.805
0.679
0.569
0.528
0.507
0.560
0.569
0.315
0.741
0.634
0.597
0.469
0.726
0.535
0.597
0.397
0.293
0.540
0.723
0.469
0.704
0.603
0.702
0.562
0.739
0.896
0.847
0.913
0.890
0.920
0.798
0.288
0.585
0.741
0.825
0.780
0.463
0.583
0.523
0.694
0.665
0.764
0.619
0.457
0.451
0.370
0.288
1.154
1.048
0.771
0.905
0.483
0.890
0.883
0.724
0.698
0.883
0.989
0.950
0.967
0.946
0.669
0.785
0.883
0.869
0.380
0.737
0.679
0.610
0.590
0.688
0.692
0.764
0.530
0.530
0.663
0.491
0.331
0.831
0.466
0.669
0.362
0.460
0.826
0.679
0.821
0.755
0.908
0.673
0.860
0.706
0.753
0.655
0.000
0.681
0.902
0.904
0.944
0.907
0.931
0.911
0.828
0.576
0.636
0.702
0.603
0.411
0.523
0.439
0.302
0.572
0.550
0.471
0.373
0.391
0.283
0.310
0.358
0.310
0.424
0.319
0.226
0.397
0.474
0.293
0.483
0.103
0.052
0.000
0.164
0.116
0.310
0.293
0.146
0.347
0.253
0.454
0.358
0.315
0.454
0.351
0.347
0.355
0.404
0.306
0.358
0.436
0.540
0.394
0.545
0.567
0.555
0.297
0.491
0.207
0.599
0.594
0.627
0.597
0.483
0.155
0.103
0.288
0.614
0.496
0.686
0.540
0.302
0.698
0.665
0.540
0.627
0.401
0.343
0.646
0.717
0.523
0.667
0.457
0.579
0.436
0.769
0.621
0.414
0.617
0.606
0.634
0.675
0.550
0.673
0.665
0.592
0.448
0.343
0.362
0.407
0.494
0.469
0.448
0.269
0.315
0.603
0.439
0.306
0.387
0.436
0.283
0.448
0.288
0.274
0.339
0.420
0.512
0.414
0.293
0.274
0.310
0.288
0.302
0.377
0.404
0.417
0.391
0.274
0.358
0.567
0.445
0.237
0.358
0.448
0.454
0.510
0.696
0.704
0.391
0.530
0.179
0.499
0.414
0.427
0.220
0.155
0.179
0.397
0.608
0.617
0.623
0.594
0.692
0.499
0.488
0.347
0.288
0.397
0.343
0.370
0.552
0.339
0.483
0.610
0.411
0.569
0.460
0.420
0.297
0.515
0.540
0.683
0.686
0.540
0.588
0.659
0.507
0.288
0.248
0.351
0.525
0.433
0.560
0.623
0.614
0.663
0.661
0.394
0.579
0.533
0.488
0.480
0.592
0.315
0.384
0.463
0.237
0.306
0.319
0.627
0.310
0.442
0.504
0.634
0.608
0.339
0.370
0.576
0.515
0.552
0.644
0.786
0.599
0.387
0.540
0.466
0.538
0.297
0.667
0.512
0.460
0.790
0.783
0.724
0.774
0.841
0.614
0.520
0.702
0.698
0.719
0.788
0.820
0.828
0.939
0.845
0.820
0.816
0.920
0.898
0.773
0.424
0.583
0.610
0.504
0.420
0.253
0.269
0.000
0.052
0.207
0.445
0.698
0.884
0.836
0.893
0.857
0.723
0.627
0.454
0.543
0.625
0.606
0.805
0.815
0.898
0.933
0.969
0.997
0.993
0.982
0.958
0.950
0.474
0.915
0.915
0.870
0.302
0.778
0.937
0.940
0.990
0.947
0.619
0.743
0.685
0.655
0.795
0.764
0.550
0.802
0.853
0.785
0.603
0.644
0.642
0.771
0.818
0.474
0.652
0.834
0.857
0.665
0.692
0.665
0.677
0.623
0.373
0.401
0.642
0.436
0.515
0.548
0.713
0.557
0.471
0.469
0.585
0.466
0.523
0.469
0.614
0.411
0.603
0.517
0.259
0.788
0.652
0.632
0.648
0.504
0.644
0.732
0.576
0.433
0.728
0.709
0.788
0.688
0.663
0.557
0.739
0.638
0.634
0.632
0.786
0.753
0.675
0.617
0.700
0.648
0.757
0.803
0.690
0.667
0.690
0.603
0.717
0.555
0.976
0.857
0.877
0.858
0.857
0.886
0.821
0.915
0.874
0.844
0.640
0.297
0.315
0.127
0.248
0.155
0.644
0.810
0.517
0.370
0.694
0.535
0.748
0.646
0.384
0.293
0.339
0.617
0.608
0.417
0.397
0.463
0.339
0.436
0.499
0.373
0.496
0.373
0.302
0.530
0.597
0.293
0.552
0.394
0.445
0.474
0.530
0.448
0.327
0.264
0.474
0.540
0.179
0.220
0.103
0.560
0.460
0.491
0.510
0.709
0.401
0.293
0.220
0.269
0.380
0.366
0.477
0.327
0.634
0.528
0.439
0.420
0.397
0.709
0.474
0.588
0.552
0.427
0.397
0.394
0.394
0.601
0.603
0.469
0.623
0.590
0.414
0.685
0.640
0.576
0.494
0.669
0.564
0.601
0.494
0.436
0.585
0.564
0.448
0.477
0.469
0.588
0.610
0.457
0.507
0.384
0.366
0.373
0.362
0.457
0.496
0.460
0.355
0.488
0.448
0.366
0.466
0.488
0.387
0.442
0.474
0.323
0.362
0.502
0.327
0.564
0.404
0.404
0.335
0.550
0.671
0.454
0.411
0.625
0.494
0.642
0.543
0.433
0.683
0.460
0.331
0.339
0.694
0.436
0.213
0.000
0.116
0.283
0.103
0.000
0.073
0.000
0.000
0.127
0.000
0.384
0.259
0.000
0.000
0.213
0.000
0.052
0.073
0.073
0.000
0.000
0.000
0.000
0.137
0.000
0.000
0.000
0.000
0.103
0.000
0.000
0.090
0.000
0.000
0.073
0.127
0.000
0.000
0.137
0.000
0.000
0.000
0.000
0.000
0.200
0.187
0.164
0.000
0.000
0.000
0.000
0.000
0.000
0.000
0.000
0.000
0.000
0.000
0.000
0.231
0.000
0.000
0.127
0.274
0.474
0.397
0.248
0.293
0.194
0.319
0.220
0.116
0.146
0.146
0.127
0.200
0.274
0.293
0.103
0.194
0.194
0.237
0.248
0.207
0.213
0.164
0.137
0.146
0.179
0.187
0.293
0.264
0.200
0.187
0.248
0.155
0.103
0.146
0.155
0.237
0.253
0.358
0.000
0.253
0.226
0.103
0.116
0.000
0.127
0.164
0.226
0.164
0.000
0.146
0.116
0.248
0.283
0.164
0.297
0.297
0.253
0.264
0.220
0.179
0.279
0.269
0.179
0.000
0.179
0.264
0.164
0.179
0.283
0.297
0.237
0.439
0.220
0.283
0.137
0.146
0.146
0.335
0.283
0.243
0.331
0.155
0.315
0.220
0.237
0.248
0.237
0.231
0.237
0.293
0.323
0.000
0.213
0.155
0.000
0.172
0.000
0.000
0.172
0.155
0.323
0.187
0.269
0.231
0.310
0.319
0.319
0.306
0.319
0.127
0.343
0.339
0.302
0.264
0.103
0.226
0.243
0.319
0.288
0.306
0.347
0.319
0.335
0.264
0.283
0.339
0.226
0.310
0.347
0.274
0.103
0.279
0.283
0.164
0.274
0.306
0.000
0.288
0.172
0.302
0.164
0.264
0.269
0.319
0.253
0.226
0.264
0.226
0.231
0.155
0.127
0.297
0.237
0.155
0.179
0.000
0.000
0.000
0.259
0.259
0.288
0.000
0.231
0.000
0.194
0.226
0.073
0.226
0.471
0.127
0.000
0.172
0.146
0.155
0.073
0.000
0.466
0.721
0.834
0.874
0.771
0.488
0.457
0.638
0.755
0.760
0.610
0.704
0.734
0.872
0.744
0.673
0.706
0.759
0.719
0.373
0.759
0.700
0.557
0.719
0.713
0.686
0.813
0.730
0.753
0.391
0.572
0.694
0.548
0.863
0.692
0.821
0.746
0.828
0.711
0.579
0.485
0.552
0.646
0.704
0.869
0.927
0.944
0.967
1.006
0.946
0.936
0.905
0.310
0.673
0.833
0.937
0.972
0.999
0.930
0.424
0.820
0.746
0.845
0.723
0.706
0.803
0.783
0.797
0.685
0.373
0.694
0.517
0.934
0.793
0.931
0.550
0.439
0.723
0.663
0.870
0.504
0.737
0.739
0.502
0.700
0.629
0.606
0.849
0.823
0.841
0.778
0.813
0.744
0.711
0.802
0.831
0.741
0.847
0.821
0.816
0.741
0.594
0.638
0.808
0.659
0.319
0.646
0.625
0.636
0.599
0.692
0.717
0.533
0.499
0.407
0.347
0.343
0.243
0.319
0.339
0.471
0.243
0.226
0.000
0.288
0.000
0.090
0.164
0.073
0.315
0.172
0.194
0.179
0.407
0.288
0.237
0.172
0.164
0.172
0.172
0.187
0.274
0.179
0.213
0.090
0.355
0.000
0.137
0.090
0.380
0.319
0.373
0.404
0.427
0.614
0.323
0.454
0.520
0.366
0.397
0.362
0.507
0.355
0.380
0.445
0.073
0.116
0.155
0.000
0.103
0.000
0.052
0.000
0.000
0.000
0.700
0.757
0.780
0.834
0.717
0.454
0.535
0.599
0.599
0.420
0.530
0.673
0.692
0.797
0.734
0.780
0.515
0.685
0.686
0.717
0.719
0.692
0.579
0.632
0.661
0.634
0.588
0.496
0.617
0.474
0.560
0.750
0.679
0.619
0.574
0.726
0.460
0.696
0.564
0.634
0.469
0.397
0.673
0.769
0.755
0.857
0.857
0.901
0.833
0.850
0.711
0.842
0.866
0.774
0.790
0.702
0.528
0.512
0.515
0.366
0.700
0.648
0.760
0.764
0.774
0.877
0.956
1.007
1.001
0.926
0.601
0.741
0.530
0.899
0.910
1.003
0.911
0.853
0.893
0.905
0.926
0.939
0.931
0.948
0.968
0.987
0.984
0.972
0.967
0.950
0.904
0.783
0.803
0.700
0.339
0.474
0.650
0.310
0.073
0.073
0.000
0.052
0.073
0.000
0.000
0.000
0.179
0.103
0.000
0.052
0.000
0.000
0.052
0.000
0.213
0.000
0.187
0.103
0.000
0.187
0.000
0.000
0.000
0.052
0.000
0.000
0.000
0.560
0.545
0.164
0.283
0.000
0.000
0.000
0.000
0.052
0.000
0.052
0.000
0.237
0.000
0.187
0.090
0.000
0.000
0.164
0.555
0.572
0.629
0.663
0.816
0.839
0.698
0.786
0.803
0.818
0.766
0.669
0.805
0.805
0.671
0.860
0.901
0.895
0.869
0.767
0.394
0.283
0.269
0.603
0.523
0.808
0.728
0.548
0.648
0.764
0.884
0.834
0.579
0.845
0.870
0.965
0.982
0.860
0.931
0.778
0.816
0.677
0.543
0.669
0.715
0.831
0.861
0.889
0.911
0.921
0.998
0.956
0.525
0.748
0.739
0.946
0.993
0.972
0.823
0.576
0.625
0.491
0.548
0.694
0.351
0.331
0.494
0.220
0.253
0.172
0.000
0.146
0.127
0.155
0.319
0.237
0.179
0.137
0.137
0.000
0.000
0.000
0.000
0.207
0.000
0.000
0.000
0.137
0.073
0.000
0.000
0.000
0.000
0.194
0.155
0.187
0.137
0.073
0.000
0.000
0.000
0.000
0.073
0.000
0.226
0.146
0.137
0.000
0.000
0.146
0.000
0.172
0.000
0.000
0.000
0.000
0.155
0.000
0.000
0.052
0.000
0.000
0.269
0.248
0.000
0.000
0.000
0.116
0.000
0.000
0.000
0.000
0.000
0.000
0.000
0.137
0.207
0.200
0.000
0.137
0.000
0.000
0.000
0.000
0.000
0.116
0.000
0.090
0.052
0.073
0.103
0.000
0.000
0.000
0.127
0.000
0.000
0.000
0.000
0.000
0.000
0.000
0.000
0.000
0.116
0.164
0.000
0.000
0.127
0.000
0.000
0.172
0.052
0.000
0.155
0.155
0.000
0.000
0.000
0.000
0.000
0.000
0.127
0.000
0.000
0.000
0.000
0.073
0.179
0.000
0.000
0.000
0.090
0.000
0.000
0.000
0.000
0.000
0.000
0.315
0.000
0.000
0.155
0.194
0.127
0.000
0.000
0.000
0.000
0.073
0.000
0.000
0.000
0.000
0.207
0.000
0.248
0.000
0.000
0.000
0.000
0.000
0.000
0.207
0.146
0.164
0.000
0.000
0.000
0.000
0.000
0.000
0.000
0.000
0.000
0.146
0.000
0.052
0.155
0.000
0.000
0.000
0.000
0.000
0.000
0.155
0.116
0.146
0.000
0.146
0.103
0.000
0.000
0.000
0.000
0.000
0.000
0.000
0.155
0.000
0.000
0.000
0.000
0.000
0.000
0.164
0.000
0.000
0.000
0.000
0.000
0.000
0.000
0.000
0.000
0.000
0.000
0.000
0.000
0.000
0.172
0.000
0.146
0.000
0.000
0.000
0.000
0.000
0.000
0.116
0.000
0.052
0.052
0.000
0.103
0.000
0.000
0.000
0.000
0.000
0.103
0.103
0.000
0.000
0.000
0.000
0.000
0.000
0.000
0.000
0.000
0.000
0.000
0.000
0.000
0.000
0.052
0.000
0.000
0.000
0.000
0.052
0.073
0.000
0.259
0.000
0.000
0.000
0.000
0.000
0.000
0.000
0.000
0.000
0.000
0.000
0.000
0.000
0.000
0.000
0.000
0.000
0.000
0.000
0.000
0.000
0.000
0.000
0.000
0.000
0.000
0.000
0.000
0.000
0.000
0.000
0.000
0.000
0.000
0.103
0.000
0.000
0.000
0.000
0.000
0.000
0.000
0.000
0.000
0.000
0.000
0.000
0.000
0.000
0.000
0.000
0.279
0.384
0.243
0.319
0.327
0.000
0.231
0.491
0.391
0.231
0.597
0.572
0.724
0.821
0.769
0.790
0.760
0.638
0.634
0.535
0.709
0.642
0.543
0.683
0.692
0.698
0.436
0.671
0.735
0.599
0.454
0.384
0.347
0.411
0.520
0.259
0.667
0.585
0.502
0.436
0.588
0.679
0.315
0.533
0.439
0.525
0.572
0.488
0.315
0.520
0.540
0.420
0.377
0.302
0.569
0.424
0.978
0.000
0.331
0.702
0.759
0.739
0.297
0.155
0.671
0.427
0.302
0.477
0.632
0.463
0.592
0.786
0.850
0.834
0.878
0.950
0.860
0.466
0.913
0.950
0.867
0.807
0.520
0.940
0.947
0.991
0.986
0.964
0.997
0.946
0.978
0.934
0.863
0.675
0.702
0.820
0.924
0.708
0.673
0.752
0.834
0.638
0.692
0.439
0.685
0.773
0.896
0.797
0.857
0.339
0.760
0.621
0.798
0.803
0.719
0.504
0.552
0.572
0.669
0.709
0.813
0.918
0.774
0.669
0.485
0.686
0.872
0.679
0.788
0.743
0.875
0.918
0.948
0.951
0.920
0.934
0.943
1.009
0.990
0.884
0.807
0.659
0.640
0.735
0.638
0.474
0.634
0.685
0.744
0.901
0.983
0.987
0.987
0.969
0.910
0.711
0.831
0.362
0.907
0.890
0.737
0.636
0.792
0.793
0.724
0.708
0.737
0.764
0.661
0.659
0.636
0.612
0.723
0.499
0.753
0.677
0.655
0.838
0.688
0.877
0.585
0.579
0.776
0.808
0.929
0.910
0.646
0.436
0.679
0.588
0.728
0.717
0.471
0.483
0.572
0.623
0.621
0.530
0.404
0.323
0.451
0.439
0.391
0.315
0.355
0.427
0.384
0.404
0.366
0.445
0.533
0.430
0.427
0.480
0.552
0.442
0.226
0.248
0.231
0.391
0.366
0.231
0.253
0.343
0.766
0.451
0.331
0.414
0.355
0.373
0.319
0.445
0.164
0.137
0.237
0.253
0.417
0.790
0.612
0.663
0.259
0.279
0.780
0.709
0.675
0.283
0.726
0.673
0.702
0.627
0.560
0.629
0.704
0.533
0.650
0.590
0.599
0.335
0.358
0.590
0.675
0.735
0.636
0.623
0.802
0.831
0.757
0.816
0.663
0.550
0.773
0.612
0.535
0.520
0.608
0.614
0.606
0.675
1.130
0.999
0.677
0.274
0.269
0.650
0.555
0.750
0.625
0.671
0.572
0.667
0.548
0.517
0.640
0.579
0.517
0.663
0.560
0.485
0.485
0.632
0.675
0.592
1.048
0.923
0.721
0.793
0.850
0.454
0.675
0.850
0.502
0.373
0.380
0.366
0.394
0.387
0.454
0.494
0.442
0.391
0.488
0.401
0.474
0.619
0.732
0.469
0.414
0.424
0.000
0.237
0.237
0.200
0.000
0.000
0.000
0.146
0.000
0.103
0.052
0.103
0.000
0.137
0.000
0.052
0.000
0.127
0.000
0.000
0.000
0.000
0.000
0.000
0.000
0.164
0.073
0.000
0.000
0.000
0.000
0.000
0.000
0.146
0.116
0.000
0.090
0.000
0.377
0.588
0.610
0.834
0.767
0.433
0.569
0.424
0.471
0.545
0.552
0.560
0.569
0.581
0.528
0.545
0.535
0.494
0.391
0.562
0.355
0.454
0.339
0.496
0.387
0.485
0.648
0.711
0.599
0.767
0.623
0.625
0.608
0.735
0.884
0.711
0.555
0.721
0.606
0.603
0.752
0.667
0.810
0.813
0.588
0.739
0.920
0.941
0.797
0.760
0.917
0.715
0.783
0.743
0.594
0.671
0.540
0.560
0.608
0.590
0.302
0.667
0.723
0.893
0.795
0.910
0.913
0.951
0.875
0.910
0.878
0.614
0.803
0.585
0.724
0.717
0.619
0.864
0.690
0.883
0.915
0.940
0.886
0.780
0.673
0.564
0.555
0.477
0.592
0.692
0.538
0.373
0.665
0.617
0.594
0.833
0.874
0.961
0.946
0.918
0.849
0.723
0.588
0.585
0.548
0.757
0.812
1.041
1.007
0.842
0.629
0.663
0.581
0.711
0.603
0.623
0.625
0.463
0.704
0.454
0.540
0.686
0.663
0.632
1.069
0.934
0.743
0.243
0.669
0.774
0.719
0.535
0.711
0.585
0.608
1.018
0.802
0.785
0.704
0.730
0.451
0.671
0.621
0.650
0.517
0.480
0.555
0.717
0.650
0.698
0.599
0.442
0.614
0.585
0.355
0.644
0.709
1.035
0.924
0.875
0.821
0.788
0.574
0.721
0.769
0.838
0.732
0.648
0.644
0.665
0.567
0.825
0.886
0.875
0.792
0.853
0.642
0.638
0.634
0.717
0.723
0.807
0.795
0.627
0.179
0.293
0.411
0.302
0.243
0.306
0.264
0.439
0.302
0.315
0.343
0.137
0.231
0.172
0.146
0.146
0.279
0.000
0.000
0.220
0.283
0.000
0.000
0.274
0.155
0.155
0.231
0.323
0.512
0.504
0.362
0.548
0.448
0.306
0.439
0.619
0.483
0.335
0.669
0.496
0.603
0.451
0.391
0.417
0.528
0.463
0.669
0.715
0.677
0.448
0.427
0.550
0.590
0.606
0.355
0.445
0.557
0.601
0.581
0.366
0.401
0.692
0.650
0.562
0.579
0.474
0.535
0.576
0.592
0.439
0.694
0.557
0.552
0.451
0.504
0.523
0.358
0.708
0.638
0.515
0.686
0.377
0.463
0.650
0.548
0.606
0.471
0.535
0.366
0.335
0.116
0.164
0.000
0.220
0.000
0.397
0.675
0.638
0.715
0.723
0.621
0.659
0.512
0.370
0.362
0.445
0.343
0.730
0.617
0.667
0.753
0.612
0.502
0.706
0.816
0.795
0.655
0.690
0.759
0.767
0.870
0.878
0.855
0.849
0.826
0.850
0.810
0.606
0.659
0.671
0.661
0.726
0.696
0.839
0.847
0.807
0.860
0.683
0.623
0.800
0.786
0.679
0.821
0.807
0.875
0.810
0.890
0.845
0.836
0.802
0.780
0.788
0.750
0.719
0.579
0.427
0.517
0.448
0.343
0.601
0.510
0.445
0.574
0.702
0.849
0.818
0.914
0.934
0.778
0.543
0.533
0.623
0.594
0.528
0.523
0.621
0.581
0.610
0.610
0.683
0.640
0.778
0.721
0.883
0.899
0.895
0.917
0.933
0.652
0.424
0.650
0.310
0.560
0.825
0.881
0.739
0.874
0.323
0.792
0.743
0.813
0.896
0.813
0.883
0.815
0.708
0.883
0.767
0.581
0.525
0.538
0.552
0.515
0.590
0.517
0.480
0.638
0.694
0.917
1.013
0.813
0.816
0.786
0.741
0.735
0.671
0.548
0.164
0.617
0.792
0.650
0.797
0.864
0.638
0.588
0.510
0.665
0.636
0.723
0.776
0.802
0.638
0.550
0.483
0.491
0.657
0.659
0.394
0.778
0.673
0.785
0.638
0.343
0.642
0.798
0.798
0.880
0.847
0.870
0.886
0.867
0.830
0.781
0.711
0.800
0.744
0.823
0.510
0.692
0.552
0.499
0.496
0.562
0.755
0.625
0.592
0.766
0.579
0.776
0.515
0.564
1.201
1.026
0.343
0.567
0.792
0.732
0.793
0.543
0.792
0.715
0.834
0.960
0.567
0.520
0.545
0.463
0.510
0.599
0.841
0.679
0.627
0.557
0.512
0.540
0.355
0.243
0.200
0.200
0.734
0.766
0.844
0.726
0.659
0.597
0.808
0.650
0.724
0.279
0.279
0.231
0.146
0.253
0.179
0.384
0.454
0.533
0.347
0.469
0.466
0.339
0.474
0.323
0.397
0.485
0.454
0.253
0.297
0.380
0.315
0.488
0.477
0.629
0.545
0.394
0.424
0.323
0.451
0.319
0.264
0.362
0.243
0.535
0.552
0.510
0.502
0.474
0.612
0.557
0.499
0.617
0.538
0.460
0.728
0.667
0.583
0.343
0.496
0.457
0.407
0.362
0.404
0.474
0.594
0.323
0.253
0.414
0.387
0.545
0.488
0.384
0.394
0.404
0.414
0.535
0.480
0.533
0.669
0.700
0.621
0.621
0.391
0.355
0.525
0.331
0.283
0.471
0.457
0.373
0.387
0.248
0.358
0.414
0.172
0.000
0.127
0.090
0.207
0.164
0.164
0.657
0.528
0.331
0.213
0.146
0.411
0.380
0.343
0.445
0.540
0.533
0.394
0.323
0.564
0.538
0.619
0.442
0.391
0.164
0.116
0.253
0.155
0.000
0.146
0.194
0.052
0.090
0.052
0.073
0.231
0.000
0.000
0.073
0.155
0.116
0.179
0.000
0.000
0.073
0.000
0.146
0.137
0.146
0.548
0.494
0.590
0.264
0.293
0.327
0.499
0.343
0.380
0.538
0.499
0.401
0.538
0.380
0.601
0.530
0.480
0.564
0.347
0.323
0.634
0.387
0.302
0.288
0.288
0.179
0.127
0.231
0.231
0.259
0.237
0.127
0.000
0.627
0.574
0.411
0.315
0.477
0.502
0.517
0.619
0.627
0.488
0.533
0.397
0.463
0.494
0.483
0.288
0.439
0.237
0.283
0.302
0.146
0.248
0.274
0.155
0.116
0.207
0.127
0.288
0.612
0.717
0.466
0.477
0.463
0.269
0.137
0.231
0.274
0.407
0.000
0.339
0.485
0.384
0.610
0.499
0.351
0.259
0.226
0.137
0.137
0.179
0.200
0.610
0.548
0.669
0.401
0.366
0.445
0.362
0.377
0.477
0.343
0.427
0.384
0.407
0.323
0.439
0.445
0.164
0.237
0.366
0.248
0.454
0.588
0.387
0.655
0.370
0.343
0.347
0.520
0.732
0.690
0.721
0.384
0.560
0.433
0.401
0.297
0.601
0.384
0.404
0.659
0.510
0.617
0.535
0.430
0.454
0.448
0.439
0.560
0.448
0.433
0.427
0.488
0.401
0.533
0.621
0.510
0.433
0.451
0.457
0.259
0.187
0.137
0.319
0.220
0.213
0.259
0.545
0.480
0.442
0.302
0.302
0.606
0.442
0.420
0.579
0.520
0.504
0.485
0.569
0.517
0.445
0.414
0.407
0.306
0.366
0.259
0.417
0.380
0.297
0.343
0.293
0.488
0.515
0.335
0.343
0.480
0.445
0.474
0.448
0.362
0.269
0.288
0.237
0.433
0.401
0.520
0.548
0.351
0.327
0.248
0.485
0.590
0.164
0.116
0.488
0.557
0.433
0.448
0.302
0.248
0.264
0.264
0.448
0.306
0.499
0.417
0.430
0.391
0.411
0.343
0.331
0.200
0.274
0.411
0.485
0.480
0.436
0.315
0.253
0.555
0.663
0.692
0.778
0.737
0.917
0.947
0.951
0.946
0.975
0.958
0.964
0.860
0.864
0.762
0.377
0.698
0.439
0.373
0.327
0.362
0.407
0.279
0.358
0.207
0.283
0.207
0.194
0.362
0.264
0.293
0.207
0.297
0.407
0.200
0.335
0.220
0.259
0.310
0.380
0.164
0.200
0.103
0.207
0.000
0.000
0.000
0.000
0.052
0.231
0.146
0.103
0.000
0.000
0.090
0.116
0.000
0.000
0.000
0.000
0.000
0.000
0.000
0.000
0.187
0.090
0.103
0.000
0.090
0.000
0.103
0.000
0.000
0.000
0.146
0.090
0.146
0.000
0.137
0.146
0.194
0.127
0.137
0.000
0.000
0.000
0.000
0.000
0.000
0.000
0.000
0.000
0.000
0.103
0.000
0.000
0.000
0.335
0.000
0.000
0.000
0.127
0.000
0.000
0.000
0.000
0.164
0.000
0.116
0.000
0.000
0.000
0.000
0.090
0.000
0.000
0.000
0.000
0.000
0.000
0.172
0.137
0.000
0.000
0.000
0.000
0.000
0.000
0.000
0.000
0.000
0.000
0.000
0.073
0.000
0.000
0.000
0.000
0.000
0.000
0.000
0.000
0.052
0.103
0.000
0.000
0.000
0.000
0.000
0.000
0.052
0.000
0.000
0.000
0.213
0.000
0.000
0.116
0.000
0.000
0.000
0.000
0.000
0.000
0.000
0.000
0.000
0.000
0.000
0.000
0.000
0.000
0.103
0.000
0.000
0.000
0.052
0.000
0.000
0.052
0.000
0.000
0.000
0.000
0.000
0.000
0.000
0.000
0.000
0.000
0.000
0.000
0.000
0.000
0.000
0.000
0.000
0.000
0.000
0.000
0.000
0.000
0.000
0.000
0.103
0.000
0.000
0.000
0.000
0.052
0.000
0.000
0.000
0.000
0.052
0.052
0.000
0.000
0.000
0.000
0.000
0.000
