0.703
0.744
0.720
0.488
0.749
0.665
0.700
0.673
0.570
0.604
0.636
0.698
0.829
0.602
0.427
0.501
0.598
0.527
0.532
0.727
0.286
0.073
0.154
0.089
0.212
0.051
0.145
0.073
0.145
0.178
0.126
0.163
0.154
0.192
0.154
0.185
0.051
0.136
0.051
0.000
0.000
0.073
0.051
0.051
0.000
0.000
0.073
0.000
0.163
0.000
0.000
0.073
0.000
0.073
0.000
0.000
0.000
0.000
0.000
0.000
0.000
0.126
0.163
0.000
0.000
0.000
0.089
0.000
0.000
0.000
0.000
0.000
0.000
0.000
0.000
0.000
0.000
0.089
0.000
0.000
0.000
0.000
0.000
0.000
0.000
0.000
0.089
0.000
0.000
0.000
0.000
0.593
0.709
0.570
0.795
0.850
0.934
1.011
0.897
0.943
1.020
0.904
0.807
0.770
0.829
0.836
0.867
0.535
0.329
0.300
0.661
0.593
0.663
0.987
1.068
0.941
0.842
0.805
0.388
0.512
0.485
0.224
0.154
0.126
0.163
0.218
0.496
0.504
0.609
0.586
0.600
0.880
0.782
0.910
0.745
0.677
0.754
0.700
0.834
0.655
0.559
0.525
0.694
0.768
0.845
0.964
1.059
1.004
0.997
0.991
1.040
0.923
0.842
0.818
0.539
0.600
0.554
0.828
0.466
0.488
0.761
0.812
0.649
0.584
0.430
0.262
0.321
0.451
0.711
0.427
0.073
0.171
0.000
0.136
0.000
0.126
0.145
0.000
0.163
0.126
0.178
0.224
0.439
0.371
0.257
0.178
0.000
0.115
0.000
0.466
0.262
0.247
0.192
0.356
0.325
0.374
0.171
0.163
0.341
0.436
0.367
0.304
0.337
0.252
0.136
0.115
0.000
0.089
0.103
0.236
0.657
0.304
0.463
0.224
0.471
0.504
0.171
0.611
0.477
0.436
0.575
0.688
0.527
0.448
0.206
0.374
0.624
0.313
0.329
0.411
0.367
0.321
0.367
0.499
0.501
0.448
0.392
0.575
0.573
0.512
0.430
0.547
0.549
0.606
0.388
0.638
0.870
0.321
0.544
0.309
0.482
0.682
0.615
0.415
0.678
0.542
0.313
0.341
0.199
0.367
0.493
0.448
0.395
0.385
0.421
0.415
0.392
0.677
0.291
0.300
0.356
0.257
0.385
0.341
0.171
0.000
0.051
0.000
0.126
0.145
0.073
0.073
0.206
0.051
0.103
0.089
0.000
0.212
0.474
0.466
0.247
0.325
0.424
0.374
0.353
0.580
0.367
0.626
0.775
0.984
0.504
0.364
0.448
0.568
0.424
0.552
0.262
0.433
0.329
0.364
0.385
0.442
0.593
0.624
0.747
0.329
0.709
0.747
0.758
0.501
0.460
0.577
0.522
0.507
0.731
0.491
0.556
0.692
0.873
0.856
0.837
0.966
0.547
0.488
0.559
0.778
0.613
0.630
0.684
0.756
0.696
0.430
0.525
0.589
0.398
0.501
0.682
0.295
0.272
0.424
0.402
0.512
0.445
0.713
0.600
0.469
0.321
0.726
0.900
1.043
0.649
0.647
1.031
1.014
0.525
0.929
0.877
0.644
0.378
0.300
0.411
0.469
0.371
0.517
0.613
0.790
0.808
0.892
0.678
0.929
0.738
0.570
0.871
0.985
0.993
1.040
1.057
1.055
0.763
0.889
0.688
0.615
0.770
0.787
0.763
0.602
0.454
0.686
0.374
0.364
0.595
0.675
0.916
0.785
0.600
0.761
0.537
0.617
0.673
0.460
0.807
0.591
0.733
0.920
0.640
0.768
0.808
0.525
0.829
0.651
0.678
0.675
0.519
0.402
0.544
0.782
0.501
0.433
0.439
0.665
0.595
0.694
0.726
0.831
0.398
0.815
0.673
0.589
0.700
0.800
0.669
0.800
0.815
0.861
0.864
0.919
0.964
0.953
0.970
0.709
0.206
0.519
0.810
0.715
0.795
1.040
1.074
1.100
1.083
0.992
0.761
0.680
0.897
0.724
0.554
0.589
0.460
0.395
0.606
0.474
0.424
0.408
0.356
0.482
0.282
0.415
0.499
0.678
0.575
0.770
0.595
0.820
0.700
0.736
1.057
0.886
1.052
0.897
0.883
0.883
0.856
0.907
1.033
1.033
1.050
0.821
0.782
0.995
0.740
1.001
0.840
0.929
0.947
0.844
0.688
0.398
0.729
0.868
0.657
0.405
0.448
0.482
0.647
0.517
0.493
0.436
0.477
0.758
0.552
0.765
0.797
0.638
0.885
0.825
0.718
0.752
0.593
0.882
0.988
1.048
0.984
1.081
1.018
0.568
0.897
0.812
0.992
0.953
1.058
1.080
1.067
0.920
0.833
0.793
0.742
0.818
0.615
0.178
0.718
0.900
0.828
0.724
0.763
0.624
0.733
0.939
0.867
0.580
0.747
0.595
0.448
0.547
0.367
0.454
0.792
0.663
0.657
0.563
0.561
0.812
0.980
1.060
1.045
0.813
0.647
0.831
0.874
0.812
0.655
0.575
0.659
0.686
0.539
0.501
0.317
0.885
0.591
0.632
0.752
0.883
0.501
0.454
0.619
0.744
0.653
0.680
0.816
0.795
0.696
0.353
0.415
0.768
0.833
0.808
0.517
0.609
0.749
0.638
0.667
0.647
0.333
0.126
0.163
0.073
0.388
0.304
0.544
0.729
0.617
0.460
0.707
0.611
0.408
0.655
0.756
0.304
0.593
0.812
0.667
0.378
0.317
0.624
0.752
0.758
0.749
0.808
0.504
0.051
0.145
0.051
0.103
0.000
0.000
0.000
0.089
0.115
0.000
0.089
0.089
0.000
0.163
0.000
0.051
0.089
0.000
0.199
0.000
0.000
0.000
0.199
0.000
0.000
0.000
0.000
0.000
0.000
0.000
0.000
0.000
0.000
0.000
0.000
0.154
0.000
0.000
0.051
0.000
0.000
0.000
0.000
0.000
0.000
0.000
0.185
0.000
0.126
0.000
0.000
0.000
0.000
0.000
0.000
0.501
0.628
0.398
0.491
0.722
0.745
0.829
0.713
0.834
0.537
0.862
0.671
0.820
0.758
0.415
0.277
0.360
0.482
0.613
0.802
0.580
0.272
0.252
0.374
0.199
0.439
0.402
0.360
0.509
0.398
0.482
0.507
0.371
0.439
0.772
0.733
0.775
0.638
0.421
0.566
0.527
0.514
0.337
0.381
0.230
0.313
0.349
0.398
0.514
0.537
0.556
0.385
0.657
0.782
0.833
0.916
0.829
0.980
1.142
0.888
0.692
0.788
0.736
0.808
0.770
0.673
1.034
0.848
0.686
0.638
0.780
0.675
0.768
0.690
0.810
0.936
0.840
1.011
1.033
1.024
1.049
1.062
1.058
1.039
0.778
0.522
0.482
0.522
0.800
0.512
0.477
0.530
0.667
0.836
0.724
0.680
0.740
0.655
0.559
0.713
0.701
0.549
0.619
0.772
0.839
0.499
0.593
0.865
0.547
0.395
0.604
0.304
0.624
0.580
0.282
0.575
0.766
0.496
0.591
0.626
0.661
0.549
0.527
0.430
0.236
0.649
0.626
0.277
0.466
0.421
0.224
0.262
0.241
0.496
0.499
0.418
0.680
0.532
0.499
0.474
0.374
0.547
0.282
0.277
0.341
0.277
0.236
0.442
0.385
0.367
0.262
0.504
0.398
0.460
0.392
0.257
0.371
0.460
0.525
0.304
0.367
0.527
0.718
0.463
0.371
0.392
0.286
0.277
0.185
0.317
0.224
0.282
0.224
0.218
0.154
0.000
0.089
0.277
0.300
0.345
0.360
0.329
0.317
0.333
0.321
0.286
0.230
0.236
0.304
0.192
0.212
0.252
0.317
0.267
0.272
0.252
0.272
0.367
0.236
0.477
0.405
0.286
0.224
0.224
0.512
0.241
0.309
0.402
0.286
0.926
0.892
0.460
0.549
0.415
0.388
0.295
0.286
0.766
0.707
0.653
0.501
0.469
0.378
0.126
0.371
0.439
0.466
0.378
0.236
0.304
0.448
0.364
0.563
0.539
0.586
0.439
0.433
0.337
0.430
0.374
0.309
0.218
0.751
0.613
0.329
0.337
0.418
0.527
0.628
0.696
0.873
0.783
0.218
0.051
0.115
0.800
0.842
0.816
1.009
0.913
0.408
0.735
0.929
0.973
0.970
0.996
0.991
0.758
0.854
0.901
0.821
0.975
1.011
0.847
0.514
0.547
0.667
0.575
0.485
0.823
0.888
0.532
0.701
0.433
0.807
0.617
0.700
0.408
0.552
0.577
0.466
0.621
0.636
0.957
1.057
1.055
1.016
1.086
0.965
1.053
1.041
1.040
0.797
0.877
0.959
0.696
0.701
0.813
0.831
0.898
0.772
0.909
0.946
1.059
0.686
0.602
0.657
0.696
0.395
0.507
0.448
0.364
0.398
0.766
0.525
0.509
0.745
0.882
0.828
0.720
0.337
0.532
0.865
0.946
0.891
0.385
0.568
0.735
0.436
0.439
1.026
0.856
0.735
0.894
0.904
0.972
0.862
0.913
0.898
0.916
1.012
1.043
1.040
0.853
0.722
0.247
0.477
0.522
0.356
0.272
0.411
0.381
0.374
0.333
0.192
0.257
0.371
0.392
0.378
0.329
0.247
0.300
0.439
0.395
0.345
0.212
0.325
0.436
0.408
0.333
0.325
0.185
0.337
0.337
0.206
0.230
0.218
0.333
0.304
0.291
0.199
0.154
0.282
0.345
0.480
0.740
0.891
0.966
0.980
0.669
0.694
0.580
0.613
0.556
0.573
0.798
0.556
0.418
0.690
0.845
0.906
0.731
0.816
1.005
1.036
0.999
1.069
1.102
1.068
1.060
0.953
0.976
1.001
0.765
0.839
0.763
0.930
0.993
0.981
0.589
0.859
0.738
0.480
0.349
0.291
0.411
0.463
0.696
0.657
0.514
0.415
0.415
0.364
0.661
0.678
0.469
0.792
0.858
0.598
0.669
0.598
0.252
0.477
0.522
0.442
0.537
0.286
0.474
0.230
0.436
0.262
0.395
0.371
0.321
0.325
0.466
0.371
0.589
0.707
0.598
0.831
0.669
1.003
0.628
0.745
0.820
0.876
0.778
0.862
0.961
0.934
0.983
0.917
0.777
0.740
0.754
0.694
1.021
0.651
0.539
0.415
0.659
0.810
0.877
0.632
0.934
0.948
0.895
0.898
0.609
0.539
0.580
0.649
0.640
0.684
0.842
0.870
0.826
0.720
0.477
0.873
0.727
1.011
0.906
1.025
0.772
0.968
1.026
1.049
0.563
0.954
0.985
0.606
1.038
1.031
1.030
0.575
0.395
0.439
0.430
0.374
0.395
0.364
0.333
0.480
0.514
0.619
0.729
0.604
0.501
0.675
0.751
0.729
0.606
0.395
0.405
0.469
0.561
0.805
0.736
0.573
0.591
0.716
0.512
0.325
0.575
0.496
0.727
0.763
0.430
0.766
0.661
0.598
0.493
0.408
0.304
0.580
0.696
0.669
0.787
0.911
0.777
0.720
0.690
0.388
0.624
0.519
0.549
0.671
0.647
0.408
0.367
0.439
0.745
0.525
0.649
0.584
0.653
0.744
0.815
0.877
0.701
0.544
0.913
0.715
0.834
0.901
0.831
0.903
0.463
0.482
0.364
0.364
0.212
0.247
0.496
0.262
0.392
0.561
0.488
0.460
0.463
0.589
0.539
0.485
0.463
0.517
0.466
0.655
0.525
0.408
0.480
0.491
0.341
0.421
0.321
0.535
0.482
0.559
0.647
0.709
0.749
0.589
0.657
0.554
0.713
0.673
0.619
0.418
0.325
0.948
0.584
0.682
0.700
0.877
0.700
0.785
0.371
0.554
0.991
0.854
0.944
1.062
1.047
1.045
1.025
1.039
1.047
1.003
0.864
0.720
0.295
0.405
0.488
0.460
0.392
0.544
0.602
0.430
0.451
0.525
0.509
0.360
0.477
0.673
0.611
0.954
0.870
0.559
0.570
0.460
0.780
0.813
0.833
0.463
0.729
0.800
0.448
0.466
0.690
0.651
0.688
0.433
0.628
0.718
0.367
0.606
0.364
0.595
0.684
0.624
0.636
0.940
0.696
0.692
0.729
0.295
0.103
0.680
0.559
0.669
0.700
0.669
0.692
0.582
0.568
0.552
0.575
0.694
0.772
0.854
0.705
0.624
0.948
0.932
1.000
0.900
1.013
0.897
0.991
1.018
0.802
0.300
0.291
0.212
0.163
0.163
0.103
0.136
0.115
0.154
0.051
0.000
0.000
0.154
0.000
0.000
0.000
0.000
0.000
0.089
0.000
0.000
0.126
0.582
0.673
0.856
0.775
1.040
0.621
0.848
0.509
0.530
0.653
0.761
0.649
0.469
0.367
0.527
0.474
0.600
0.595
0.632
0.566
0.442
0.542
0.634
0.575
0.537
0.356
0.442
0.512
0.544
0.644
0.554
0.547
0.509
0.680
0.549
0.493
0.300
0.395
0.542
0.539
0.624
0.563
0.532
0.421
0.480
0.493
0.619
0.554
0.509
0.439
0.671
0.509
0.392
0.367
0.626
0.457
0.300
0.537
0.451
0.313
0.272
0.496
0.329
0.547
0.418
0.424
0.286
0.345
0.463
0.657
0.598
0.469
0.424
0.491
0.388
0.395
0.378
0.701
0.589
0.272
0.257
0.325
0.442
0.501
0.552
0.482
0.525
0.527
0.421
0.442
0.282
0.317
0.304
0.499
0.649
0.684
0.356
0.454
0.421
0.445
0.442
0.385
0.586
0.527
0.433
0.493
0.509
0.501
0.371
0.509
0.436
0.463
0.247
0.262
0.277
0.230
0.507
0.424
0.353
0.353
0.206
0.321
0.291
0.405
0.398
0.491
0.224
0.317
0.341
0.421
0.469
0.501
0.291
0.466
0.442
0.602
0.349
0.663
0.770
0.831
0.729
0.831
0.885
0.983
0.940
0.795
0.690
0.615
0.727
0.642
0.224
0.218
0.418
0.507
0.448
0.598
0.692
0.471
0.568
0.563
0.659
0.845
0.907
0.911
0.826
0.936
0.549
0.496
0.388
0.619
0.698
0.554
0.713
0.778
0.593
0.477
0.469
0.317
0.345
0.313
0.349
0.424
0.556
0.345
0.604
0.488
0.634
0.568
0.424
0.485
0.457
0.317
0.507
0.378
0.337
0.236
0.482
0.471
0.262
0.178
0.218
0.136
0.247
0.115
0.115
0.115
0.595
0.364
0.145
0.145
0.103
0.073
0.178
0.126
0.051
0.000
0.000
0.089
0.000
0.000
0.089
0.000
0.000
0.000
0.103
0.000
0.000
0.000
0.000
0.000
0.000
0.089
0.321
0.371
0.304
0.405
0.427
0.341
0.398
0.621
0.700
0.716
0.624
0.430
0.673
0.554
0.573
0.640
0.568
0.418
0.549
0.667
0.626
0.772
0.709
0.651
0.367
0.415
0.499
0.504
0.381
0.337
0.356
0.353
0.460
0.291
0.371
0.252
0.262
0.356
0.333
0.272
0.568
0.356
0.539
0.512
0.514
0.257
0.353
0.381
0.309
0.477
0.392
1.014
0.761
0.772
0.782
0.933
0.873
0.858
0.954
0.922
0.871
0.886
0.813
0.856
0.831
0.909
0.805
0.547
0.651
0.522
0.460
0.552
0.552
0.785
0.870
0.947
0.892
0.628
0.775
0.785
0.766
0.914
0.842
0.763
0.537
0.411
0.418
0.566
0.504
1.026
1.005
0.744
0.968
0.930
1.058
0.936
1.035
1.079
1.059
1.003
0.591
0.895
0.815
0.678
0.381
0.485
0.469
0.507
0.460
0.591
0.493
0.740
0.894
0.780
0.661
0.411
0.333
0.442
0.651
0.837
0.735
0.547
0.402
0.477
0.563
0.859
0.749
0.675
0.686
0.491
0.604
0.675
0.535
0.667
0.411
0.466
0.602
0.421
0.247
0.751
0.742
0.749
0.602
0.777
0.626
0.463
0.436
0.580
0.700
0.788
0.871
0.632
0.862
0.773
0.749
0.759
0.906
0.785
0.277
0.192
0.212
0.163
0.192
0.171
0.154
0.126
0.136
0.089
0.000
0.000
0.145
0.313
0.937
0.892
0.398
0.192
0.873
0.716
0.667
0.544
0.556
0.525
0.341
0.395
0.463
0.212
0.103
1.053
0.657
0.805
0.669
0.649
0.593
0.392
0.460
0.485
0.463
0.436
0.360
0.469
0.698
0.700
0.507
0.517
0.321
0.480
0.329
0.563
0.408
0.402
0.499
0.713
0.694
0.615
0.698
0.649
0.773
0.798
0.638
0.853
0.807
0.882
0.680
0.765
0.602
0.488
0.544
0.692
0.850
0.882
1.001
0.911
0.997
1.052
1.086
1.041
1.070
1.012
1.041
1.000
0.584
0.941
1.033
0.802
0.448
0.747
0.790
0.675
0.499
0.192
0.212
0.136
0.218
0.199
0.000
0.154
0.000
0.530
0.471
0.171
0.499
0.493
0.713
0.647
0.544
0.659
0.701
0.671
0.388
0.427
0.300
0.525
0.457
0.688
0.609
0.920
0.644
0.547
0.797
0.671
0.766
0.430
0.463
0.313
0.626
0.586
0.621
0.818
0.858
0.713
0.742
0.632
0.692
0.677
0.910
0.609
0.870
0.883
1.025
0.861
0.671
0.813
0.813
0.696
0.626
0.813
0.701
0.552
0.535
0.707
0.700
0.987
0.937
0.914
1.012
0.749
0.777
0.885
0.433
0.677
0.722
0.720
0.460
0.783
0.941
0.726
0.584
0.584
0.833
0.726
0.778
0.812
0.688
0.493
0.661
0.566
0.731
0.815
0.932
0.988
0.920
0.802
0.833
0.642
0.972
1.017
0.880
0.680
0.561
0.833
0.621
0.675
0.873
0.675
0.595
0.722
0.617
0.415
0.398
0.514
0.829
0.861
0.745
0.539
0.733
0.920
0.493
0.628
0.630
0.509
0.466
0.644
0.688
0.821
0.800
0.800
0.445
0.797
0.976
0.651
0.682
0.763
0.901
0.549
0.638
0.661
0.466
0.333
0.267
0.418
0.433
0.356
0.385
0.421
0.300
0.317
0.507
0.552
0.669
0.621
0.829
0.868
0.916
0.937
0.979
0.885
0.810
0.568
0.584
0.504
0.482
0.282
0.411
0.325
0.600
0.549
0.436
0.542
0.604
0.535
0.471
0.427
0.395
0.329
0.364
0.430
0.624
0.482
0.482
0.374
0.463
0.457
0.649
0.466
0.609
0.724
0.926
0.768
0.694
1.114
0.793
0.759
0.512
0.700
0.638
0.740
0.509
0.619
0.917
0.751
0.466
0.282
0.463
0.554
0.628
0.525
0.729
0.575
0.636
0.836
0.904
1.007
0.950
0.979
1.036
0.894
0.754
0.970
1.025
1.004
0.598
0.595
0.709
0.514
0.433
0.304
0.427
0.504
0.595
0.313
0.466
0.535
0.491
0.491
0.582
0.788
0.870
0.591
0.230
0.469
0.667
0.731
0.751
0.602
0.537
0.735
0.805
0.589
0.430
0.436
0.559
0.580
0.609
0.385
0.582
0.537
0.512
0.421
0.501
0.694
0.798
0.783
0.700
0.678
0.415
0.810
0.765
0.485
0.374
0.433
0.395
0.491
0.395
0.457
0.613
0.463
0.880
0.657
0.820
0.682
0.580
0.810
0.582
0.488
0.549
0.663
0.724
0.688
0.803
0.566
0.519
0.647
0.715
0.611
0.619
0.735
0.828
0.733
0.247
0.309
0.241
1.106
0.747
0.317
0.000
0.154
0.000
0.000
0.136
0.073
0.586
0.659
0.364
0.171
0.073
0.000
0.199
0.000
0.154
0.392
0.547
0.615
0.705
0.818
0.471
0.463
0.530
0.519
0.653
0.463
0.554
0.542
0.544
0.349
0.329
0.418
0.291
0.488
0.559
0.626
0.485
0.300
0.542
0.442
0.286
0.252
0.374
0.539
0.291
0.418
0.337
0.522
0.451
0.537
0.663
0.178
0.395
0.329
0.313
0.519
0.415
0.519
0.349
0.499
0.718
0.705
0.609
0.744
0.667
0.682
0.678
0.724
0.705
0.514
0.673
0.795
0.738
0.733
0.793
0.584
0.936
0.933
0.906
0.844
0.698
0.477
0.493
0.795
0.917
0.568
0.471
0.408
0.333
0.252
0.436
0.374
0.504
0.711
0.891
0.972
0.968
0.919
0.979
0.940
0.946
0.880
0.999
0.966
0.941
0.765
0.688
0.504
0.713
0.589
0.388
0.709
0.770
0.858
0.879
0.736
0.566
0.873
0.573
0.568
0.678
0.756
0.663
0.653
0.638
0.617
0.537
0.756
0.517
0.563
0.408
0.527
0.634
0.761
0.636
0.367
0.609
0.923
0.768
0.758
0.507
0.561
0.178
0.178
0.474
0.411
0.385
0.360
0.405
0.493
0.364
0.463
0.504
0.501
0.602
0.436
0.477
0.552
0.632
0.552
0.282
0.433
0.457
0.539
0.615
0.493
0.304
0.295
0.418
0.408
0.224
0.286
0.309
0.474
0.463
0.178
0.230
0.313
0.262
0.448
0.439
0.690
0.507
0.742
0.677
0.903
0.675
0.642
0.615
0.606
0.463
0.405
0.262
0.763
0.333
0.329
0.321
0.345
0.321
0.442
0.295
0.427
0.556
0.411
0.433
0.356
0.894
0.694
0.777
0.718
0.584
0.692
0.595
0.705
0.532
0.544
0.566
0.341
0.657
0.661
0.727
0.747
1.039
0.742
0.724
0.793
0.405
1.030
0.649
0.724
0.816
0.772
0.980
1.064
0.570
0.630
0.787
0.613
0.922
0.738
0.780
0.847
0.940
1.013
0.966
0.965
1.029
0.968
0.937
0.933
0.975
1.014
0.992
0.833
0.659
0.709
0.547
0.638
0.675
0.770
0.418
0.744
0.772
0.904
0.812
0.680
0.496
0.445
0.333
0.539
0.580
0.257
0.418
0.727
0.722
0.199
0.145
0.126
0.073
0.145
0.073
0.304
0.415
0.609
0.649
0.713
0.823
0.726
0.563
1.007
0.780
0.460
0.722
0.775
0.680
0.566
0.424
0.257
0.295
0.252
0.224
0.300
0.313
0.272
0.262
0.345
0.247
0.395
0.329
0.313
0.337
0.325
0.349
0.415
0.509
0.522
0.333
0.295
0.356
0.325
0.356
0.262
0.286
0.333
0.329
0.970
0.850
0.466
0.609
0.539
0.624
0.696
0.630
0.716
0.864
0.962
0.972
0.793
0.519
0.675
0.482
0.309
0.525
0.424
0.595
0.575
0.582
0.430
0.501
0.333
0.454
0.309
0.277
0.341
0.341
0.532
0.527
0.291
0.398
0.286
0.405
0.371
0.145
0.103
0.154
0.000
0.051
0.000
0.126
0.000
0.212
0.341
0.385
0.300
0.304
0.381
0.561
0.522
0.405
0.433
0.463
0.321
0.501
0.454
0.415
0.561
0.609
0.445
0.300
0.385
0.451
0.451
0.584
0.563
0.525
0.634
0.604
0.628
0.700
0.512
0.615
0.589
0.485
0.554
0.759
0.828
0.552
0.595
0.504
0.374
0.295
0.317
0.277
0.621
0.463
0.810
0.790
0.867
0.790
0.997
0.731
0.411
0.367
0.575
0.680
0.642
0.647
0.677
0.783
0.964
0.991
0.744
0.584
0.825
0.954
0.914
1.012
0.577
0.754
0.792
0.785
0.745
0.837
0.848
0.731
0.840
0.671
0.655
0.742
0.856
0.000
0.073
0.448
0.847
0.805
0.742
0.724
0.632
0.718
0.405
0.782
0.451
0.257
0.823
0.591
0.525
0.552
0.448
0.584
0.433
0.632
0.705
0.775
0.836
0.649
0.604
0.632
0.586
0.850
0.675
0.713
0.894
0.759
0.934
0.886
0.948
0.941
0.920
0.871
0.932
0.911
0.859
0.973
0.858
0.277
0.236
0.680
0.247
0.136
0.136
0.051
0.126
0.089
0.073
0.126
0.103
0.051
0.126
0.199
0.218
0.154
0.051
0.199
0.192
0.178
0.136
0.218
0.000
0.224
0.103
0.051
0.192
0.192
0.000
0.154
0.000
0.103
0.185
0.089
0.185
0.000
0.000
0.000
0.000
0.000
0.000
0.000
0.000
0.000
0.000
0.000
0.000
0.051
0.000
0.000
0.000
0.000
0.000
0.000
0.000
0.000
0.000
0.089
0.000
0.000
0.089
0.000
0.000
0.000
0.000
0.000
0.103
0.000
0.000
0.000
0.000
0.000
0.126
0.000
0.000
0.000
0.000
0.000
0.000
0.051
0.000
0.073
0.000
0.000
0.000
0.000
0.000
0.000
0.073
0.000
0.136
0.089
0.000
0.000
0.000
0.154
0.000
0.000
0.000
0.136
0.073
0.000
0.000
0.000
0.000
0.000
0.000
0.000
0.145
0.000
0.000
0.000
0.000
0.000
0.000
0.000
0.000
0.000
0.000
0.000
0.000
0.000
0.000
0.000
0.000
0.000
0.000
0.000
0.000
0.115
0.000
0.000
0.000
0.000
0.199
0.415
0.659
0.775
0.808
0.812
1.004
0.910
0.785
0.624
0.439
0.415
0.408
0.480
0.460
0.591
0.501
0.621
0.777
0.573
0.705
0.787
0.411
0.870
0.815
0.624
0.485
0.812
0.507
0.504
0.626
0.825
0.873
1.050
1.053
1.040
0.906
0.408
0.089
0.089
0.126
0.145
0.073
0.421
0.556
0.602
0.763
0.821
0.894
0.997
0.744
0.747
0.600
0.628
0.402
0.445
0.395
0.424
0.460
0.230
0.353
0.398
0.711
0.709
0.580
0.554
0.821
0.909
0.566
0.411
0.544
0.598
0.482
0.701
0.733
0.726
0.537
0.517
0.519
0.707
0.722
0.735
0.713
0.433
0.378
0.460
0.671
0.675
0.644
0.803
0.634
0.744
0.638
0.291
0.371
0.496
0.735
0.530
0.644
0.615
0.454
0.566
0.651
0.707
0.469
0.711
0.649
0.402
0.477
0.433
0.309
0.451
0.559
0.766
0.469
0.617
0.736
0.807
0.696
0.744
0.756
0.598
0.701
0.716
0.519
0.356
0.000
0.636
0.580
0.759
0.810
0.929
0.964
0.961
0.900
0.910
0.889
0.785
0.944
0.923
0.539
0.439
0.408
0.337
0.304
0.252
0.247
0.230
0.145
0.145
0.241
0.154
0.199
0.163
0.542
0.554
0.940
0.701
0.787
0.813
0.701
0.820
0.671
0.593
0.488
0.388
0.418
0.556
0.496
0.451
0.792
0.532
0.684
0.758
0.787
0.851
0.684
0.466
0.659
0.736
0.634
0.609
0.517
0.300
0.466
0.356
0.424
0.544
0.604
0.517
0.539
0.353
0.519
0.577
0.398
0.491
0.519
0.556
0.589
0.626
0.448
0.424
0.604
0.504
0.480
0.509
0.573
0.460
0.642
0.754
0.582
0.378
0.300
0.304
0.241
0.424
0.424
0.628
0.680
0.333
0.411
0.241
0.313
0.337
0.262
0.499
0.364
0.374
0.398
0.669
0.471
0.580
0.680
0.718
0.474
0.772
0.559
0.430
0.624
0.609
0.321
0.469
0.496
0.532
0.519
0.751
0.688
0.638
0.862
0.471
0.353
0.424
0.439
0.493
0.485
0.729
0.688
0.282
0.321
0.333
0.628
0.537
0.466
0.673
0.333
0.415
0.615
0.333
0.333
0.491
0.304
0.442
0.744
0.582
0.661
0.559
0.722
0.686
0.496
0.570
0.507
0.512
0.535
0.385
0.381
0.566
0.378
0.304
0.241
0.212
0.206
0.272
0.364
0.367
0.367
0.514
0.398
0.433
0.491
0.561
0.570
0.507
0.485
0.628
0.598
0.353
0.371
0.257
0.469
0.286
0.430
0.378
0.272
0.321
0.252
0.371
0.304
0.247
0.262
0.385
0.682
0.514
0.589
0.304
0.356
0.329
0.595
0.482
0.554
0.566
0.395
0.345
0.504
0.442
0.563
0.537
0.356
0.395
0.405
0.566
0.686
0.808
0.828
0.844
0.568
0.647
0.805
0.744
0.761
1.069
0.795
0.442
0.154
0.136
0.073
0.424
0.542
0.632
0.727
0.876
0.282
0.000
0.000
0.051
0.000
0.073
0.000
0.000
0.000
0.000
0.000
0.103
0.000
0.000
0.051
0.000
0.089
0.000
0.000
0.000
0.000
0.000
0.000
0.000
0.000
0.000
0.089
0.000
0.000
0.212
0.000
0.000
0.000
0.000
0.000
0.000
0.000
0.000
0.000
0.000
0.000
0.000
0.000
0.000
0.000
0.000
0.000
0.000
0.185
0.539
0.742
0.619
0.626
0.527
0.552
0.405
0.267
0.454
0.602
0.621
0.448
0.522
0.678
0.659
0.559
0.686
0.591
0.778
0.593
0.466
0.317
0.353
0.388
0.392
0.218
0.325
0.241
0.349
0.451
0.367
0.405
0.568
0.678
0.636
0.360
0.392
0.381
0.257
0.313
0.381
0.218
0.421
0.392
0.388
0.405
0.577
0.617
0.469
0.715
0.561
0.325
0.527
0.291
0.364
0.345
0.488
0.371
0.367
0.388
0.632
0.828
0.727
0.803
0.790
0.766
0.825
0.451
0.442
0.499
0.460
0.690
0.731
0.395
0.609
0.807
0.798
0.678
0.573
0.549
0.821
0.341
0.663
0.522
0.418
0.388
0.430
0.325
0.395
0.559
0.451
0.509
0.309
0.286
0.405
0.395
0.535
0.636
0.552
0.692
0.454
0.549
0.530
0.395
0.415
0.463
0.317
0.333
0.477
0.514
0.304
0.257
0.212
0.171
0.171
0.272
0.525
0.356
0.185
0.360
0.644
0.374
0.402
0.436
0.349
0.604
0.457
0.537
0.333
0.262
0.356
0.395
0.408
0.257
0.282
0.272
0.415
0.388
0.445
0.460
0.356
0.329
0.304
0.445
0.604
0.408
0.329
0.241
0.321
0.241
0.378
0.867
0.716
0.385
0.602
0.499
0.415
0.304
0.313
0.329
0.241
0.436
0.333
0.388
0.451
0.436
0.690
0.808
0.917
0.566
0.684
0.577
0.433
0.469
0.469
0.544
0.621
0.657
0.735
0.705
0.763
0.705
0.471
0.593
0.457
0.493
0.451
0.577
0.810
1.009
0.754
0.638
0.329
0.504
0.488
0.488
0.598
0.632
0.766
0.530
0.514
0.424
0.353
0.667
0.705
0.812
0.711
0.770
0.589
0.690
0.894
0.793
0.722
1.038
0.810
0.813
0.932
0.973
0.900
0.862
0.889
0.690
0.609
0.337
0.341
0.337
0.178
0.286
0.313
0.333
0.392
0.411
0.325
0.381
0.345
0.262
0.257
0.364
0.272
0.329
0.337
0.126
0.212
0.089
0.145
0.073
0.282
0.230
0.356
0.313
0.103
0.241
0.415
0.415
0.337
0.230
0.329
0.282
0.272
0.224
0.415
0.329
0.230
0.395
0.295
0.291
0.309
0.381
0.224
0.224
0.178
0.321
0.424
0.145
0.000
0.000
0.103
0.000
0.247
0.300
0.388
0.313
0.341
0.367
0.364
0.286
0.230
0.218
0.236
0.224
0.257
0.309
0.374
0.247
0.262
0.291
0.286
0.300
0.436
0.230
0.408
0.309
0.218
0.185
0.178
0.477
0.304
0.378
0.405
0.313
0.073
0.000
0.000
0.000
0.000
0.000
0.126
0.000
0.000
0.000
0.000
0.136
0.000
0.136
0.000
0.309
0.535
0.552
0.742
0.894
0.865
0.947
0.797
0.868
0.880
0.864
0.713
0.888
0.871
0.882
0.241
0.493
0.589
0.678
0.563
0.573
0.509
0.405
0.439
0.341
0.309
0.549
0.663
0.775
0.736
0.418
0.451
0.563
0.573
0.833
0.751
0.647
0.527
0.604
0.589
0.615
0.580
0.701
0.845
0.644
0.810
0.707
0.460
0.272
0.337
0.626
0.604
0.785
0.772
0.894
0.833
0.701
0.611
0.673
0.454
0.300
0.395
0.367
0.519
0.733
0.593
0.655
0.442
0.433
0.582
0.525
0.415
0.230
0.089
0.126
0.000
0.089
0.103
0.171
0.212
0.000
0.000
0.000
0.000
0.000
0.000
0.089
0.000
0.000
0.206
0.000
0.000
0.000
0.000
0.000
0.000
0.051
0.000
0.000
0.000
0.000
0.000
0.000
0.073
0.000
0.000
0.000
0.000
0.000
0.154
0.000
0.000
0.000
0.000
0.000
0.000
0.000
0.185
0.000
0.000
0.000
0.000
0.000
0.000
0.000
0.154
0.051
0.000
0.000
0.000
0.000
0.154
0.000
0.000
0.000
0.000
0.000
0.000
0.073
0.000
0.000
0.000
0.051
0.224
0.000
0.000
0.000
0.000
0.000
0.000
0.000
0.000
0.000
0.000
0.000
0.272
0.000
0.000
0.000
0.000
0.000
0.000
0.000
0.300
0.329
0.304
0.257
0.230
0.457
0.367
0.267
0.439
0.433
0.454
0.385
0.304
0.421
0.257
0.199
1.018
0.544
0.754
0.916
0.802
0.906
1.040
0.582
0.756
0.792
0.889
0.933
0.812
0.834
0.761
0.861
0.850
0.907
0.626
0.772
0.865
0.539
1.024
0.859
0.621
0.527
0.542
0.669
0.763
0.600
0.856
0.722
0.798
0.803
0.800
0.793
0.522
0.859
0.844
0.663
0.752
0.602
0.788
0.980
1.034
1.058
1.063
1.064
1.024
1.016
0.932
0.673
0.733
0.611
0.836
0.930
0.675
0.688
0.561
0.792
0.655
0.345
0.247
0.591
0.724
0.696
0.747
0.584
0.636
0.634
0.549
0.591
0.345
0.360
0.480
0.482
0.657
0.700
0.619
0.615
0.615
0.727
0.854
0.792
0.667
0.800
1.008
0.782
0.761
0.870
0.736
0.669
0.392
0.593
0.349
0.304
0.345
0.454
0.532
0.549
0.580
0.466
0.966
0.682
0.491
0.272
0.277
0.272
0.561
0.374
0.507
0.584
0.427
0.595
0.496
0.212
0.378
0.337
0.345
0.360
0.433
0.304
0.272
0.212
0.272
0.241
0.480
0.371
0.408
0.304
0.381
0.411
0.530
0.539
0.570
0.525
0.212
0.388
0.291
0.367
0.575
0.535
0.598
0.766
0.735
0.634
0.559
0.374
0.388
0.537
0.388
0.385
0.398
0.424
0.378
0.499
0.570
0.686
0.798
0.807
0.911
0.867
0.979
0.628
0.663
0.694
0.642
0.738
0.577
0.582
0.772
0.782
0.803
0.782
1.001
0.731
0.682
0.561
0.514
0.535
0.692
0.626
0.877
0.958
1.009
1.040
1.048
1.073
0.995
0.758
0.936
1.055
0.677
0.917
0.701
0.742
0.864
0.847
0.696
0.847
1.012
0.745
0.778
0.613
0.659
0.582
0.678
0.559
0.507
0.356
0.436
0.514
0.700
0.442
0.385
0.632
0.619
0.430
0.356
0.504
0.439
0.552
0.808
0.797
0.694
0.826
0.738
0.488
0.424
0.418
0.381
0.402
0.199
0.436
0.517
0.690
0.602
0.826
0.939
0.939
0.853
0.749
0.445
0.482
0.402
0.790
0.586
0.647
0.673
0.703
0.756
0.584
0.675
0.527
0.499
0.644
0.766
0.451
0.621
0.669
0.371
0.442
0.374
0.418
0.474
0.398
0.345
0.282
0.408
0.471
0.421
0.698
0.661
0.626
0.388
0.542
0.621
0.788
0.858
0.924
0.907
0.917
0.364
0.163
0.199
0.089
0.282
0.178
0.154
0.206
0.206
0.206
0.126
0.185
0.103
0.103
0.178
0.163
0.224
0.199
0.089
0.000
0.000
0.000
0.089
0.073
0.000
0.000
0.000
0.073
0.000
0.000
0.115
0.000
0.000
0.145
0.000
0.192
0.000
0.482
0.705
0.752
0.713
0.975
0.979
0.867
0.861
0.716
0.763
0.839
0.667
0.726
0.705
0.474
0.617
0.504
0.948
0.916
0.439
0.593
0.522
0.582
0.927
0.754
0.864
0.944
0.870
0.968
0.707
0.867
0.611
0.619
0.690
0.598
0.442
0.171
0.439
0.563
0.517
0.636
0.517
0.421
0.491
0.488
0.542
0.272
0.374
0.267
0.360
0.367
0.418
0.512
0.726
0.815
0.882
0.692
0.604
0.488
0.600
0.539
0.628
0.667
0.427
0.570
0.673
0.677
0.682
0.537
0.457
0.783
0.715
0.539
0.775
0.586
0.582
0.677
0.820
0.686
0.870
0.909
0.566
0.783
0.329
0.272
0.381
0.436
0.823
0.940
0.886
0.554
0.696
0.463
0.469
0.304
0.480
0.381
0.398
0.433
0.402
0.309
0.252
0.418
0.568
0.527
0.411
0.634
0.556
0.537
0.337
0.224
0.325
0.199
0.000
0.304
0.236
0.000
0.374
0.218
1.122
0.621
0.815
0.701
0.777
0.657
0.948
0.770
0.808
0.826
0.659
0.876
1.022
0.932
0.965
0.765
0.602
0.797
0.828
0.851
0.770
0.615
0.593
0.686
0.634
0.577
0.747
0.758
0.649
0.600
0.593
0.559
0.765
0.604
0.716
0.808
0.848
0.988
0.795
0.946
0.919
0.671
0.570
0.568
0.442
0.485
0.291
0.615
0.525
0.496
0.549
0.713
0.751
0.613
0.491
0.517
0.570
0.772
0.532
0.430
0.488
0.345
0.424
0.507
0.593
0.621
0.621
0.768
0.802
0.768
0.816
0.861
0.850
1.026
0.720
0.724
0.879
0.911
0.842
0.636
0.950
1.016
0.684
0.754
0.790
0.457
0.512
0.613
0.424
0.682
0.621
0.559
0.539
0.874
0.724
0.671
0.636
0.496
0.345
0.427
0.325
0.402
0.451
0.329
0.385
0.329
0.517
0.595
0.772
0.537
0.722
0.582
0.491
0.716
0.756
0.797
0.851
0.663
0.282
0.325
0.333
0.230
0.325
0.313
0.257
0.236
0.089
0.218
0.262
0.257
0.313
0.300
0.295
0.185
0.519
0.507
0.477
0.418
0.321
0.247
0.421
0.800
0.701
0.381
0.291
0.212
0.212
0.230
0.309
0.321
0.341
0.192
0.252
0.252
0.321
0.199
0.247
0.329
0.300
0.252
0.185
0.206
0.247
0.313
0.317
0.230
0.252
0.230
0.282
0.313
0.367
0.317
0.252
0.353
0.333
0.381
0.257
0.527
0.337
0.333
0.236
0.185
0.212
0.241
0.163
0.430
0.496
0.349
0.378
0.313
0.325
0.272
0.272
0.277
0.206
0.360
0.199
0.313
0.277
0.360
0.329
0.398
0.218
0.224
0.224
0.542
0.388
0.424
0.436
0.341
0.267
0.295
0.178
0.136
0.171
0.154
0.103
0.000
0.218
0.247
0.381
0.405
0.609
0.460
0.542
0.602
0.433
0.364
0.272
0.514
0.535
0.507
0.381
0.325
0.436
0.277
0.295
0.230
0.300
0.485
0.313
0.457
0.272
0.442
0.272
0.345
0.561
0.442
0.378
0.402
0.262
0.224
0.262
0.267
0.126
0.267
0.199
0.349
0.381
0.570
0.522
0.313
0.291
0.421
0.445
0.291
0.897
0.595
0.700
0.678
0.537
0.602
0.504
0.669
0.433
0.542
0.360
0.496
0.530
0.445
0.439
0.586
0.530
0.673
0.466
0.580
0.561
0.448
