0.697
0.000
0.000
0.000
0.000
0.092
0.270
0.053
0.000
0.092
0.356
0.335
0.331
0.375
0.382
0.176
0.205
0.437
0.407
0.477
0.327
0.447
0.314
0.421
0.477
0.492
0.393
0.304
0.300
0.339
0.318
0.468
0.424
0.280
0.225
0.378
0.563
0.421
0.367
0.352
0.231
0.176
0.352
0.348
0.359
0.295
0.237
0.480
0.237
0.304
0.331
0.563
0.450
0.691
0.845
0.740
0.729
0.474
0.721
0.807
0.961
0.896
0.953
0.882
0.790
0.761
0.386
0.546
0.440
0.285
0.275
0.506
0.750
0.687
0.219
0.335
0.427
0.793
0.421
0.632
0.814
0.783
0.974
0.872
0.918
0.997
0.872
0.736
0.895
0.508
0.623
0.393
0.447
0.751
0.751
0.506
0.456
0.486
0.636
0.772
0.929
0.525
0.685
0.828
0.858
0.775
0.761
0.623
0.980
0.611
0.781
0.759
0.568
0.713
0.846
0.811
0.899
0.979
0.895
0.811
0.879
0.958
0.989
0.947
0.748
0.818
0.691
0.912
0.699
0.957
0.783
0.359
0.658
0.623
0.527
0.535
0.576
0.407
0.514
0.571
0.538
0.456
0.489
0.497
0.480
1.045
1.022
0.611
0.546
0.260
0.356
0.732
0.677
0.753
0.795
0.802
0.649
0.821
0.705
0.841
0.836
0.819
0.795
0.691
0.656
0.265
0.400
0.602
0.483
0.453
0.382
0.359
0.459
0.191
0.309
0.517
0.404
0.314
0.309
0.270
0.184
0.300
0.198
0.184
0.249
0.225
0.367
0.295
0.140
0.231
0.159
0.212
0.314
0.254
0.205
0.212
0.375
0.290
0.465
0.356
0.280
0.290
0.237
0.359
0.322
0.424
0.300
0.205
0.300
0.249
0.285
0.327
0.254
0.397
0.468
0.371
0.375
0.378
0.249
0.375
0.404
0.348
0.314
0.371
0.237
0.314
0.417
0.367
0.205
0.431
0.260
0.352
0.356
0.367
0.270
0.280
0.314
0.275
0.295
0.363
0.327
0.275
0.212
0.356
0.318
0.270
0.260
0.225
0.375
0.260
0.280
0.314
0.249
0.184
0.265
0.732
0.954
0.590
0.492
0.660
0.759
0.899
0.779
0.950
0.935
0.812
0.855
0.809
0.653
0.352
0.672
0.954
0.936
0.927
0.653
0.819
0.927
0.887
0.896
0.687
0.843
0.634
0.625
0.668
0.530
0.553
0.838
0.814
0.930
0.856
0.459
0.709
0.797
0.600
0.620
0.533
0.462
0.711
0.643
0.440
0.404
0.389
0.459
0.651
0.729
0.799
0.836
0.790
0.595
0.963
1.036
0.926
1.013
0.987
0.989
0.967
0.977
1.032
0.948
0.987
0.927
0.314
0.483
0.819
0.983
0.948
0.938
0.936
0.904
0.699
0.926
0.960
0.912
0.620
0.566
0.729
0.786
0.371
0.417
0.494
0.290
0.404
0.494
0.581
0.456
0.746
0.548
0.517
0.632
0.751
0.623
0.434
0.389
0.443
0.786
0.729
0.645
0.779
0.699
0.915
0.860
1.055
0.732
0.522
0.159
0.711
0.590
0.543
0.777
0.795
0.764
0.670
0.427
0.609
0.335
0.508
0.553
0.447
0.421
0.474
0.556
0.427
0.525
0.456
0.254
0.494
0.548
0.711
0.440
0.623
0.356
0.407
0.581
0.295
0.421
0.237
0.285
0.443
0.546
0.304
0.640
0.604
0.290
0.450
0.595
0.275
0.404
0.830
0.986
0.777
0.740
0.159
0.191
0.290
0.838
0.768
0.609
0.809
0.717
0.885
0.955
0.530
0.666
0.833
0.699
0.838
0.790
0.848
0.732
0.732
0.645
0.856
0.964
0.858
0.973
0.600
0.751
0.764
0.879
0.753
0.474
0.440
0.393
0.853
0.590
0.386
0.450
0.583
0.471
0.709
0.573
0.243
0.414
0.636
0.649
0.611
0.522
0.322
0.375
0.533
0.556
0.804
0.853
0.447
0.748
0.343
0.474
0.397
0.443
0.759
0.707
0.672
0.556
0.649
0.736
0.786
0.527
0.804
0.600
0.295
0.414
0.300
0.275
0.295
0.219
0.159
0.159
0.205
0.205
0.327
0.191
0.295
0.219
0.184
0.184
0.191
0.191
0.198
0.249
0.150
0.763
0.335
0.159
0.191
0.176
0.265
0.290
0.075
0.359
0.309
0.327
0.558
0.431
0.417
0.335
0.427
0.191
0.348
0.243
0.309
0.335
0.335
0.309
0.339
0.331
0.309
0.237
0.225
0.400
0.265
0.343
0.254
0.225
0.275
0.249
0.314
0.265
0.219
0.243
0.237
0.219
0.367
0.295
0.389
0.367
0.275
0.198
0.260
0.249
0.168
0.176
0.159
0.140
0.205
0.249
0.260
0.243
0.314
0.270
0.254
0.205
0.275
0.176
0.150
0.260
0.304
0.168
0.331
0.275
0.237
0.168
0.212
0.119
0.092
0.119
0.260
0.075
0.159
0.265
0.168
0.168
0.483
0.260
0.198
0.270
0.658
0.750
0.753
0.600
0.766
0.804
0.869
0.417
0.721
0.853
0.703
0.553
0.314
0.249
0.339
0.339
0.437
0.352
0.249
0.212
0.434
0.367
0.538
0.691
0.553
0.649
0.462
0.468
0.348
0.295
0.400
0.378
0.397
0.500
0.431
0.497
0.225
0.729
0.958
0.800
0.924
0.540
0.581
0.540
0.404
0.508
0.508
0.506
0.270
0.450
0.471
0.576
0.540
0.363
0.404
0.280
0.540
0.443
0.431
0.638
0.583
0.811
0.973
0.766
0.947
0.471
0.367
0.607
0.732
0.697
0.711
0.713
0.816
0.783
0.658
0.483
0.290
0.486
0.318
0.106
0.159
0.191
0.219
0.140
0.000
0.184
0.561
0.784
0.638
0.846
0.777
0.651
0.447
0.840
0.731
0.781
0.497
0.699
0.685
0.845
0.874
0.936
1.021
1.007
0.727
0.640
0.643
0.363
0.335
0.404
0.711
0.802
0.600
0.701
0.417
0.556
0.632
0.546
0.500
0.459
0.750
0.729
0.691
1.028
0.664
0.627
0.664
0.729
0.920
0.816
0.666
0.887
1.007
1.003
0.924
0.906
0.958
1.017
1.004
0.823
0.958
0.927
0.992
0.770
0.964
0.918
0.807
0.687
0.566
0.375
0.309
0.378
0.254
0.748
0.707
0.492
0.638
0.414
0.503
0.421
0.431
0.489
0.427
0.614
0.563
0.634
0.600
0.275
0.548
0.522
0.522
0.508
0.468
0.503
0.414
0.483
0.492
0.440
0.331
0.421
0.378
0.400
0.411
0.772
0.561
0.295
0.620
0.525
0.474
0.407
0.397
0.314
0.480
0.314
0.386
0.533
0.386
0.295
0.219
0.352
0.681
0.715
0.566
0.573
0.611
0.367
0.339
0.400
0.578
0.675
0.494
0.727
0.893
0.691
0.616
0.356
0.522
0.697
0.285
0.322
0.219
0.168
0.130
0.198
0.119
0.106
0.119
0.106
0.092
0.219
0.176
0.119
0.140
0.140
0.212
0.212
0.176
0.285
0.159
0.053
0.184
0.237
0.191
0.140
0.140
0.225
0.474
0.254
0.150
0.130
0.000
0.150
0.092
0.176
0.159
0.000
0.106
0.000
0.300
0.566
0.709
0.753
0.790
0.751
0.882
0.772
0.799
0.701
0.638
0.640
0.378
0.318
0.500
0.431
0.434
0.517
0.511
0.417
0.386
0.363
0.421
0.885
0.982
0.777
0.807
0.830
0.740
0.869
0.719
0.348
0.322
0.335
0.397
0.348
0.375
0.265
0.437
0.543
0.237
0.404
0.522
0.389
0.150
0.249
0.280
0.431
0.553
0.304
0.231
0.260
0.280
0.243
0.225
0.237
0.249
0.254
0.243
0.212
0.205
0.130
0.198
0.119
0.140
0.265
0.407
0.525
0.746
0.797
0.788
0.947
0.947
0.864
0.970
1.073
0.578
0.717
0.866
0.715
0.556
0.638
0.571
0.670
0.653
0.318
0.327
0.424
0.400
0.511
0.285
0.640
0.525
0.477
0.480
0.548
0.627
0.339
0.339
0.656
0.636
0.489
0.500
0.453
0.489
0.607
0.738
0.960
0.979
1.052
0.766
0.882
0.768
0.725
0.761
0.750
0.850
0.906
0.699
0.775
0.092
0.130
0.191
0.260
0.000
0.130
0.119
0.140
0.566
0.459
0.494
0.386
0.414
0.625
0.407
0.558
0.578
0.823
0.909
0.926
0.807
0.506
0.863
0.932
0.924
0.944
0.924
0.826
0.869
0.717
0.812
0.713
0.595
0.585
0.578
0.636
0.670
0.629
0.556
0.514
0.535
0.611
0.779
0.647
0.424
0.486
0.511
0.417
0.424
0.443
0.697
0.556
0.616
0.651
0.492
0.583
0.517
0.578
0.548
0.304
0.421
0.343
0.431
0.519
0.300
0.322
0.352
0.497
0.462
0.411
0.763
0.471
0.607
0.503
0.483
0.468
0.352
0.424
0.314
0.600
0.477
0.519
0.456
0.295
0.225
0.581
0.670
0.634
0.764
0.304
0.359
0.558
0.629
0.713
0.868
0.620
0.761
0.828
0.821
0.638
0.721
0.525
0.397
0.231
0.150
0.176
0.106
0.119
0.000
0.191
0.053
0.000
0.130
0.119
0.000
0.397
0.533
0.600
0.725
0.486
0.643
0.675
0.755
0.660
0.660
0.791
0.904
0.779
0.632
0.863
0.936
0.543
0.872
0.863
0.950
0.764
0.947
0.833
0.705
0.561
0.593
0.668
0.508
0.683
0.497
0.568
0.483
0.421
0.400
0.609
0.814
0.717
0.804
0.638
0.701
0.566
0.450
0.660
0.953
1.001
1.041
0.881
0.972
0.525
0.711
0.950
0.802
0.882
0.974
0.851
0.811
0.999
0.877
0.882
0.791
0.929
0.864
0.597
0.761
0.781
0.703
0.656
0.960
0.629
0.744
0.494
0.363
0.335
0.363
0.335
0.492
0.450
0.477
0.497
0.480
0.237
0.265
0.530
0.522
0.775
0.693
0.713
0.576
0.699
0.517
0.205
0.450
0.417
0.348
0.424
0.205
0.198
0.231
0.225
0.205
0.331
0.331
0.309
0.159
0.389
0.231
0.212
0.205
0.198
0.205
0.119
0.231
0.254
0.130
0.184
0.304
0.322
0.212
0.075
0.243
0.474
0.367
0.616
0.593
0.709
0.309
0.243
0.556
0.397
0.168
0.243
0.280
0.191
0.212
0.219
0.176
0.184
0.219
0.254
0.225
0.339
0.514
0.721
0.679
0.856
0.717
0.371
0.327
0.243
0.249
0.198
0.219
0.219
0.265
0.191
0.159
0.119
0.352
0.260
0.295
0.159
0.159
0.198
0.119
0.212
0.130
0.092
0.119
0.106
0.075
0.130
0.092
0.275
0.168
0.212
0.249
0.219
0.249
0.225
0.205
0.140
0.119
0.168
0.159
0.198
0.119
0.000
0.150
0.191
0.150
0.130
0.119
0.000
0.000
0.000
0.000
0.159
0.237
0.106
0.198
0.219
0.092
0.176
0.075
0.168
0.191
0.191
0.176
0.168
0.159
0.092
0.119
0.119
0.191
0.168
0.130
0.191
0.205
0.176
0.212
0.140
0.159
0.130
0.130
0.000
0.140
0.119
0.053
0.191
0.212
0.168
0.184
0.275
0.106
0.000
0.106
0.000
0.000
0.150
0.119
0.231
0.176
0.243
0.254
0.205
0.212
0.275
0.159
0.231
0.198
0.249
0.159
0.212
0.205
0.176
0.198
0.176
0.106
0.000
0.053
0.075
0.075
0.075
0.237
0.075
0.205
0.225
0.219
0.231
0.249
0.168
0.184
0.140
0.243
0.212
0.212
0.225
0.159
0.168
0.106
0.249
0.198
0.140
0.168
0.198
0.198
0.198
0.159
0.159
0.140
0.205
0.198
0.159
0.150
0.140
0.130
0.106
0.285
0.205
0.092
0.053
0.184
0.191
0.092
0.184
0.184
0.130
0.198
0.159
0.140
0.275
0.260
0.053
0.119
0.150
0.075
0.000
0.075
0.092
0.092
0.237
0.119
0.205
0.191
0.140
0.168
0.176
0.150
0.159
0.225
0.176
0.106
0.184
0.168
0.140
0.198
0.150
0.184
0.119
0.130
0.106
0.140
0.176
0.168
0.168
0.191
0.176
0.092
0.053
0.106
0.053
0.075
0.176
0.212
0.130
0.440
0.363
0.352
0.184
0.130
0.159
0.130
0.119
0.053
0.356
0.119
0.119
0.000
0.075
0.000
0.092
0.000
0.053
0.000
0.140
0.000
0.604
0.632
0.486
0.590
0.597
0.629
0.699
0.576
0.715
0.581
0.477
0.556
0.571
0.474
0.225
0.378
0.746
0.649
0.561
0.632
0.658
0.553
0.578
0.786
1.035
0.638
0.590
0.683
0.697
0.802
0.802
0.497
0.892
0.906
0.915
1.021
0.703
0.807
0.672
0.779
0.748
0.629
0.645
0.707
0.719
0.477
0.453
0.588
0.503
0.759
0.958
1.041
0.872
0.339
0.339
0.774
0.770
0.799
0.701
0.511
0.530
0.885
0.918
0.972
1.006
0.993
0.973
0.974
0.979
0.983
0.868
0.967
0.964
0.711
0.489
0.761
0.546
0.783
0.843
0.882
0.915
0.757
0.784
0.556
0.866
0.548
0.543
0.486
0.632
0.437
0.566
0.625
0.411
0.407
0.540
0.738
0.471
0.563
0.713
0.748
0.367
0.434
0.590
0.614
0.519
0.389
0.191
0.506
0.417
0.602
0.527
0.459
0.556
0.874
0.343
0.836
0.855
0.607
0.411
0.378
0.519
0.386
0.578
0.437
0.285
0.411
0.304
0.363
0.348
0.212
0.159
0.371
0.585
0.348
0.492
0.393
0.249
0.645
0.707
0.595
0.581
0.774
0.543
0.563
0.835
0.703
0.697
0.666
0.757
0.695
0.772
0.568
0.225
0.869
0.807
0.777
0.727
0.578
0.656
0.717
0.668
0.845
0.921
0.738
0.941
0.788
0.590
0.841
0.705
0.525
0.309
0.443
0.511
0.707
0.705
0.588
0.440
0.367
0.581
0.556
0.500
0.453
0.494
0.553
0.593
0.304
0.309
0.556
0.500
0.548
0.517
0.597
0.525
0.356
0.500
0.508
0.468
0.618
0.503
0.511
0.427
0.500
0.375
0.343
0.645
0.447
0.348
0.471
0.506
0.414
0.453
0.494
0.494
0.443
0.492
0.411
0.508
0.638
0.260
0.231
0.462
0.191
0.447
0.427
0.492
0.371
0.506
0.309
0.327
0.638
0.629
0.280
0.447
0.480
0.763
0.723
0.740
0.514
0.407
0.623
0.494
0.130
0.427
0.707
0.614
0.734
0.701
0.830
0.604
0.447
0.551
0.593
0.375
0.414
0.411
0.411
0.453
0.270
0.243
0.679
0.519
0.508
0.750
0.339
0.486
0.685
0.424
0.468
0.459
0.363
0.583
0.629
0.492
0.681
0.740
0.675
0.629
0.677
0.863
0.824
0.699
0.378
0.791
0.871
0.888
0.996
0.851
0.576
0.651
0.653
0.872
0.738
0.348
0.424
0.411
0.275
0.437
0.322
0.386
0.249
0.295
0.548
0.632
0.543
0.465
0.551
0.632
0.535
0.483
0.404
0.645
0.668
0.553
0.809
0.705
0.871
0.709
0.748
0.670
0.853
0.960
0.755
0.721
0.611
0.693
0.443
0.371
0.538
0.497
0.535
0.757
0.578
0.687
0.447
0.530
0.506
0.672
0.578
0.468
0.563
0.578
0.506
0.588
0.556
0.486
0.517
0.618
0.477
0.656
0.566
0.672
0.800
0.571
0.670
0.774
0.884
1.069
1.102
1.052
0.913
0.864
0.869
0.697
0.367
0.503
0.517
0.811
0.729
0.573
0.677
0.662
0.514
0.836
0.474
0.489
0.511
0.538
0.701
0.774
1.010
1.015
1.055
1.045
1.001
0.996
1.006
0.958
0.939
0.869
0.904
0.668
0.265
0.553
0.407
0.447
0.290
0.275
0.198
0.184
0.159
0.159
0.092
0.159
0.130
0.219
0.219
0.184
0.198
0.243
0.331
0.191
0.150
0.237
0.275
0.198
0.191
0.205
0.265
0.393
0.280
0.219
0.331
0.343
0.285
0.382
0.339
0.309
0.304
0.331
0.304
0.400
0.443
0.275
0.212
0.225
0.304
0.352
0.335
0.400
0.231
0.265
0.348
0.285
0.352
0.290
0.389
0.314
0.285
0.270
0.378
0.198
0.231
0.375
0.382
0.668
0.658
0.824
0.923
0.936
0.781
0.471
0.869
0.793
0.527
0.367
0.508
0.568
0.548
0.543
0.588
0.393
0.327
0.371
0.400
0.318
0.593
0.331
0.393
0.503
0.558
0.359
0.411
0.616
0.734
0.950
0.763
0.662
0.744
0.869
0.818
0.948
0.766
0.697
0.300
0.731
0.662
0.893
0.781
0.371
0.427
0.359
0.400
0.260
0.243
0.285
0.231
0.219
0.237
0.225
0.092
0.150
0.198
0.075
0.198
0.219
0.119
0.119
0.000
0.000
0.092
0.000
0.075
0.000
0.092
0.205
0.000
0.092
0.000
0.176
0.053
0.517
0.468
0.176
0.583
0.634
0.660
0.761
0.851
0.843
0.939
0.966
0.666
0.930
0.779
0.795
0.906
0.766
0.382
0.468
0.563
0.723
0.892
0.947
1.094
0.627
0.607
0.618
0.382
0.389
0.382
0.607
0.672
0.414
0.707
0.721
0.585
0.634
0.411
0.830
0.851
0.588
0.558
0.514
0.571
0.759
0.856
0.853
0.892
0.761
0.963
0.980
0.945
0.695
0.553
0.474
0.783
0.926
0.881
0.685
0.814
0.969
0.850
0.732
0.916
0.851
0.746
0.856
0.824
0.843
0.851
0.522
0.212
0.670
0.797
0.751
0.506
0.649
0.477
0.290
0.382
0.527
0.371
0.327
0.527
0.725
0.538
0.494
0.556
0.465
0.443
0.634
0.465
0.400
0.666
0.750
0.788
0.806
0.845
0.903
0.840
0.841
0.858
0.871
0.766
0.850
0.746
0.791
0.623
0.620
0.225
0.212
0.184
0.265
0.075
0.205
0.176
0.092
0.522
0.616
0.768
0.766
0.851
0.597
0.522
0.389
0.417
0.774
0.681
0.237
0.168
0.191
0.000
0.140
0.150
0.205
0.352
0.500
0.453
0.231
0.304
0.309
0.421
0.314
0.553
0.290
0.237
0.176
0.231
0.243
0.140
0.205
0.212
0.140
0.053
0.000
0.000
0.176
0.130
0.159
0.000
0.000
0.176
0.176
0.184
0.000
0.176
0.092
0.000
0.075
0.053
0.000
0.140
0.092
0.000
0.000
0.053
0.119
0.000
0.168
0.000
0.000
0.000
0.053
0.000
0.053
0.075
0.000
0.184
0.053
0.000
0.176
0.000
0.000
0.000
0.000
0.119
0.000
0.000
0.000
0.000
0.000
0.000
0.000
0.000
0.053
0.000
0.053
0.106
0.000
0.000
0.000
0.000
0.000
0.000
0.000
0.000
0.053
0.150
0.000
0.000
0.168
0.053
0.000
0.053
0.053
0.000
0.000
0.000
0.000
0.130
0.053
0.075
0.000
0.000
0.053
0.000
0.075
0.130
0.000
0.000
0.000
0.000
0.000
0.000
0.000
0.000
0.000
0.000
0.000
0.000
0.000
0.000
0.000
0.053
0.000
0.119
0.000
0.000
0.000
0.000
0.000
0.000
0.000
0.000
0.053
0.000
0.237
0.092
0.000
0.092
0.000
0.000
0.053
0.000
0.000
0.000
0.000
0.000
0.000
0.000
0.000
0.000
0.000
0.000
0.075
0.053
0.000
0.000
0.000
0.000
0.150
0.000
0.000
0.000
0.000
0.053
0.000
0.053
0.000
0.000
0.053
0.092
0.053
0.000
0.000
0.000
0.000
0.000
0.000
0.000
0.000
0.000
0.000
0.000
0.000
0.000
0.000
0.000
0.000
0.000
0.000
0.000
0.000
0.000
0.000
0.000
0.000
0.000
0.000
0.000
0.000
0.000
0.053
0.053
0.000
0.000
0.000
0.000
0.000
0.000
0.000
0.000
0.000
0.000
0.000
0.000
0.000
0.000
0.000
0.000
0.053
0.000
0.000
0.000
0.000
0.075
0.000
0.000
0.140
0.000
0.000
0.000
0.092
0.000
0.130
0.000
0.000
0.000
0.000
0.053
0.000
0.000
0.000
0.000
0.000
0.000
0.000
0.000
0.000
0.000
0.000
0.000
0.000
0.053
0.000
0.000
0.000
0.053
0.053
0.106
0.000
0.191
0.000
0.000
0.000
0.000
0.000
0.000
0.000
0.000
0.000
0.000
0.000
0.000
0.000
0.000
0.092
0.000
0.000
0.000
0.000
0.000
0.000
0.000
0.000
0.000
0.000
0.000
0.000
0.000
0.000
0.000
0.000
0.000
0.000
0.000
0.000
0.000
0.000
0.000
0.000
0.000
0.000
0.000
0.000
0.000
0.000
0.000
0.000
0.130
0.159
0.000
0.000
0.053
0.000
0.000
0.000
0.000
0.000
0.000
0.000
0.000
0.000
0.000
0.000
0.000
0.075
0.000
0.000
0.159
0.000
0.000
0.000
0.000
0.000
0.000
0.000
0.000
0.000
0.000
0.000
0.000
0.000
0.000
0.000
0.000
0.000
0.000
0.000
0.000
0.000
0.000
0.168
0.000
0.000
0.000
0.000
0.000
0.000
0.000
0.000
0.000
0.000
0.000
0.150
0.270
0.339
0.130
0.219
0.249
0.191
0.295
0.411
0.309
0.367
0.295
0.140
0.327
0.254
0.265
0.356
0.159
0.609
0.590
0.620
0.651
0.563
0.683
0.556
0.548
0.437
0.440
0.382
0.517
0.407
0.348
0.375
0.309
0.295
0.249
0.404
0.486
0.585
0.548
0.697
0.468
0.356
0.543
0.486
0.130
0.119
0.159
0.500
0.563
0.581
0.489
0.703
0.616
0.666
0.634
0.795
0.757
0.866
0.819
0.751
0.645
0.568
0.119
0.140
0.270
0.503
0.322
0.191
0.489
0.237
0.184
0.092
0.198
0.184
0.176
0.543
0.304
0.393
0.609
0.719
0.459
0.558
0.620
0.462
0.540
0.634
0.675
0.525
0.386
0.363
0.389
0.159
0.270
0.212
0.503
0.363
0.359
0.359
0.382
0.275
0.314
0.300
0.318
0.453
0.653
0.697
0.489
0.548
0.477
0.533
0.348
0.607
0.295
0.590
0.437
0.486
0.494
0.583
0.551
0.656
0.620
0.672
0.677
0.632
0.727
0.707
0.697
0.511
0.314
0.254
0.198
0.249
0.331
0.339
0.382
0.459
0.689
0.664
0.742
0.781
0.540
0.530
0.176
0.407
0.483
0.618
0.677
0.790
0.881
0.645
0.225
0.119
0.119
0.119
0.106
0.053
0.000
0.000
0.106
0.176
0.184
0.304
0.440
0.417
0.477
0.265
0.318
0.375
0.348
0.168
0.176
0.159
0.184
0.140
0.150
0.225
0.053
0.150
0.053
0.106
0.191
0.000
0.053
0.092
0.106
0.000
0.000
0.000
0.106
0.000
0.000
0.075
0.000
0.000
0.243
0.318
0.322
0.359
0.348
0.327
0.389
0.400
0.339
0.583
0.465
0.563
0.525
0.742
0.578
0.921
0.546
0.566
0.636
0.843
0.679
0.629
0.788
0.759
0.806
0.818
0.723
0.590
0.643
0.719
0.551
0.295
0.456
0.571
0.581
0.231
0.480
0.285
0.249
0.483
0.616
0.492
0.583
0.295
0.280
0.459
0.611
0.609
0.400
0.666
0.462
0.393
0.440
0.489
0.343
0.212
0.468
0.597
0.548
0.378
0.356
0.841
0.585
1.047
0.783
0.494
0.551
0.184
0.607
0.404
0.359
0.300
0.386
0.717
0.400
0.590
0.421
0.424
0.335
0.427
0.860
0.826
0.375
0.437
0.614
0.709
0.677
0.845
0.486
0.711
0.658
0.629
0.568
0.647
0.618
0.590
0.691
0.618
0.363
0.424
0.434
0.382
0.707
0.506
0.318
0.609
0.295
0.275
0.725
0.766
0.691
0.774
0.727
0.759
0.668
0.511
0.719
0.826
0.938
0.923
0.841
0.869
1.039
0.899
0.855
0.636
0.964
0.885
0.689
0.658
0.715
0.465
0.437
0.647
0.693
0.691
0.453
0.634
0.389
0.427
0.363
0.280
0.727
0.640
0.511
0.573
0.634
0.750
0.625
0.717
0.590
0.447
0.566
0.477
0.421
0.593
0.525
0.327
0.450
0.571
0.616
0.888
0.693
0.670
0.853
0.658
0.130
0.356
0.295
0.219
0.212
0.176
0.184
0.092
0.130
0.159
0.265
0.363
0.212
0.184
0.159
0.198
0.205
0.237
0.130
0.075
0.092
0.159
0.000
0.053
0.000
0.000
0.000
0.477
0.604
0.427
0.707
0.715
0.871
0.732
0.881
0.871
0.818
0.853
0.766
0.649
0.456
0.620
0.783
0.618
0.500
0.219
0.000
0.140
0.119
0.053
0.000
0.130
0.053
0.119
0.075
0.053
0.053
0.140
0.119
0.092
0.119
0.140
0.159
0.231
0.480
0.400
0.527
0.651
0.530
0.514
0.424
0.546
0.424
0.553
0.736
0.670
0.821
0.705
0.618
0.573
0.546
0.679
0.243
0.636
0.359
0.607
0.212
0.514
0.711
0.740
0.571
0.563
0.314
0.407
0.322
0.382
0.431
0.453
0.497
0.614
0.483
0.538
0.563
0.625
0.382
0.225
0.295
0.254
0.620
0.417
0.343
0.335
0.254
0.260
0.285
0.363
0.414
0.327
0.343
0.260
0.378
0.590
0.600
0.359
0.382
0.275
0.672
0.530
0.566
0.566
0.492
0.443
0.581
0.583
0.519
0.538
0.530
0.494
0.465
0.400
0.546
0.382
0.506
0.443
0.411
0.371
0.427
0.517
0.367
0.561
0.386
0.404
0.335
0.386
0.576
0.465
0.378
0.629
0.632
0.543
0.618
0.492
0.675
0.668
0.465
0.556
0.561
0.611
0.275
0.130
0.130
0.184
0.140
0.130
0.159
0.092
0.140
0.159
0.335
0.434
0.424
0.517
0.280
0.563
0.459
0.662
0.427
0.506
0.533
0.414
0.290
0.243
0.285
0.687
0.629
0.265
0.404
0.437
0.275
0.677
0.742
0.636
0.672
0.868
0.640
0.578
0.793
0.863
0.901
0.893
0.953
0.693
0.814
0.636
0.260
0.489
0.734
0.740
0.573
0.658
0.540
0.609
0.506
0.424
0.407
0.863
0.653
0.260
0.300
0.375
0.375
0.237
0.295
0.343
0.254
0.254
0.225
0.356
0.205
0.290
0.367
0.356
0.184
0.309
0.352
0.231
0.558
0.632
0.497
0.275
0.434
0.453
0.530
0.400
0.462
0.468
0.407
0.295
0.492
0.450
0.363
0.519
0.304
0.713
0.356
0.543
0.483
0.573
0.697
0.609
0.863
0.607
0.699
0.748
0.632
0.913
0.727
0.561
0.802
0.932
0.788
0.623
0.701
1.000
0.973
0.755
0.367
0.616
0.468
0.896
0.761
0.823
0.590
0.640
0.675
0.779
0.753
0.777
0.717
0.860
0.879
0.781
0.744
0.814
0.797
0.871
0.823
0.176
0.119
0.119
0.140
0.525
0.275
0.414
0.503
0.275
0.397
0.548
0.558
0.638
0.687
0.717
0.576
0.393
0.480
0.571
0.465
0.616
0.497
0.593
0.480
0.243
0.566
0.643
0.649
0.309
0.471
0.593
0.640
0.465
0.525
0.462
0.662
0.474
0.375
0.150
0.450
0.331
0.389
0.530
0.609
0.705
0.533
0.453
0.697
0.786
0.725
0.823
0.763
0.841
0.853
0.590
0.243
0.225
0.331
0.683
0.568
0.683
0.790
0.753
0.571
0.719
0.645
0.748
0.618
0.664
0.679
0.677
0.788
0.858
0.907
0.887
0.904
0.903
0.895
0.885
0.923
0.625
0.795
0.717
0.731
0.604
0.508
0.571
0.486
0.389
0.363
0.530
0.597
0.571
0.494
0.709
0.668
0.632
0.483
0.807
0.677
0.845
0.929
0.954
0.848
0.942
1.056
0.775
0.945
0.893
0.910
0.913
0.953
0.508
0.804
0.899
0.848
0.804
0.742
0.492
0.746
0.840
0.953
0.772
0.508
0.497
0.260
0.191
0.075
0.260
0.382
0.212
0.159
0.000
0.140
0.000
0.119
0.000
0.000
0.092
0.000
0.198
0.053
0.000
0.000
0.159
0.159
0.075
0.130
0.000
0.130
0.119
0.119
0.000
0.176
0.140
0.000
0.000
0.000
0.000
0.000
0.000
0.000
0.140
0.140
0.092
0.295
0.527
0.530
0.585
0.695
0.576
0.689
0.675
0.519
0.456
0.367
0.522
0.219
0.285
0.397
0.566
0.670
0.658
0.658
0.527
0.492
0.492
0.371
0.511
0.871
0.738
0.571
0.573
0.597
0.742
0.558
0.664
0.689
0.556
0.583
0.620
0.456
0.424
0.231
0.254
0.327
0.335
0.343
0.506
0.489
0.421
0.411
0.480
0.363
0.453
0.254
0.331
0.535
0.322
0.517
0.486
0.535
0.421
0.225
0.231
0.348
0.322
0.440
0.407
0.431
0.573
0.356
0.465
0.285
0.140
0.168
0.514
0.300
0.393
0.437
0.348
0.363
0.492
0.382
0.295
0.335
0.280
0.352
0.237
0.260
0.275
0.231
0.219
0.318
0.331
0.519
0.511
0.675
0.525
0.530
0.404
0.404
0.497
0.465
0.309
0.212
0.322
0.343
0.604
0.548
0.371
0.300
0.764
0.736
0.649
0.427
0.434
0.367
0.434
0.363
0.280
0.407
0.393
0.508
0.371
0.378
0.318
0.494
0.462
0.318
0.400
0.249
0.243
0.322
0.300
0.290
0.212
0.176
0.249
0.243
0.363
0.427
0.474
0.309
0.331
0.447
0.576
0.427
0.285
0.304
0.393
0.322
0.447
0.850
1.040
0.681
0.723
0.764
0.788
0.932
0.944
0.800
0.670
0.766
0.656
0.685
0.838
0.907
0.841
0.677
0.691
0.522
0.447
0.632
0.695
0.548
0.664
0.759
0.530
0.578
0.629
0.300
0.053
0.075
0.119
0.053
0.371
0.371
0.397
0.404
0.285
0.558
0.527
0.519
0.506
0.407
0.290
0.219
0.140
0.480
0.556
0.530
0.447
0.427
0.447
0.414
0.530
0.583
0.602
0.576
0.738
0.465
0.503
0.400
0.437
0.378
0.492
0.653
0.881
0.462
0.675
0.389
0.327
0.691
0.437
0.459
0.414
0.517
0.653
0.638
0.616
0.500
0.795
0.711
0.600
0.581
0.453
0.581
0.693
0.861
0.918
0.906
0.742
0.683
0.766
0.725
0.681
0.304
0.437
0.634
0.731
0.783
0.836
0.872
0.895
0.840
0.804
0.846
0.585
0.797
0.779
0.651
0.568
0.636
0.590
0.480
0.000
0.150
0.000
0.393
0.290
0.576
0.525
0.503
0.538
0.566
0.431
0.375
0.511
0.404
0.339
0.497
0.656
0.590
0.382
0.717
0.846
0.331
0.961
0.393
0.477
0.280
0.327
0.468
0.590
0.540
0.474
0.440
0.597
0.417
0.443
0.411
0.486
0.563
0.640
0.616
0.578
0.699
0.819
0.775
0.725
0.685
0.477
0.697
0.672
0.882
0.828
0.750
0.640
0.890
0.892
0.295
0.184
0.075
0.184
0.378
0.327
0.304
0.168
0.168
0.249
0.168
0.184
0.159
0.119
0.000
0.000
0.053
0.130
0.000
0.000
0.130
0.119
0.000
0.000
0.000
0.000
0.000
0.000
0.000
0.140
0.106
0.000
0.000
0.000
0.000
0.000
0.000
0.150
0.000
0.000
0.000
0.075
0.000
0.000
0.000
0.092
0.000
0.150
0.339
0.275
0.243
0.378
0.184
0.447
0.517
0.503
0.517
0.643
0.666
0.793
0.788
0.681
0.701
0.742
0.948
0.933
0.864
0.856
0.882
0.885
0.918
0.881
0.643
0.593
0.590
0.568
0.583
0.540
0.335
0.212
0.407
0.489
0.309
0.583
0.231
0.468
0.497
0.627
0.561
0.393
0.443
0.265
0.331
0.443
0.647
0.607
0.260
0.647
0.517
0.551
0.471
0.434
0.471
0.459
0.363
0.530
0.462
0.506
0.434
0.623
0.675
0.668
0.759
0.447
0.304
0.375
0.367
0.687
0.371
0.514
0.456
0.595
0.331
0.356
0.417
0.514
0.581
0.848
0.691
0.434
0.506
0.414
0.397
0.474
0.625
0.593
0.393
0.546
0.571
0.497
0.623
0.670
0.571
0.597
0.538
0.522
0.548
0.471
0.645
0.804
0.609
0.627
0.604
0.699
0.620
0.643
0.625
0.566
0.721
0.437
0.480
0.640
0.494
0.471
0.480
0.468
0.736
0.620
0.486
0.437
0.483
0.670
0.744
0.525
0.270
0.662
0.863
0.863
0.393
0.573
0.417
0.636
0.538
0.474
0.382
0.348
0.431
0.611
0.275
0.477
0.506
0.558
0.462
0.563
0.474
0.363
0.443
0.407
0.561
0.489
0.434
0.535
0.285
0.656
0.675
0.456
0.806
0.770
0.649
0.693
0.775
0.538
0.563
0.285
0.393
0.237
0.339
0.440
0.732
0.658
0.806
0.382
0.538
0.709
0.607
0.471
0.440
0.701
0.709
0.625
0.625
0.846
0.548
0.483
0.309
0.618
0.327
0.414
0.588
0.581
0.721
0.506
0.483
0.548
0.553
0.434
0.500
0.474
0.437
0.335
0.304
0.304
0.343
0.300
0.411
0.375
0.331
0.683
0.821
0.775
0.450
0.393
0.548
0.768
0.685
0.732
0.727
0.503
0.285
0.237
0.231
0.243
0.140
0.225
0.275
0.168
0.140
0.150
0.000
0.000
0.140
0.000
0.168
0.119
0.000
0.075
0.130
0.106
0.000
0.000
0.000
0.000
0.295
0.450
0.604
0.453
0.375
0.691
0.568
0.593
0.609
0.295
0.431
0.558
0.768
0.772
0.877
0.703
0.651
0.812
0.766
0.901
0.970
0.836
0.719
0.941
0.816
0.590
0.927
0.709
0.634
0.597
0.530
0.525
0.799
0.896
1.060
0.359
0.417
0.833
0.715
0.666
0.800
0.872
0.623
0.759
0.882
0.848
0.863
0.824
0.609
0.887
0.791
0.923
0.926
0.966
0.888
0.913
0.389
0.535
0.309
0.751
0.779
0.836
0.882
0.864
0.887
0.861
0.809
0.198
0.176
0.343
0.363
0.331
0.343
0.275
0.290
0.270
0.243
0.184
0.198
0.198
0.000
0.198
0.140
0.205
0.150
0.205
0.092
0.176
0.397
0.417
0.119
0.176
0.191
0.106
0.140
0.184
0.249
0.184
0.140
0.168
0.191
0.168
0.212
0.184
0.212
0.000
0.150
0.000
0.053
0.000
0.000
0.000
0.000
0.000
0.407
0.437
0.494
0.543
0.651
0.662
0.561
0.551
0.450
0.270
0.348
0.431
0.427
0.371
0.474
0.566
0.468
0.393
0.456
0.514
0.440
0.260
0.966
0.662
0.757
0.658
0.593
0.578
0.797
0.701
0.371
0.417
0.611
0.772
0.632
0.566
0.823
0.597
0.533
0.522
0.327
0.159
0.225
0.205
0.184
0.450
0.689
0.494
0.775
0.779
0.431
0.625
0.697
0.768
1.037
0.666
0.265
0.604
0.781
0.812
0.938
0.903
0.417
0.721
0.936
1.006
0.989
0.923
0.831
0.775
0.640
0.389
0.597
0.649
0.836
0.578
0.468
0.465
0.649
0.755
0.779
0.755
0.649
0.855
0.768
0.884
0.901
0.944
0.999
1.010
0.986
0.986
0.850
0.689
0.831
1.014
0.912
0.295
0.075
0.075
0.000
0.159
0.000
0.000
0.634
0.540
0.530
0.400
0.573
0.753
0.681
0.775
0.909
0.634
0.744
0.731
0.781
0.860
0.895
0.856
0.595
0.176
0.681
0.623
0.679
0.434
0.378
0.508
0.375
0.447
0.519
0.421
0.453
0.327
0.427
0.551
0.519
0.443
0.600
0.717
0.538
0.450
0.397
0.453
0.270
0.576
0.494
0.543
0.571
0.506
0.468
0.593
0.588
0.359
0.309
0.486
0.483
0.290
0.140
0.533
0.790
0.742
0.668
0.511
0.205
0.270
0.465
0.625
0.363
0.270
0.168
0.275
0.237
0.356
0.434
0.331
0.440
0.159
0.176
0.205
0.219
0.000
0.168
0.053
0.000
0.092
0.075
0.243
0.356
0.237
0.198
0.191
0.168
0.150
0.119
0.191
0.092
0.106
0.053
0.130
0.000
0.119
0.168
0.075
0.106
0.119
0.000
0.168
0.198
0.140
0.000
0.130
0.212
0.300
0.237
0.219
0.280
0.225
0.184
0.150
0.075
0.092
0.000
0.000
0.000
0.000
0.000
0.106
0.265
0.212
0.243
0.375
0.275
0.212
0.290
0.212
0.150
0.184
0.300
0.290
0.280
0.285
0.322
0.386
0.327
0.456
0.386
0.348
0.339
0.339
0.427
0.348
0.450
0.300
0.225
0.219
0.106
0.225
0.231
0.191
0.092
0.280
0.119
0.231
0.237
0.260
0.159
0.243
0.237
0.191
0.000
0.119
0.140
0.000
0.000
0.130
0.092
0.140
0.237
0.176
0.168
0.159
0.212
0.205
0.191
0.176
0.205
0.212
0.184
0.198
0.130
0.198
0.198
0.231
0.322
0.378
0.314
0.500
0.489
0.571
0.548
0.249
0.440
0.363
0.400
0.212
0.335
0.270
0.427
0.593
0.660
0.653
0.649
0.590
0.397
0.331
0.393
0.314
0.421
0.393
0.352
0.393
0.231
0.159
0.150
0.331
0.309
0.130
0.280
0.295
0.106
0.130
0.119
0.000
0.075
0.000
0.000
0.000
0.000
0.000
0.053
0.053
0.212
0.000
0.000
0.000
0.000
0.000
0.000
0.000
0.000
0.000
0.000
0.000
0.000
0.000
0.000
0.000
0.000
0.000
0.000
0.000
0.000
0.000
0.000
0.000
0.000
0.000
0.000
0.130
0.000
0.000
0.000
0.000
0.130
0.000
0.000
0.075
0.000
0.000
0.000
0.000
0.159
0.000
0.106
0.000
0.000
0.000
0.000
0.000
0.000
0.000
0.000
0.000
0.000
0.000
0.000
0.000
0.000
0.106
0.000
0.000
0.000
0.000
0.198
0.304
0.285
0.159
0.219
0.300
0.140
0.339
0.424
0.670
0.705
0.431
0.725
0.634
0.740
0.695
0.695
0.809
0.831
0.901
0.841
1.065
0.713
0.367
0.581
0.614
0.254
0.335
0.304
0.159
0.265
0.219
0.168
0.243
0.053
0.249
0.609
0.356
0.766
0.543
0.775
0.812
0.926
0.907
0.838
0.578
0.343
0.833
0.853
0.802
0.866
0.681
0.797
0.660
0.548
0.331
0.715
0.275
0.705
0.781
0.851
0.411
0.352
