0.735
0.000
0.274
0.164
0.187
0.164
0.116
0.103
0.155
0.146
0.000
0.000
0.146
0.000
0.172
0.146
0.155
0.155
0.073
0.187
0.116
0.137
0.146
0.137
0.155
0.172
0.155
0.213
0.155
0.179
0.155
0.073
0.073
0.127
0.164
0.127
0.172
0.155
0.155
0.090
0.347
0.543
0.502
0.445
0.331
0.946
0.491
0.574
0.813
0.621
0.665
0.538
0.957
0.634
0.671
0.648
0.715
0.614
0.831
0.844
0.715
0.766
0.491
0.411
0.623
0.564
0.442
0.652
0.283
0.652
0.283
0.362
0.279
0.417
0.259
0.665
0.723
0.685
0.220
0.373
0.451
0.226
0.411
0.414
0.283
0.253
0.407
0.466
0.533
0.569
0.665
0.793
0.834
0.875
0.951
0.951
0.964
0.933
0.969
1.040
1.043
0.769
0.833
0.734
0.997
0.474
0.574
0.264
0.430
0.619
0.351
0.621
0.907
0.864
1.013
0.844
0.279
0.767
0.606
0.612
0.496
0.623
0.583
0.599
0.606
0.480
0.606
0.569
0.448
0.538
0.417
0.439
0.845
0.510
0.302
0.543
0.545
0.391
0.543
0.466
0.494
0.213
0.397
0.417
0.355
0.597
0.592
0.567
0.581
0.355
0.343
0.310
0.335
0.477
0.430
0.179
0.397
0.306
0.384
0.401
0.370
0.387
0.362
0.560
0.530
0.366
0.302
0.335
0.274
0.315
0.488
0.306
0.629
0.878
0.863
0.439
0.327
0.543
0.673
0.638
0.127
0.466
0.116
0.675
0.590
0.283
0.411
0.502
0.773
0.795
0.813
0.889
0.823
0.644
0.306
0.552
0.606
0.424
0.439
0.528
0.448
0.404
0.540
0.315
0.306
0.323
0.391
0.451
0.627
0.588
0.706
0.877
0.792
0.797
0.632
0.588
0.764
0.557
0.297
0.886
0.753
0.688
0.248
0.226
0.430
0.327
0.362
0.319
0.269
0.213
0.293
0.226
0.248
0.343
0.243
0.269
0.213
0.137
0.319
0.380
0.090
0.137
0.073
0.213
0.283
0.306
0.310
0.213
0.237
0.073
0.187
0.127
0.090
0.155
0.380
0.243
0.335
0.319
0.283
0.269
0.237
0.279
0.297
0.200
0.253
0.253
0.155
0.310
0.288
0.283
0.283
0.283
0.237
0.248
0.331
0.283
0.306
0.310
0.116
0.073
0.000
0.164
0.000
0.000
0.000
0.073
0.137
0.127
0.073
0.116
0.000
0.000
0.090
0.146
0.073
0.000
0.000
0.000
0.000
0.000
0.127
0.000
0.137
0.384
0.319
0.436
0.430
0.659
0.669
0.638
0.283
0.116
0.243
0.442
0.704
0.842
0.708
0.686
0.863
0.889
0.886
0.588
0.567
0.288
0.460
0.302
0.471
0.310
0.269
0.677
0.748
0.872
0.937
0.512
0.248
0.347
0.540
0.644
0.612
0.545
0.491
0.507
0.673
0.778
0.704
0.717
0.826
1.010
1.011
0.884
0.430
0.525
0.679
0.855
0.746
0.847
0.950
1.023
0.991
1.005
0.844
0.510
0.860
0.901
0.834
0.614
0.401
0.724
0.671
0.283
0.562
0.550
0.407
0.659
0.632
0.477
0.194
0.362
0.310
0.248
0.200
0.274
0.293
0.433
0.457
0.719
0.619
0.619
0.512
0.474
0.685
0.629
0.567
0.477
0.499
0.451
0.512
0.557
0.335
0.590
0.603
0.530
0.597
0.671
0.520
0.335
0.457
0.730
0.698
0.439
0.283
0.274
0.523
0.474
0.279
0.507
0.517
0.504
0.642
0.627
0.397
0.599
0.319
0.404
0.436
0.448
0.466
0.417
0.494
0.480
0.226
0.463
0.502
0.397
0.550
0.599
0.694
0.724
0.619
0.380
0.496
0.439
0.560
0.621
0.735
0.780
0.451
0.380
0.507
0.690
0.448
0.306
0.387
0.550
0.690
0.564
0.339
0.187
0.248
0.293
0.237
0.237
0.237
0.179
0.179
0.283
0.164
0.116
0.137
0.137
0.000
0.052
0.155
0.237
0.172
0.127
0.231
0.200
0.248
0.288
0.226
0.264
0.172
0.187
0.226
0.269
0.335
0.194
0.155
0.164
0.283
0.248
0.172
0.164
0.155
0.172
0.187
0.179
0.172
0.000
0.243
0.146
0.137
0.231
0.103
0.000
0.172
0.000
0.155
0.000
0.164
0.243
0.052
0.090
0.052
0.000
0.073
0.127
0.090
0.220
0.179
0.116
0.127
0.137
0.052
0.090
0.103
0.000
0.137
0.155
0.000
0.000
0.073
0.000
0.000
0.000
0.127
0.226
0.243
0.194
0.172
0.200
0.137
0.187
0.127
0.207
0.213
0.200
0.231
0.116
0.253
0.179
0.226
0.194
0.200
0.207
0.200
0.207
0.200
0.172
0.226
0.155
0.194
0.137
0.127
0.137
0.164
0.200
0.187
0.172
0.172
0.220
0.220
0.172
0.146
0.194
0.146
0.200
0.226
0.200
0.243
0.200
0.207
0.052
0.172
0.127
0.213
0.155
0.090
0.164
0.137
0.146
0.146
0.164
0.073
0.090
0.164
0.137
0.164
0.155
0.137
0.200
0.179
0.179
0.146
0.187
0.090
0.155
0.155
0.179
0.187
0.155
0.164
0.213
0.090
0.155
0.187
0.155
0.179
0.155
0.164
0.155
0.164
0.000
0.146
0.194
0.164
0.137
0.116
0.172
0.194
0.179
0.187
0.200
0.155
0.164
0.127
0.231
0.073
0.155
0.137
0.052
0.179
0.155
0.146
0.146
0.172
0.164
0.164
0.127
0.116
0.052
0.000
0.073
0.073
0.253
0.213
0.052
0.187
0.207
0.259
0.127
0.194
0.073
0.000
0.179
0.116
0.164
0.164
0.146
0.164
0.155
0.073
0.155
0.187
0.194
0.179
0.137
0.187
0.137
0.194
0.172
0.090
0.172
0.226
0.213
0.200
0.146
0.127
0.000
0.103
0.187
0.207
0.116
0.187
0.116
0.146
0.103
0.090
0.155
0.090
0.146
0.137
0.127
0.090
0.127
0.103
0.155
0.146
0.137
0.200
0.155
0.090
0.116
0.116
0.179
0.116
0.179
0.200
0.146
0.116
0.146
0.237
0.155
0.052
0.187
0.090
0.194
0.073
0.172
0.164
0.179
0.164
0.179
0.116
0.090
0.052
0.137
0.127
0.127
0.090
0.187
0.194
0.000
0.052
0.146
0.146
0.116
0.090
0.090
0.137
0.226
0.207
0.137
0.146
0.103
0.213
0.103
0.200
0.259
0.243
0.194
0.243
0.194
0.179
0.116
0.220
0.213
0.207
0.146
0.179
0.213
0.103
0.116
0.179
0.155
0.103
0.127
0.137
0.103
0.226
0.187
0.172
0.146
0.187
0.116
0.116
0.155
0.164
0.116
0.073
0.103
0.137
0.127
0.155
0.090
0.137
0.090
0.116
0.090
0.213
0.103
0.000
0.116
0.090
0.103
0.172
0.127
0.172
0.172
0.155
0.155
0.103
0.187
0.179
0.187
0.137
0.155
0.172
0.187
0.073
0.090
0.052
0.187
0.052
0.073
0.146
0.213
0.000
0.207
0.073
0.187
0.000
0.155
0.155
0.187
0.155
0.155
0.116
0.172
0.090
0.127
0.137
0.179
0.090
0.226
0.146
0.179
0.137
0.194
0.000
0.164
0.127
0.127
0.172
0.155
0.187
0.187
0.164
0.000
0.103
0.146
0.172
0.000
0.052
0.052
0.155
0.090
0.052
0.090
0.000
0.090
0.090
0.090
0.073
0.172
0.137
0.090
0.073
0.187
0.187
0.116
0.220
0.293
0.213
0.187
0.146
0.137
0.090
0.137
0.164
0.146
0.127
0.146
0.155
0.207
0.155
0.090
0.146
0.155
0.103
0.116
0.187
0.146
0.137
0.187
0.137
0.103
0.172
0.200
0.146
0.073
0.116
0.116
0.052
0.179
0.103
0.073
0.090
0.090
0.146
0.116
0.127
0.000
0.146
0.164
0.179
0.116
0.164
0.116
0.137
0.127
0.127
0.116
0.164
0.164
0.000
0.000
0.090
0.052
0.103
0.000
0.000
0.137
0.127
0.073
0.073
0.052
0.200
0.103
0.090
0.000
0.052
0.000
0.052
0.000
0.000
0.000
0.116
0.000
0.000
0.000
0.000
0.000
0.427
0.448
0.564
0.457
0.469
0.502
0.499
0.538
0.442
0.767
0.748
1.028
0.557
0.237
0.407
0.585
0.269
0.394
0.533
0.726
0.828
0.886
0.982
1.024
1.017
0.921
0.842
0.739
0.579
0.460
0.560
0.370
0.377
0.293
0.564
0.427
0.640
0.808
0.881
0.866
0.646
0.560
0.601
0.427
0.370
0.619
0.648
0.306
0.648
0.642
0.454
0.474
0.179
0.525
0.288
0.164
0.164
0.283
0.146
0.000
0.073
0.594
0.655
0.762
0.550
0.387
0.675
0.471
0.469
0.417
0.480
0.420
0.552
0.430
0.433
0.548
0.477
0.557
0.517
0.477
0.808
0.750
0.520
0.380
0.430
0.274
0.283
0.207
0.200
0.207
0.103
0.103
0.073
0.200
0.373
0.445
0.545
0.339
0.581
0.638
0.517
0.585
0.343
0.394
0.424
0.488
0.540
0.704
0.319
0.220
0.715
0.728
0.752
0.812
0.719
1.006
0.961
0.863
0.934
0.812
0.844
0.634
0.657
0.855
0.864
0.665
0.540
0.323
0.480
0.507
0.652
0.494
0.642
0.663
0.706
0.713
0.414
0.592
0.599
0.629
0.621
0.424
0.692
0.621
0.480
0.384
0.753
0.545
0.445
0.362
0.355
0.323
0.430
0.331
0.533
0.956
0.788
0.460
0.448
0.717
0.667
0.485
0.930
0.659
0.517
0.207
0.683
0.836
0.937
0.877
0.980
0.621
0.734
0.792
0.911
0.917
0.904
0.929
0.583
0.283
0.436
0.477
0.335
0.494
0.414
0.200
0.213
0.164
0.103
0.090
0.207
0.315
0.433
0.564
0.460
0.319
0.187
0.253
0.310
0.401
0.617
0.533
0.805
0.971
0.724
0.778
0.585
0.525
0.355
0.362
0.237
0.694
0.576
0.401
0.517
0.327
0.535
0.404
0.220
0.194
0.164
0.343
0.220
0.530
0.355
0.617
0.264
0.504
0.583
0.451
0.319
0.220
0.237
0.552
0.401
0.642
0.512
0.535
0.466
0.293
0.306
0.351
0.253
0.430
0.926
0.538
0.592
0.560
0.339
0.417
0.548
0.708
0.517
0.574
0.621
0.614
0.555
0.585
0.706
0.583
0.507
0.451
0.306
0.213
0.370
0.347
0.469
0.488
0.496
0.327
0.414
0.528
0.288
0.231
1.035
0.384
0.127
0.319
0.690
0.612
0.319
0.457
0.502
0.525
0.483
0.274
0.253
0.172
0.248
0.220
0.213
0.146
0.000
0.194
0.243
0.207
0.288
0.550
0.448
0.355
0.237
0.274
0.213
0.269
0.248
0.146
0.172
0.293
0.269
0.172
0.226
0.200
0.391
0.200
0.155
0.366
0.477
0.454
0.302
0.469
0.741
0.585
0.445
0.377
0.274
0.401
0.194
0.137
0.226
0.000
0.155
0.052
0.172
0.073
0.090
0.073
0.220
0.331
0.213
0.200
0.248
0.220
0.194
0.274
0.231
0.283
0.269
0.306
0.269
0.283
0.253
0.264
0.259
0.243
0.259
0.259
0.293
0.279
0.172
0.283
0.194
0.172
0.283
0.315
0.323
0.335
0.279
0.288
0.319
0.339
0.331
0.243
0.370
0.274
0.226
0.288
0.269
0.243
0.155
0.248
0.231
0.293
0.358
0.253
0.327
0.200
0.343
0.207
0.226
0.288
0.293
0.213
0.302
0.226
0.207
0.207
0.259
0.347
0.137
0.187
0.259
0.179
0.264
0.137
0.146
0.155
0.073
0.000
0.000
0.052
0.000
0.207
0.172
0.253
0.226
0.439
0.302
0.226
0.213
0.306
0.248
0.253
0.269
0.279
0.310
0.288
0.293
0.243
0.200
0.253
0.237
0.220
0.231
0.200
0.200
0.288
0.387
0.253
0.259
0.187
0.179
0.237
0.194
0.243
0.194
0.164
0.146
0.306
0.315
0.155
0.220
0.194
0.297
0.442
0.319
0.207
0.179
0.259
0.213
0.194
0.243
0.411
0.632
0.688
0.849
0.896
0.648
0.404
0.315
0.358
0.351
0.520
0.430
0.387
0.485
0.634
0.585
0.504
0.545
0.690
0.677
0.661
0.583
0.969
0.636
0.427
0.377
0.560
0.562
0.627
0.741
0.515
0.430
0.310
0.366
0.474
0.667
0.594
0.830
0.805
0.746
0.685
0.436
0.485
0.535
0.401
0.401
0.457
0.436
0.474
0.448
0.675
0.562
0.698
0.708
0.836
0.767
0.830
0.713
0.427
0.463
0.347
0.306
0.343
0.552
0.610
0.726
0.692
0.719
0.454
0.485
0.471
0.172
0.407
0.592
0.790
0.502
0.288
0.401
0.401
0.411
0.638
0.673
0.420
0.407
0.564
0.881
0.797
0.638
0.488
0.555
0.708
0.454
0.366
0.343
0.380
0.351
0.343
0.213
0.520
0.411
0.370
0.279
0.540
0.331
0.433
0.243
0.172
0.358
0.569
0.302
0.469
0.417
0.424
0.373
0.574
0.632
0.640
0.752
0.723
0.788
0.502
0.200
0.327
0.469
0.523
0.512
0.259
0.355
0.323
0.404
0.445
0.454
0.347
0.243
0.279
0.164
0.179
1.132
0.663
0.644
0.762
0.351
0.669
0.766
0.494
0.436
0.617
0.899
0.847
0.948
0.786
0.430
0.543
0.659
0.612
0.283
0.552
0.404
0.404
0.380
0.538
0.433
0.491
0.319
0.377
0.471
0.306
0.179
0.585
0.315
0.494
0.226
0.253
0.614
0.483
0.692
0.627
0.880
0.420
0.652
0.460
0.488
0.414
0.000
0.445
0.688
0.792
0.908
0.830
0.892
0.783
0.627
0.315
0.466
0.469
0.370
0.253
0.335
0.279
0.213
0.343
0.362
0.293
0.248
0.248
0.213
0.207
0.331
0.220
0.373
0.279
0.146
0.220
0.351
0.194
0.387
0.000
0.073
0.000
0.127
0.116
0.207
0.207
0.127
0.248
0.164
0.347
0.194
0.172
0.288
0.172
0.164
0.327
0.323
0.164
0.243
0.283
0.362
0.248
0.358
0.366
0.404
0.200
0.331
0.155
0.480
0.471
0.494
0.407
0.327
0.052
0.090
0.200
0.504
0.417
0.632
0.377
0.164
0.552
0.525
0.445
0.469
0.306
0.172
0.442
0.567
0.457
0.555
0.319
0.433
0.269
0.610
0.560
0.331
0.466
0.528
0.572
0.679
0.477
0.581
0.555
0.401
0.351
0.264
0.264
0.259
0.319
0.323
0.327
0.164
0.274
0.448
0.288
0.187
0.237
0.288
0.179
0.315
0.253
0.172
0.243
0.248
0.380
0.288
0.226
0.187
0.213
0.172
0.264
0.264
0.264
0.323
0.237
0.200
0.253
0.420
0.319
0.172
0.213
0.306
0.327
0.362
0.535
0.629
0.269
0.471
0.164
0.442
0.351
0.327
0.137
0.073
0.137
0.310
0.552
0.483
0.457
0.457
0.557
0.387
0.335
0.237
0.187
0.264
0.231
0.231
0.380
0.274
0.319
0.466
0.319
0.411
0.310
0.213
0.127
0.264
0.358
0.525
0.515
0.442
0.424
0.560
0.373
0.226
0.172
0.319
0.454
0.315
0.480
0.552
0.448
0.512
0.588
0.327
0.414
0.343
0.339
0.362
0.448
0.248
0.279
0.331
0.179
0.213
0.213
0.448
0.213
0.323
0.343
0.457
0.427
0.207
0.306
0.394
0.397
0.420
0.530
0.621
0.397
0.264
0.384
0.366
0.439
0.231
0.590
0.362
0.288
0.683
0.667
0.485
0.675
0.744
0.477
0.323
0.384
0.567
0.564
0.805
0.717
0.730
0.946
0.683
0.603
0.592
0.753
0.669
0.552
0.231
0.351
0.407
0.355
0.293
0.146
0.213
0.000
0.000
0.137
0.264
0.362
0.675
0.552
0.826
0.807
0.469
0.373
0.253
0.302
0.347
0.380
0.543
0.543
0.760
0.883
0.948
0.948
0.948
0.987
0.962
0.864
0.283
0.769
0.803
0.692
0.103
0.608
0.744
0.927
1.007
0.803
0.377
0.723
0.387
0.507
0.535
0.535
0.430
0.569
0.601
0.564
0.335
0.331
0.370
0.525
0.535
0.253
0.401
0.657
0.748
0.488
0.442
0.430
0.512
0.387
0.213
0.220
0.351
0.243
0.327
0.327
0.471
0.319
0.306
0.248
0.380
0.237
0.302
0.248
0.397
0.220
0.358
0.288
0.103
0.528
0.407
0.436
0.414
0.310
0.391
0.528
0.370
0.237
0.530
0.454
0.560
0.463
0.420
0.319
0.496
0.448
0.407
0.436
0.564
0.477
0.451
0.401
0.457
0.404
0.535
0.592
0.535
0.430
0.427
0.370
0.439
0.343
0.978
0.709
0.663
0.564
0.597
0.606
0.606
0.735
0.683
0.569
0.394
0.187
0.213
0.052
0.164
0.103
0.355
0.480
0.297
0.231
0.466
0.370
0.525
0.327
0.220
0.164
0.213
0.417
0.387
0.259
0.243
0.288
0.207
0.259
0.331
0.269
0.351
0.269
0.237
0.335
0.411
0.187
0.351
0.274
0.293
0.315
0.339
0.269
0.194
0.207
0.335
0.358
0.137
0.137
0.073
0.355
0.264
0.293
0.335
0.457
0.220
0.127
0.179
0.155
0.200
0.179
0.279
0.155
0.335
0.231
0.283
0.279
0.248
0.327
0.283
0.339
0.288
0.231
0.264
0.231
0.220
0.384
0.358
0.248
0.297
0.279
0.213
0.355
0.310
0.339
0.319
0.404
0.319
0.319
0.310
0.283
0.237
0.306
0.231
0.274
0.293
0.331
0.366
0.253
0.283
0.253
0.248
0.226
0.237
0.358
0.391
0.370
0.248
0.335
0.293
0.293
0.319
0.377
0.319
0.264
0.351
0.264
0.259
0.347
0.194
0.355
0.274
0.319
0.259
0.339
0.427
0.302
0.274
0.366
0.274
0.417
0.417
0.264
0.439
0.253
0.213
0.164
0.433
0.264
0.116
0.000
0.090
0.207
0.052
0.000
0.052
0.000
0.000
0.052
0.000
0.200
0.155
0.000
0.000
0.103
0.000
0.052
0.052
0.073
0.000
0.000
0.000
0.000
0.116
0.000
0.000
0.000
0.000
0.052
0.000
0.000
0.073
0.000
0.000
0.000
0.090
0.000
0.000
0.103
0.000
0.000
0.000
0.000
0.000
0.103
0.073
0.073
0.000
0.000
0.000
0.000
0.000
0.000
0.000
0.000
0.000
0.000
0.000
0.000
0.090
0.000
0.000
0.052
0.179
0.297
0.220
0.187
0.155
0.127
0.155
0.137
0.090
0.000
0.090
0.146
0.073
0.073
0.116
0.052
0.137
0.090
0.155
0.116
0.090
0.073
0.052
0.073
0.052
0.052
0.090
0.146
0.179
0.073
0.073
0.155
0.073
0.000
0.000
0.090
0.187
0.172
0.213
0.000
0.137
0.146
0.090
0.052
0.000
0.103
0.179
0.179
0.000
0.000
0.073
0.146
0.194
0.187
0.073
0.146
0.207
0.187
0.155
0.103
0.090
0.137
0.116
0.137
0.000
0.137
0.164
0.052
0.116
0.146
0.213
0.127
0.274
0.103
0.187
0.073
0.090
0.073
0.213
0.164
0.103
0.172
0.090
0.155
0.137
0.103
0.127
0.172
0.146
0.194
0.207
0.127
0.000
0.000
0.164
0.000
0.164
0.000
0.000
0.155
0.116
0.200
0.179
0.187
0.146
0.172
0.207
0.172
0.164
0.172
0.052
0.220
0.243
0.194
0.127
0.052
0.090
0.155
0.155
0.155
0.179
0.179
0.172
0.164
0.194
0.137
0.164
0.146
0.220
0.187
0.146
0.090
0.194
0.179
0.137
0.194
0.194
0.000
0.179
0.090
0.172
0.073
0.164
0.137
0.146
0.213
0.127
0.155
0.116
0.116
0.137
0.073
0.194
0.090
0.090
0.090
0.000
0.000
0.000
0.179
0.090
0.194
0.000
0.127
0.000
0.137
0.146
0.052
0.137
0.306
0.000
0.000
0.103
0.000
0.052
0.000
0.000
0.288
0.477
0.538
0.562
0.512
0.327
0.248
0.358
0.515
0.474
0.373
0.523
0.445
0.648
0.488
0.394
0.483
0.579
0.523
0.264
0.540
0.427
0.339
0.608
0.683
0.520
0.755
0.543
0.496
0.231
0.335
0.483
0.362
0.681
0.424
0.569
0.560
0.610
0.510
0.347
0.315
0.377
0.373
0.485
0.655
0.753
0.776
0.881
0.968
0.880
0.773
0.681
0.220
0.445
0.623
0.907
0.881
0.818
0.690
0.237
0.711
0.569
0.685
0.480
0.512
0.679
0.623
0.659
0.483
0.179
0.457
0.442
0.983
0.535
0.901
0.355
0.226
0.681
0.439
0.567
0.362
0.581
0.535
0.306
0.540
0.424
0.347
0.538
0.634
0.690
0.572
0.610
0.474
0.483
0.552
0.646
0.488
0.671
0.576
0.574
0.485
0.366
0.411
0.530
0.439
0.253
0.460
0.380
0.414
0.394
0.488
0.480
0.339
0.319
0.248
0.207
0.220
0.155
0.207
0.207
0.248
0.146
0.103
0.000
0.179
0.000
0.103
0.127
0.052
0.187
0.127
0.103
0.090
0.253
0.155
0.146
0.103
0.127
0.000
0.127
0.127
0.146
0.090
0.116
0.052
0.200
0.000
0.052
0.000
0.264
0.179
0.155
0.231
0.259
0.377
0.172
0.274
0.283
0.155
0.213
0.231
0.293
0.220
0.213
0.194
0.000
0.052
0.116
0.000
0.052
0.000
0.000
0.000
0.000
0.000
0.460
0.767
0.748
0.734
0.502
0.331
0.391
0.358
0.474
0.306
0.370
0.454
0.460
0.574
0.520
0.474
0.243
0.460
0.474
0.562
0.545
0.427
0.471
0.417
0.548
0.384
0.477
0.351
0.377
0.339
0.362
0.530
0.430
0.343
0.351
0.427
0.264
0.424
0.377
0.417
0.306
0.207
0.485
0.601
0.581
0.550
0.771
0.657
0.623
0.686
0.540
0.698
0.677
0.623
0.646
0.485
0.283
0.274
0.293
0.231
0.445
0.414
0.523
0.515
0.517
0.569
0.808
0.927
0.895
0.717
0.380
0.499
0.315
0.797
0.752
0.812
0.737
0.567
0.627
0.826
0.776
0.839
0.867
0.917
0.940
0.982
1.009
0.968
0.892
0.853
0.732
0.525
0.688
0.499
0.243
0.253
0.384
0.172
0.000
0.000
0.000
0.000
0.052
0.000
0.000
0.000
0.127
0.000
0.000
0.000
0.000
0.000
0.000
0.000
0.103
0.000
0.103
0.127
0.000
0.073
0.000
0.000
0.000
0.000
0.000
0.000
0.000
0.377
0.343
0.127
0.090
0.000
0.000
0.000
0.000
0.000
0.000
0.000
0.000
0.172
0.000
0.090
0.000
0.000
0.000
0.116
0.384
0.430
0.523
0.617
0.642
0.629
0.545
0.669
0.657
0.675
0.572
0.448
0.636
0.621
0.445
0.681
0.795
0.677
0.776
0.562
0.243
0.187
0.200
0.377
0.297
0.530
0.430
0.362
0.391
0.517
0.773
0.601
0.339
0.644
0.755
1.017
0.818
0.512
0.719
0.507
0.603
0.430
0.264
0.414
0.454
0.585
0.679
0.769
0.741
0.746
0.999
0.910
0.310
0.543
0.675
0.866
1.014
0.987
0.661
0.433
0.433
0.293
0.343
0.504
0.187
0.226
0.306
0.155
0.172
0.103
0.000
0.116
0.090
0.073
0.155
0.155
0.127
0.052
0.090
0.000
0.000
0.000
0.000
0.127
0.000
0.000
0.000
0.103
0.000
0.000
0.000
0.000
0.000
0.127
0.116
0.090
0.073
0.052
0.000
0.000
0.000
0.000
0.073
0.000
0.137
0.090
0.000
0.000
0.000
0.103
0.000
0.116
0.000
0.000
0.000
0.000
0.127
0.000
0.000
0.000
0.000
0.000
0.164
0.137
0.000
0.000
0.000
0.090
0.000
0.000
0.000
0.000
0.000
0.000
0.000
0.090
0.137
0.127
0.000
0.052
0.000
0.000
0.000
0.000
0.000
0.103
0.000
0.073
0.000
0.000
0.073
0.000
0.000
0.000
0.103
0.000
0.000
0.000
0.000
0.000
0.000
0.000
0.000
0.000
0.000
0.127
0.000
0.000
0.116
0.000
0.000
0.137
0.103
0.000
0.116
0.116
0.000
0.000
0.000
0.000
0.000
0.000
0.116
0.000
0.000
0.000
0.000
0.000
0.103
0.000
0.000
0.000
0.000
0.000
0.000
0.000
0.000
0.000
0.000
0.200
0.000
0.000
0.127
0.146
0.103
0.000
0.000
0.000
0.000
0.090
0.000
0.000
0.000
0.000
0.155
0.000
0.137
0.000
0.000
0.000
0.000
0.000
0.000
0.103
0.000
0.127
0.000
0.000
0.000
0.000
0.000
0.000
0.000
0.000
0.000
0.090
0.000
0.000
0.103
0.000
0.000
0.000
0.000
0.000
0.000
0.137
0.000
0.000
0.000
0.073
0.073
0.000
0.000
0.000
0.000
0.000
0.000
0.000
0.137
0.000
0.000
0.000
0.000
0.000
0.000
0.103
0.000
0.000
0.000
0.000
0.000
0.000
0.000
0.000
0.000
0.000
0.000
0.000
0.000
0.000
0.073
0.000
0.127
0.000
0.000
0.000
0.000
0.000
0.000
0.052
0.000
0.116
0.103
0.000
0.090
0.000
0.000
0.000
0.000
0.000
0.103
0.000
0.000
0.000
0.000
0.000
0.000
0.000
0.000
0.000
0.000
0.000
0.000
0.000
0.000
0.000
0.116
0.000
0.000
0.000
0.000
0.000
0.103
0.000
0.187
0.000
0.000
0.000
0.000
0.000
0.000
0.000
0.000
0.000
0.000
0.000
0.000
0.000
0.000
0.000
0.000
0.000
0.000
0.000
0.000
0.000
0.000
0.000
0.000
0.000
0.000
0.000
0.000
0.000
0.000
0.000
0.000
0.000
0.000
0.052
0.000
0.000
0.000
0.000
0.000
0.000
0.000
0.000
0.000
0.000
0.000
0.000
0.000
0.000
0.000
0.000
0.226
0.194
0.137
0.226
0.194
0.000
0.155
0.319
0.253
0.073
0.380
0.407
0.550
0.713
0.562
0.601
0.610
0.466
0.504
0.377
0.548
0.480
0.366
0.617
0.625
0.726
0.274
0.387
0.528
0.430
0.297
0.259
0.226
0.253
0.362
0.155
0.417
0.370
0.335
0.253
0.351
0.407
0.213
0.302
0.253
0.331
0.377
0.297
0.220
0.297
0.347
0.274
0.274
0.194
0.424
0.237
0.984
0.000
0.248
0.623
0.610
0.512
0.172
0.146
0.430
0.269
0.253
0.310
0.394
0.279
0.362
0.592
0.621
0.548
0.746
0.812
0.650
0.302
0.717
0.910
0.665
0.597
0.323
0.810
0.884
0.962
0.991
0.927
0.969
0.830
0.980
0.860
0.677
0.366
0.463
0.550
0.830
0.424
0.407
0.504
0.700
0.397
0.555
0.279
0.427
0.572
0.700
0.550
0.640
0.207
0.480
0.407
0.694
0.644
0.528
0.253
0.335
0.351
0.466
0.515
0.746
0.781
0.552
0.494
0.327
0.525
0.708
0.454
0.552
0.629
0.702
0.850
1.002
0.965
0.867
0.858
0.998
1.022
0.989
0.739
0.657
0.433
0.436
0.485
0.424
0.297
0.430
0.474
0.496
0.650
0.778
0.994
0.880
0.927
0.752
0.420
0.525
0.243
0.640
0.608
0.555
0.253
0.569
0.601
0.439
0.355
0.717
0.640
0.436
0.520
0.555
0.451
0.460
0.264
0.469
0.394
0.380
0.795
0.483
0.606
0.343
0.414
0.646
0.523
0.750
0.726
0.414
0.269
0.445
0.343
0.387
0.451
0.231
0.259
0.407
0.394
0.362
0.288
0.279
0.226
0.253
0.253
0.231
0.179
0.231
0.200
0.116
0.207
0.213
0.283
0.380
0.297
0.274
0.283
0.362
0.269
0.187
0.146
0.164
0.274
0.207
0.137
0.187
0.259
0.496
0.319
0.146
0.200
0.220
0.213
0.226
0.248
0.052
0.073
0.146
0.137
0.231
0.491
0.380
0.430
0.127
0.194
0.579
0.530
0.445
0.194
0.623
0.457
0.502
0.430
0.355
0.420
0.480
0.302
0.401
0.335
0.394
0.243
0.248
0.366
0.414
0.439
0.373
0.417
0.504
0.592
0.502
0.594
0.427
0.331
0.550
0.451
0.343
0.343
0.436
0.397
0.391
0.366
1.135
0.627
0.351
0.194
0.137
0.548
0.454
0.557
0.451
0.471
0.373
0.430
0.327
0.343
0.401
0.351
0.331
0.424
0.366
0.269
0.310
0.414
0.442
0.411
1.052
0.685
0.688
0.625
0.632
0.293
0.460
0.681
0.319
0.200
0.187
0.213
0.226
0.194
0.237
0.297
0.297
0.220
0.306
0.269
0.213
0.327
0.417
0.253
0.231
0.253
0.000
0.090
0.127
0.116
0.000
0.000
0.000
0.073
0.000
0.073
0.000
0.000
0.000
0.090
0.000
0.000
0.000
0.073
0.000
0.000
0.000
0.000
0.000
0.000
0.000
0.090
0.000
0.000
0.000
0.000
0.000
0.000
0.000
0.155
0.090
0.000
0.000
0.000
0.253
0.457
0.414
0.711
0.496
0.274
0.380
0.269
0.293
0.310
0.293
0.335
0.394
0.451
0.391
0.414
0.343
0.355
0.243
0.384
0.293
0.315
0.213
0.362
0.226
0.323
0.457
0.515
0.463
0.512
0.442
0.397
0.433
0.533
0.766
0.502
0.323
0.560
0.339
0.445
0.644
0.414
0.838
0.825
0.347
0.603
0.679
0.901
0.533
0.445
0.706
0.507
0.642
0.581
0.407
0.460
0.351
0.370
0.430
0.362
0.187
0.525
0.417
0.610
0.545
0.724
0.688
0.753
0.692
0.601
0.719
0.401
0.576
0.327
0.507
0.460
0.397
0.583
0.488
0.757
0.724
0.792
0.724
0.599
0.463
0.358
0.373
0.279
0.319
0.454
0.351
0.269
0.430
0.417
0.380
0.597
0.606
0.830
0.850
0.717
0.603
0.502
0.355
0.424
0.347
0.460
0.597
1.035
0.995
0.655
0.391
0.407
0.351
0.504
0.442
0.404
0.483
0.207
0.564
0.297
0.347
0.523
0.445
0.397
1.093
0.715
0.477
0.103
0.504
0.543
0.442
0.323
0.485
0.351
0.373
1.017
0.485
0.606
0.485
0.466
0.187
0.407
0.380
0.397
0.269
0.248
0.343
0.463
0.424
0.466
0.358
0.283
0.355
0.343
0.220
0.384
0.445
1.082
0.619
0.671
0.583
0.533
0.366
0.445
0.488
0.606
0.504
0.424
0.394
0.414
0.373
0.644
0.702
0.721
0.683
0.773
0.411
0.433
0.424
0.488
0.535
0.655
0.610
0.442
0.090
0.220
0.319
0.207
0.155
0.237
0.164
0.310
0.274
0.243
0.259
0.187
0.164
0.137
0.127
0.116
0.172
0.000
0.000
0.116
0.231
0.000
0.000
0.179
0.090
0.103
0.137
0.323
0.380
0.433
0.279
0.358
0.335
0.213
0.331
0.525
0.401
0.283
0.677
0.347
0.469
0.302
0.283
0.310
0.391
0.373
0.471
0.552
0.466
0.274
0.362
0.445
0.469
0.496
0.310
0.347
0.433
0.407
0.466
0.306
0.283
0.533
0.507
0.433
0.411
0.347
0.427
0.439
0.466
0.302
0.675
0.351
0.380
0.323
0.397
0.411
0.323
0.576
0.548
0.380
0.574
0.253
0.351
0.557
0.417
0.448
0.302
0.373
0.306
0.274
0.052
0.187
0.000
0.297
0.000
0.269
0.555
0.477
0.512
0.535
0.463
0.520
0.297
0.283
0.259
0.243
0.297
0.690
0.471
0.572
0.557
0.442
0.315
0.510
0.623
0.572
0.451
0.474
0.574
0.567
0.726
0.724
0.755
0.735
0.683
0.706
0.673
0.401
0.436
0.463
0.483
0.510
0.411
0.610
0.612
0.533
0.623
0.430
0.420
0.588
0.638
0.451
0.606
0.588
0.711
0.590
0.665
0.663
0.608
0.603
0.560
0.540
0.485
0.480
0.380
0.264
0.269
0.269
0.207
0.373
0.288
0.274
0.323
0.502
0.619
0.603
0.741
0.872
0.523
0.397
0.355
0.380
0.397
0.377
0.323
0.380
0.377
0.436
0.387
0.540
0.387
0.540
0.488
0.638
0.644
0.657
0.781
0.759
0.417
0.283
0.407
0.179
0.384
0.675
0.614
0.430
0.685
0.248
0.545
0.485
0.525
0.608
0.550
0.594
0.652
0.483
0.702
0.585
0.358
0.310
0.310
0.387
0.302
0.380
0.355
0.279
0.442
0.581
0.860
1.049
0.510
0.540
0.496
0.477
0.550
0.543
0.343
0.000
0.370
0.540
0.661
0.776
0.773
0.517
0.407
0.355
0.494
0.454
0.515
0.548
0.545
0.451
0.358
0.323
0.355
0.384
0.477
0.253
0.663
0.540
0.585
0.377
0.194
0.430
0.540
0.562
0.657
0.732
0.673
0.788
0.717
0.562
0.576
0.427
0.538
0.496
0.552
0.293
0.407
0.335
0.279
0.237
0.362
0.469
0.420
0.362
0.574
0.343
0.562
0.327
0.380
1.218
0.669
0.269
0.373
0.574
0.442
0.469
0.315
0.535
0.439
0.621
0.759
0.355
0.248
0.370
0.315
0.293
0.373
0.667
0.445
0.442
0.293
0.306
0.380
0.155
0.187
0.000
0.127
0.502
0.507
0.543
0.448
0.397
0.387
0.650
0.373
0.483
0.137
0.146
0.172
0.127
0.207
0.116
0.187
0.288
0.331
0.226
0.269
0.253
0.207
0.310
0.220
0.253
0.347
0.362
0.179
0.187
0.264
0.213
0.370
0.366
0.439
0.424
0.297
0.302
0.213
0.366
0.231
0.179
0.248
0.164
0.347
0.335
0.297
0.302
0.220
0.259
0.297
0.213
0.315
0.274
0.207
0.373
0.358
0.310
0.207
0.253
0.269
0.293
0.200
0.243
0.269
0.319
0.172
0.172
0.264
0.259
0.319
0.302
0.253
0.213
0.220
0.237
0.387
0.351
0.401
0.463
0.474
0.335
0.397
0.248
0.237
0.306
0.194
0.213
0.283
0.315
0.220
0.237
0.137
0.179
0.259
0.164
0.000
0.127
0.000
0.146
0.052
0.127
0.436
0.310
0.187
0.164
0.090
0.253
0.213
0.172
0.253
0.293
0.283
0.226
0.220
0.288
0.302
0.347
0.269
0.231
0.116
0.127
0.172
0.103
0.000
0.073
0.146
0.052
0.073
0.052
0.052
0.155
0.000
0.000
0.000
0.073
0.073
0.103
0.000
0.000
0.052
0.000
0.052
0.052
0.155
0.331
0.293
0.288
0.194
0.172
0.226
0.288
0.220
0.207
0.339
0.269
0.207
0.293
0.264
0.373
0.315
0.253
0.302
0.248
0.226
0.373
0.237
0.200
0.155
0.137
0.137
0.000
0.155
0.103
0.116
0.172
0.052
0.052
0.327
0.327
0.213
0.172
0.297
0.248
0.288
0.343
0.373
0.259
0.288
0.237
0.237
0.187
0.220
0.146
0.248
0.200
0.200
0.200
0.116
0.194
0.179
0.127
0.116
0.103
0.090
0.146
0.327
0.466
0.253
0.288
0.279
0.146
0.073
0.090
0.127
0.237
0.000
0.213
0.237
0.194
0.377
0.306
0.194
0.127
0.164
0.103
0.052
0.137
0.155
0.387
0.347
0.430
0.179
0.172
0.243
0.200
0.288
0.288
0.200
0.279
0.220
0.243
0.200
0.269
0.259
0.137
0.137
0.213
0.155
0.231
0.358
0.243
0.407
0.187
0.253
0.220
0.264
0.510
0.424
0.530
0.253
0.355
0.243
0.274
0.220
0.293
0.248
0.302
0.370
0.302
0.293
0.248
0.264
0.297
0.243
0.279
0.347
0.279
0.279
0.220
0.269
0.264
0.310
0.347
0.331
0.319
0.315
0.339
0.155
0.103
0.052
0.200
0.179
0.155
0.187
0.335
0.366
0.200
0.194
0.172
0.384
0.269
0.302
0.387
0.306
0.384
0.401
0.362
0.327
0.264
0.243
0.283
0.207
0.237
0.172
0.293
0.253
0.194
0.207
0.269
0.319
0.327
0.213
0.179
0.319
0.335
0.335
0.297
0.226
0.200
0.226
0.137
0.297
0.279
0.397
0.323
0.226
0.194
0.146
0.319
0.366
0.179
0.090
0.335
0.380
0.248
0.253
0.164
0.127
0.172
0.164
0.283
0.172
0.327
0.248
0.253
0.283
0.264
0.207
0.207
0.073
0.137
0.231
0.370
0.283
0.213
0.187
0.164
0.335
0.439
0.457
0.471
0.436
0.646
0.896
0.852
0.881
0.979
1.005
0.953
0.642
0.717
0.480
0.187
0.436
0.264
0.220
0.179
0.264
0.243
0.155
0.194
0.116
0.200
0.127
0.116
0.259
0.103
0.172
0.103
0.172
0.248
0.137
0.226
0.127
0.187
0.187
0.213
0.146
0.155
0.052
0.127
0.000
0.000
0.000
0.000
0.000
0.137
0.127
0.000
0.000
0.000
0.073
0.090
0.000
0.000
0.000
0.000
0.000
0.000
0.000
0.000
0.155
0.090
0.090
0.000
0.073
0.000
0.127
0.000
0.000
0.000
0.137
0.090
0.116
0.000
0.090
0.090
0.146
0.116
0.090
0.000
0.000
0.000
0.000
0.000
0.000
0.000
0.000
0.000
0.000
0.073
0.000
0.000
0.000
0.172
0.000
0.000
0.000
0.073
0.000
0.000
0.000
0.000
0.052
0.000
0.000
0.000
0.000
0.000
0.000
0.000
0.000
0.000
0.000
0.000
0.000
0.000
0.052
0.000
0.000
0.000
0.000
0.000
0.000
0.000
0.000
0.000
0.000
0.000
0.000
0.052
0.000
0.000
0.000
0.000
0.000
0.000
0.000
0.000
0.000
0.000
0.000
0.000
0.000
0.000
0.000
0.000
0.000
0.000
0.000
0.000
0.155
0.000
0.000
0.090
0.000
0.000
0.000
0.000
0.000
0.000
0.000
0.000
0.000
0.000
0.000
0.000
0.000
0.000
0.090
0.000
0.000
0.000
0.000
0.000
0.000
0.052
0.000
0.000
0.000
0.000
0.000
0.000
0.000
0.000
0.000
0.000
0.000
0.000
0.000
0.000
0.000
0.000
0.000
0.000
0.000
0.000
0.000
0.000
0.000
0.000
0.000
0.000
0.000
0.000
0.000
0.000
0.000
0.000
0.000
0.000
0.000
0.000
0.000
0.000
0.000
0.000
0.000
0.000
