0.733
0.819
0.959
0.913
0.960
0.986
1.018
1.017
1.008
0.853
0.408
0.530
0.618
0.771
0.330
0.447
0.423
0.778
0.759
0.710
0.558
0.991
0.635
0.622
0.672
0.441
0.368
0.520
0.330
0.288
0.441
0.499
0.641
0.385
0.423
0.346
0.691
0.405
0.414
0.483
0.435
0.530
0.364
0.481
0.850
0.715
0.884
0.790
0.703
0.746
0.489
0.775
0.881
0.672
0.996
0.974
0.944
0.401
0.265
0.072
0.114
0.072
0.102
0.072
0.088
0.144
0.000
0.197
0.088
0.000
0.000
0.135
0.000
0.051
0.135
0.051
0.000
0.135
0.000
0.000
0.161
0.153
0.177
0.000
0.000
0.102
0.000
0.204
0.222
0.000
0.000
0.000
0.000
0.000
0.000
0.000
0.000
0.161
0.000
0.177
0.000
0.000
0.153
0.000
0.051
0.000
0.051
0.051
0.135
0.000
0.000
0.102
0.000
0.000
0.563
0.586
0.643
0.739
0.746
0.330
0.649
0.664
0.737
0.778
0.799
0.956
1.004
0.944
0.996
0.830
0.993
0.854
0.735
0.561
0.783
0.635
0.907
0.699
0.577
0.823
0.733
0.746
0.462
0.688
0.497
0.609
0.563
0.478
0.819
0.856
0.489
0.851
0.686
0.676
0.371
0.438
0.708
0.827
0.714
0.803
1.033
1.053
1.067
1.061
1.033
0.983
1.052
1.033
1.027
1.006
0.991
0.940
0.903
0.628
0.527
0.371
0.737
0.632
0.579
0.561
0.502
0.887
0.525
0.491
0.558
0.581
0.414
0.568
0.334
0.489
0.368
0.381
0.649
0.695
0.632
0.620
0.288
0.586
0.594
0.735
0.462
0.338
0.464
0.579
0.616
0.554
0.568
0.368
0.572
0.688
0.470
0.517
0.450
1.001
0.618
0.706
0.863
0.601
0.114
0.161
0.102
0.565
0.724
0.663
0.744
0.706
1.001
0.887
0.770
0.659
0.607
0.222
0.255
0.244
0.169
0.169
0.135
0.051
0.191
0.102
0.169
0.161
0.102
0.609
0.820
1.017
0.953
1.009
1.136
0.803
0.561
0.635
0.632
0.408
0.624
0.877
0.547
0.420
0.871
0.809
0.771
0.530
1.057
0.970
0.892
0.197
0.184
0.322
0.756
0.775
0.793
0.594
0.693
0.758
0.603
0.453
0.594
0.532
0.790
0.881
1.033
0.923
1.036
1.075
1.013
0.975
1.046
0.889
0.825
0.893
0.993
1.029
1.061
1.023
1.026
0.862
0.900
0.635
0.783
0.740
0.655
0.635
0.612
0.450
0.486
0.462
0.494
0.338
0.592
0.507
0.432
0.284
0.297
0.255
0.497
0.470
0.497
0.475
0.417
0.507
0.478
0.549
0.588
0.689
0.470
0.467
0.255
0.572
0.368
0.494
0.444
0.274
0.783
0.830
0.489
0.398
0.747
0.453
0.462
0.330
0.342
0.510
0.520
0.483
0.549
0.751
0.680
0.357
0.647
0.525
0.678
0.930
0.803
0.865
0.850
0.773
0.579
0.556
0.574
0.651
0.803
0.714
0.618
0.565
0.551
0.607
0.703
0.678
0.459
0.730
0.551
0.417
0.444
0.733
0.614
0.612
0.537
0.783
0.603
0.691
0.556
0.645
0.581
0.494
0.657
0.579
0.551
0.659
0.586
0.475
0.603
1.009
0.854
0.896
0.574
0.836
0.982
0.995
0.905
0.833
0.668
0.819
0.676
0.274
0.775
0.522
1.018
1.063
1.051
1.031
1.070
0.712
0.817
0.887
0.721
0.798
0.715
0.742
0.456
0.353
0.388
0.438
0.274
0.302
0.297
0.284
0.398
0.414
0.297
0.357
0.346
0.270
0.375
0.293
0.368
0.177
0.408
0.353
0.326
0.450
0.338
0.288
0.357
0.391
0.401
0.385
0.371
0.444
0.371
0.322
0.357
0.342
0.420
0.072
0.135
0.114
0.284
0.605
0.956
0.922
0.847
0.763
0.887
0.889
0.903
0.952
0.912
0.856
0.934
0.731
0.489
0.447
0.505
0.568
0.628
0.438
0.441
0.863
0.535
0.478
0.408
0.318
0.475
0.691
0.751
0.684
0.626
0.599
0.572
0.630
0.620
0.489
0.691
0.956
0.478
0.664
0.603
0.962
0.815
0.704
1.014
0.796
0.834
0.851
0.815
0.693
0.809
0.880
1.047
0.988
0.937
1.019
1.093
0.949
1.105
1.015
0.756
0.892
0.726
1.017
0.579
0.850
0.581
0.664
0.622
0.346
0.191
0.574
0.630
0.820
1.074
0.909
1.041
0.915
1.018
0.945
1.041
1.046
1.057
1.041
1.003
1.041
1.049
0.856
0.444
0.453
0.505
0.624
0.987
1.023
0.974
0.234
0.943
0.814
0.522
0.423
0.572
0.385
0.467
0.766
0.790
0.639
0.547
0.703
0.742
0.530
0.791
0.668
0.284
0.447
0.592
0.875
0.881
0.883
0.330
0.551
0.609
0.597
0.530
0.999
0.927
0.880
0.960
0.853
0.371
0.530
0.664
0.717
0.470
0.368
0.250
0.594
0.499
0.635
0.641
0.432
0.714
0.459
0.686
0.744
0.896
0.803
0.586
0.758
0.603
0.641
0.637
0.735
0.515
0.318
0.581
0.676
0.730
0.537
0.483
0.953
0.761
0.807
0.768
0.735
0.811
0.791
0.614
0.922
0.719
0.850
0.618
0.609
0.831
0.659
0.689
0.747
0.872
0.599
0.588
0.639
0.612
0.475
0.432
0.338
0.635
0.450
0.614
0.426
0.714
0.825
0.837
0.721
0.558
0.565
0.607
0.715
0.572
0.535
0.684
0.547
0.450
0.689
0.563
0.438
0.845
0.778
0.812
0.739
0.766
0.542
0.616
0.499
0.752
0.486
0.438
0.507
0.381
0.535
0.574
0.481
0.357
0.334
0.522
0.456
0.588
0.761
0.475
0.475
0.746
0.953
0.960
0.964
0.657
0.766
0.766
0.962
0.807
0.780
0.689
0.678
0.900
0.817
0.664
0.820
0.915
0.958
1.023
1.018
0.982
0.995
0.984
0.668
0.583
0.574
0.464
0.527
0.668
0.756
0.594
0.577
0.622
0.551
0.401
0.239
0.342
0.349
0.462
0.693
0.756
0.952
0.834
0.737
0.768
0.902
0.827
0.807
0.785
0.804
1.000
0.845
0.507
0.549
0.976
0.906
0.831
0.991
0.912
0.909
0.491
0.704
0.927
0.979
0.970
1.023
1.053
1.024
1.003
1.057
0.601
0.706
0.349
0.532
0.210
0.125
0.135
0.000
0.169
0.144
0.125
0.051
0.000
0.072
0.177
0.000
0.051
0.000
0.125
0.000
0.102
0.000
0.072
0.000
0.000
0.000
0.417
0.590
0.530
0.505
0.723
0.322
0.547
0.708
0.322
0.318
0.450
0.411
0.680
0.717
0.712
0.563
0.834
0.839
0.919
0.284
0.000
0.364
0.470
0.686
0.865
0.907
1.076
0.941
0.869
0.944
1.065
0.874
0.668
0.756
0.210
0.483
0.515
0.645
0.785
0.659
0.739
0.903
0.934
0.956
0.980
0.749
0.250
0.184
0.260
0.678
0.811
0.630
0.184
0.603
0.844
0.999
0.360
0.483
0.515
0.708
0.561
0.603
0.364
0.688
0.473
0.464
0.385
0.770
0.473
0.798
0.558
0.749
0.794
0.817
0.554
0.556
0.338
0.597
0.670
0.462
0.723
0.890
0.837
0.592
0.000
0.715
0.583
0.996
0.663
1.010
0.915
1.039
0.927
0.899
1.006
0.831
0.740
0.527
0.759
0.620
0.581
0.637
0.754
0.549
0.432
0.857
0.912
0.872
1.005
0.726
0.836
0.544
0.831
0.607
0.497
0.672
0.497
0.609
0.612
0.583
0.689
0.695
0.570
0.909
0.599
0.674
0.978
1.026
0.963
0.781
0.877
0.947
1.051
0.922
0.719
0.971
0.966
0.841
0.875
0.764
0.839
0.689
0.786
0.739
0.841
0.723
0.881
0.960
0.955
0.691
0.444
0.499
0.764
0.489
0.494
0.349
0.605
0.532
0.643
0.459
0.414
0.408
0.435
0.338
0.645
0.502
0.432
0.447
0.326
0.462
0.672
0.453
0.680
0.710
0.417
0.618
0.605
0.605
0.391
0.664
0.483
0.635
0.473
0.549
0.456
0.326
0.420
0.572
0.554
0.401
0.551
0.447
0.444
0.429
0.297
0.334
0.310
0.375
0.371
0.622
0.306
0.401
0.626
0.450
0.346
0.793
0.306
0.250
0.475
0.489
0.330
0.293
0.381
0.385
0.368
0.420
0.603
0.641
0.664
0.499
0.842
0.691
0.512
0.951
0.801
0.603
0.881
0.758
0.222
0.210
0.497
0.856
0.960
0.450
0.288
0.184
0.191
0.169
0.191
0.051
0.114
0.125
0.184
0.114
0.088
0.051
0.000
0.102
0.210
0.114
0.197
0.169
0.153
0.102
0.197
0.210
0.153
0.161
0.088
0.197
0.216
0.072
0.114
0.114
0.177
0.191
0.204
0.222
0.102
0.102
0.051
0.153
0.191
0.274
0.161
0.135
0.169
0.191
0.197
0.255
0.153
0.177
0.184
0.250
0.135
0.161
0.169
0.197
0.216
0.274
0.204
0.330
0.114
0.204
0.210
0.135
0.144
0.197
0.204
0.197
0.135
0.072
0.210
0.125
0.088
0.153
0.239
0.102
0.161
0.102
0.125
0.169
0.244
0.169
0.135
0.204
0.135
0.234
0.000
0.000
0.114
0.250
0.239
0.222
0.114
0.135
0.244
0.161
0.135
0.177
0.191
0.135
0.204
0.153
0.177
0.239
0.072
0.088
0.102
0.072
0.250
0.228
0.204
0.210
0.239
0.260
0.000
0.135
0.135
0.244
0.260
0.244
0.244
0.144
0.177
0.125
0.197
0.177
0.125
0.153
0.153
0.250
0.169
0.204
0.191
0.135
0.554
0.507
0.497
0.499
0.435
0.510
0.577
0.537
0.620
0.581
0.872
0.435
0.530
0.577
0.565
0.620
0.467
0.590
0.717
0.429
0.497
0.368
0.819
0.494
0.588
0.563
0.542
0.342
0.999
0.819
0.547
0.481
0.869
0.786
0.583
0.947
1.041
0.809
0.714
0.851
0.778
0.744
0.701
0.542
0.790
0.809
0.645
0.645
0.515
0.478
0.489
0.676
0.527
0.651
0.647
0.594
0.322
0.114
0.191
0.265
0.346
0.542
0.438
0.804
0.616
0.740
0.747
0.880
0.836
0.859
0.836
0.848
0.517
0.678
0.630
0.714
0.532
0.609
0.597
0.388
0.515
0.699
0.601
0.244
0.360
0.632
0.549
0.535
0.342
0.728
0.517
0.467
0.464
0.326
0.375
0.481
0.411
0.385
0.470
0.447
0.486
0.749
0.771
0.441
0.450
0.502
0.603
0.645
0.542
0.334
0.525
0.574
0.473
0.483
0.632
0.778
0.483
0.653
0.565
0.517
0.438
0.590
0.462
0.507
0.438
0.478
0.577
0.612
0.635
0.405
0.411
0.537
0.342
0.414
0.385
0.586
0.583
0.510
0.483
0.530
0.530
0.497
0.823
0.530
0.522
0.535
0.588
0.902
0.609
0.622
0.462
0.334
0.624
0.486
0.385
0.360
0.532
0.265
0.590
0.535
0.475
0.438
0.314
0.330
0.405
0.486
0.423
0.453
0.535
0.986
0.910
0.378
0.453
0.527
0.699
0.475
0.624
0.588
0.609
0.590
0.497
0.318
0.542
0.502
0.616
0.563
0.773
0.724
0.934
0.766
0.845
0.931
0.771
0.609
0.417
0.405
0.561
0.556
0.563
0.486
0.364
0.483
0.486
0.622
0.697
0.641
0.689
0.622
0.814
0.731
0.717
0.398
0.612
0.744
0.676
0.719
0.639
0.761
0.723
0.739
0.426
0.279
0.699
0.547
0.703
0.515
0.688
0.715
0.510
0.360
0.527
0.607
0.459
0.441
0.586
0.417
0.659
0.768
0.450
0.682
0.515
0.414
0.620
0.686
0.459
0.724
0.609
0.429
0.250
0.255
0.135
0.497
0.222
0.494
0.674
0.551
0.520
0.444
0.637
0.481
0.470
0.481
0.614
0.639
0.450
0.539
0.411
0.401
0.763
0.860
0.995
1.069
1.063
1.024
1.041
1.015
0.947
0.984
1.029
0.991
0.993
0.997
0.968
0.966
0.905
0.395
0.609
0.672
0.453
0.726
0.544
0.719
0.590
0.368
0.616
0.494
0.668
0.735
0.599
0.539
0.556
0.530
0.574
0.731
0.697
0.473
0.577
0.561
0.429
0.388
0.618
0.391
0.459
0.554
0.554
0.766
0.502
0.558
0.786
0.603
0.597
0.547
0.483
0.346
0.666
0.856
0.535
0.607
0.645
0.549
0.637
0.586
0.525
0.417
0.391
0.375
0.411
0.494
0.429
0.441
0.385
0.357
0.470
0.391
0.364
0.620
0.539
0.381
0.456
0.574
0.464
0.568
0.401
0.525
0.744
0.338
0.853
0.499
0.357
0.632
0.408
0.432
0.577
0.371
0.620
0.464
0.204
0.378
0.639
0.594
0.401
0.530
0.423
0.453
0.473
0.462
0.522
0.695
0.395
0.659
0.877
0.798
0.647
0.809
0.851
0.902
1.044
1.063
0.986
1.088
0.807
0.881
1.048
0.771
0.682
0.728
0.836
0.635
0.473
0.693
0.579
0.310
0.161
0.401
0.520
0.334
0.626
0.701
0.766
0.912
0.670
0.823
0.956
0.930
0.983
0.997
1.026
1.018
1.018
1.010
0.995
1.004
1.017
0.719
1.065
0.983
0.976
0.987
0.647
0.592
0.693
0.368
0.620
0.499
0.742
0.549
0.438
0.239
0.388
0.330
0.432
0.342
0.483
0.306
0.714
0.510
0.507
0.537
0.435
0.601
0.747
0.815
0.527
0.527
0.525
0.423
0.475
0.398
0.447
0.375
0.517
0.453
0.614
0.561
0.408
0.388
0.302
0.414
0.489
0.491
0.544
0.408
0.661
0.401
0.395
0.450
0.364
0.310
0.512
0.371
0.626
0.512
0.330
0.381
0.297
0.952
0.790
0.803
0.512
0.902
0.551
0.250
0.306
0.169
0.265
0.114
0.135
0.088
0.169
0.161
0.144
0.000
0.051
0.000
0.051
0.051
0.051
0.135
0.000
0.000
0.197
0.645
0.783
0.680
0.605
0.561
0.763
0.649
0.411
0.549
0.568
0.494
0.590
0.532
0.655
0.556
0.429
0.405
0.515
0.420
0.438
0.489
0.302
0.607
0.620
0.414
0.558
0.603
0.639
0.597
0.558
0.441
0.371
0.657
0.486
0.475
0.470
0.945
0.976
0.853
0.924
0.844
0.845
0.752
0.742
0.815
1.054
0.618
0.579
0.420
0.657
0.831
1.000
0.947
0.649
0.804
0.752
0.637
0.632
0.489
0.649
0.752
0.551
0.714
0.678
0.726
0.733
0.672
0.980
1.084
1.090
1.061
1.054
1.037
1.038
1.034
1.018
1.023
1.014
0.991
0.951
0.414
0.574
0.693
0.579
0.701
0.388
0.699
0.630
0.481
0.628
0.459
0.378
0.572
0.507
0.558
0.672
0.438
0.510
0.284
0.330
0.666
0.408
0.565
0.599
0.678
0.357
0.177
0.663
0.731
0.659
0.525
0.586
0.916
0.605
0.542
0.441
0.346
0.346
0.851
0.657
0.551
0.612
0.432
0.420
0.293
0.586
0.420
0.388
0.411
0.462
0.574
0.991
0.791
0.841
0.807
0.754
0.749
0.666
0.326
0.624
0.691
0.542
0.527
0.643
0.515
0.620
0.972
1.027
0.701
0.657
0.770
0.754
0.850
0.666
0.712
0.537
0.565
0.453
0.512
0.510
0.491
0.497
0.423
0.747
0.833
0.318
0.724
0.565
0.601
0.768
0.733
0.470
0.686
0.547
0.975
0.731
0.701
1.004
1.028
1.027
0.809
0.937
0.581
0.708
0.568
0.499
0.483
0.486
0.565
0.798
0.884
0.695
0.502
0.435
0.579
0.786
0.785
0.515
0.486
0.588
0.527
0.385
0.515
0.346
0.429
0.467
0.699
0.641
0.378
0.453
0.497
0.635
0.378
0.467
0.360
0.481
0.483
0.547
0.865
0.773
0.450
0.491
0.565
0.381
0.549
0.731
0.781
0.842
0.525
0.549
0.920
0.731
0.731
0.752
0.668
0.668
0.577
0.420
0.499
0.417
0.502
0.244
0.288
0.453
0.357
0.435
0.342
0.512
0.360
0.643
0.288
0.353
0.364
0.274
0.346
0.395
0.764
0.435
0.222
0.244
0.000
0.125
0.125
0.072
0.000
0.051
0.551
0.456
0.368
0.494
0.438
0.462
0.314
0.491
0.375
0.704
0.803
0.854
0.764
0.494
0.856
0.579
0.527
0.532
0.704
0.730
0.724
0.831
1.005
0.938
0.927
0.747
0.825
0.530
0.668
0.764
0.804
0.834
0.620
0.583
0.820
1.023
1.037
1.000
0.983
1.018
1.067
0.960
0.857
0.778
0.892
0.897
0.775
0.822
0.837
0.871
0.841
0.783
0.975
0.916
0.737
0.881
0.475
0.579
0.539
0.549
0.244
0.288
0.744
0.556
0.478
0.517
0.563
0.594
0.618
0.391
0.530
0.527
0.326
0.703
0.701
0.486
0.618
0.414
0.353
0.510
0.375
0.342
0.507
0.417
0.663
0.441
0.353
0.616
0.293
0.520
0.599
0.588
0.459
0.398
0.970
0.886
0.889
0.770
0.614
0.088
0.822
0.968
0.927
0.684
0.306
0.535
0.462
0.322
0.310
0.234
0.293
0.265
0.330
0.274
0.306
0.306
0.306
0.197
0.222
0.491
0.417
0.478
0.293
0.459
0.288
0.306
0.322
0.234
0.239
0.153
0.169
0.153
0.153
0.169
0.088
0.234
0.051
0.371
0.684
0.758
0.830
0.980
0.845
0.794
0.983
0.917
1.049
1.005
1.064
1.057
1.001
0.712
0.847
0.759
0.659
0.733
1.000
0.730
0.628
0.632
0.856
0.626
0.693
0.731
0.691
0.719
0.759
0.260
0.177
0.322
0.338
0.590
0.688
0.836
0.963
0.809
0.712
0.668
0.859
0.689
1.001
1.044
1.051
1.063
0.941
0.790
0.401
1.075
0.768
0.940
0.990
1.004
0.922
0.990
0.691
0.234
0.102
0.153
0.072
0.222
0.125
0.153
0.270
0.216
0.125
0.000
0.144
0.000
0.088
0.184
0.114
0.000
0.357
0.177
0.072
0.169
0.177
0.102
0.000
0.102
0.000
0.000
0.125
0.153
0.000
0.000
0.000
0.338
0.739
0.645
0.614
0.334
0.592
0.395
0.464
0.643
0.775
0.597
0.515
0.530
0.353
0.624
0.568
0.637
0.568
0.517
0.346
0.494
0.607
0.405
0.467
0.499
0.302
0.398
0.620
0.502
0.558
0.388
0.542
0.505
0.486
0.441
0.432
0.153
0.512
0.357
0.586
0.724
0.459
0.697
0.525
0.293
0.444
0.464
0.620
0.462
0.475
0.470
1.001
0.715
0.790
0.125
0.605
0.859
0.854
0.649
0.597
0.645
0.502
0.512
0.494
0.475
0.510
0.583
0.830
0.703
0.937
0.869
1.018
0.721
0.522
0.626
0.497
0.499
0.432
0.395
0.497
0.684
0.951
0.754
0.661
0.651
0.554
0.632
0.768
1.042
0.609
0.556
0.737
0.844
0.990
0.922
1.013
1.028
1.010
1.008
0.983
0.653
0.712
0.830
0.670
0.532
0.371
0.594
0.395
0.525
0.530
0.326
0.773
0.456
0.579
0.470
0.812
0.717
0.647
0.491
0.385
0.302
0.486
0.701
0.814
0.581
0.863
0.588
0.581
0.626
0.473
0.520
0.833
0.464
0.630
0.429
0.510
0.244
0.334
0.395
0.572
0.338
0.739
0.828
0.601
0.670
0.395
0.102
0.228
0.547
0.710
0.360
0.375
0.924
0.948
0.976
0.919
0.839
0.837
0.871
0.423
0.395
0.761
0.641
0.594
0.577
0.682
0.770
0.583
0.704
0.739
0.556
0.520
0.686
0.842
0.859
0.905
0.990
0.847
0.676
0.666
0.616
0.510
0.763
0.368
0.599
0.554
0.489
0.417
0.845
0.565
0.594
0.456
0.773
0.992
0.996
0.768
0.723
0.592
0.697
0.938
0.974
0.999
0.892
0.549
0.809
0.672
0.763
0.691
0.684
0.919
0.975
0.881
0.919
1.005
0.831
0.970
0.929
0.740
0.791
0.628
0.423
0.408
0.568
0.657
0.706
0.739
0.628
0.628
0.441
0.544
0.572
0.520
0.459
0.470
0.293
0.668
0.414
0.583
0.483
0.391
0.438
0.597
0.719
0.456
0.522
0.505
0.693
0.626
0.297
0.210
0.408
0.535
0.724
0.853
0.780
0.364
0.693
0.544
0.586
0.666
0.788
0.663
0.775
0.532
0.594
0.752
0.663
0.456
0.551
0.475
0.464
0.497
0.544
0.438
0.429
0.405
0.371
0.464
0.473
0.353
0.453
0.481
0.475
0.447
0.391
0.626
0.551
0.408
0.360
0.558
0.544
0.371
0.293
0.558
0.429
0.423
0.444
0.680
0.539
0.704
0.462
0.491
0.447
0.599
0.680
0.570
0.620
0.489
0.515
0.432
0.880
0.768
0.869
0.941
0.728
0.676
0.641
0.851
0.672
0.637
0.570
0.586
0.423
0.398
0.499
0.398
0.632
0.618
0.475
0.708
0.756
0.432
0.759
0.987
1.034
0.740
0.770
0.401
0.609
0.342
0.378
0.401
0.306
0.381
0.314
0.334
0.334
0.349
0.375
0.288
0.398
0.360
0.222
0.381
0.270
0.250
0.191
0.216
0.161
0.334
0.398
0.597
0.357
0.381
0.250
0.330
0.338
0.450
0.505
0.293
0.549
0.314
0.441
0.426
0.489
0.314
0.342
0.368
0.314
0.274
0.364
0.284
0.423
0.310
0.279
0.342
0.310
0.310
0.297
0.274
0.244
0.334
0.265
0.250
0.408
0.293
0.306
0.228
0.385
0.438
0.346
0.279
0.297
0.326
0.423
0.388
0.210
0.244
0.265
0.216
0.318
0.222
0.228
0.177
0.153
0.228
0.161
0.144
0.191
0.197
0.467
0.414
0.505
0.703
0.812
0.859
0.947
0.768
0.724
0.827
0.883
0.845
0.780
0.686
0.857
0.770
0.643
0.735
0.525
0.306
0.426
0.678
0.639
0.544
0.408
0.695
0.688
0.435
0.453
0.470
0.334
0.432
0.574
0.408
0.815
0.836
0.699
0.583
0.444
0.378
0.522
0.499
0.851
0.499
0.530
0.411
0.614
0.603
0.502
0.712
0.628
0.549
0.401
0.360
0.635
0.414
0.706
0.401
0.314
0.408
0.411
0.502
0.845
0.915
0.866
0.754
0.993
0.955
0.953
1.004
1.028
1.000
0.976
1.043
0.819
0.799
0.955
0.672
0.594
0.549
0.754
0.512
0.462
0.605
0.432
0.684
0.597
0.590
0.429
1.162
1.171
0.661
0.871
0.486
0.666
0.956
0.941
0.788
0.990
1.070
0.988
1.017
1.024
1.042
1.031
1.018
0.790
0.972
0.960
0.841
0.577
0.470
0.438
0.470
0.549
0.724
0.616
0.388
0.537
0.689
0.467
0.512
0.318
0.649
0.478
0.250
0.473
0.462
0.715
0.491
0.588
0.647
0.607
0.715
0.912
0.570
0.475
0.570
0.626
0.791
0.831
0.744
0.618
0.632
0.544
0.739
0.653
0.568
0.565
0.684
0.599
0.603
0.626
0.761
0.554
0.747
0.752
0.645
0.641
0.783
0.691
0.791
0.551
0.742
0.624
0.693
0.618
0.688
0.592
0.686
0.626
0.661
0.763
0.809
0.943
1.005
0.966
0.657
0.740
0.592
0.605
0.288
0.274
0.234
0.204
0.228
0.244
0.510
0.429
0.712
0.717
0.326
0.635
0.583
0.831
0.388
0.607
0.441
0.676
0.532
0.605
0.556
0.581
0.672
0.828
0.739
0.763
0.768
1.017
0.893
0.731
0.733
0.822
1.012
0.794
0.854
0.958
0.978
1.042
0.761
0.726
0.881
0.929
0.934
0.919
0.988
0.848
0.799
0.910
0.993
0.803
0.572
0.420
0.470
0.512
0.574
0.441
0.486
0.494
0.599
0.641
0.740
0.441
0.414
0.432
0.568
0.326
0.204
0.414
0.549
0.678
0.883
0.803
0.599
0.645
0.572
0.581
0.572
0.470
0.438
0.432
0.653
0.497
0.649
0.735
0.494
0.612
0.590
0.599
0.338
0.371
0.306
0.643
0.848
0.556
0.868
0.920
0.859
0.894
0.875
0.905
0.831
0.972
0.986
0.897
0.842
0.905
0.872
1.044
0.847
0.401
0.306
0.330
0.388
0.330
0.326
0.314
0.395
0.322
0.306
0.318
0.239
0.381
0.349
0.102
0.284
0.000
0.000
0.161
0.191
0.051
0.135
0.000
0.250
0.000
0.191
0.000
0.791
0.688
0.747
0.830
0.478
0.607
0.761
0.899
0.672
0.618
0.678
0.781
0.951
0.831
0.723
0.766
0.628
0.330
0.429
0.624
0.310
0.417
0.664
0.612
0.682
0.706
0.255
0.405
0.618
0.330
0.699
0.590
0.653
0.599
0.502
0.607
0.537
0.877
0.570
0.880
0.590
0.537
0.161
0.510
0.542
0.647
0.740
0.990
0.857
0.949
1.037
1.084
0.990
1.037
1.069
1.024
1.023
0.966
0.949
0.992
0.862
1.004
0.916
0.796
0.601
0.375
0.408
0.539
1.069
0.781
0.730
0.438
0.515
0.525
0.250
0.318
0.462
0.497
0.666
0.643
0.601
0.398
0.601
0.706
0.401
0.645
0.395
0.398
0.599
0.481
0.520
0.450
0.364
0.475
0.326
0.467
0.739
0.672
0.491
0.535
0.464
0.565
0.456
0.153
0.730
0.751
0.704
0.594
0.991
0.822
0.778
0.865
0.674
0.862
0.730
0.579
0.790
0.505
0.537
0.453
0.423
0.502
0.398
0.520
0.684
0.618
0.556
0.714
0.497
0.515
0.599
0.371
0.547
0.572
0.561
0.549
0.583
0.444
0.551
0.453
0.405
0.539
0.574
0.853
0.806
0.880
0.944
0.986
1.070
1.028
1.079
1.033
0.987
0.740
0.661
0.517
0.655
0.710
0.703
0.558
0.297
0.177
0.620
0.917
0.811
0.756
0.456
0.435
0.712
0.630
0.547
0.467
0.927
0.862
1.026
1.054
0.831
1.049
1.046
1.009
0.609
0.284
0.551
0.907
1.062
0.997
0.988
1.031
1.038
1.024
0.976
0.966
0.995
0.894
0.614
0.483
0.360
0.581
0.737
0.561
0.306
0.444
0.310
0.375
0.260
0.306
0.689
0.763
0.943
0.643
0.751
0.906
0.597
0.414
0.735
0.520
0.714
0.494
0.814
0.686
0.721
0.868
0.887
0.790
0.814
0.845
0.906
0.863
0.637
0.869
0.938
0.863
0.875
0.930
0.966
1.034
1.046
1.001
0.723
0.326
0.177
0.169
0.114
0.153
0.177
0.204
0.144
0.326
0.581
0.522
0.592
0.641
0.478
0.577
0.775
0.666
0.910
0.947
0.572
0.525
0.982
0.674
0.881
1.051
0.766
0.592
0.661
0.364
0.144
0.279
0.255
0.144
0.661
0.651
0.265
0.375
0.429
0.693
0.456
0.605
0.661
0.839
0.310
0.554
0.624
0.659
0.583
0.473
0.701
0.539
0.426
0.614
0.890
0.923
1.010
1.051
1.062
1.053
1.022
0.990
0.999
0.972
0.896
0.699
0.845
0.809
0.786
0.790
0.881
0.768
0.635
0.459
0.668
0.601
0.639
0.661
0.420
0.494
0.768
0.517
0.378
0.423
0.330
0.288
0.385
0.618
0.284
0.601
0.444
0.597
0.507
0.900
0.597
0.364
0.588
0.505
0.426
0.360
0.721
0.747
0.549
0.411
0.478
0.561
0.342
0.408
0.385
0.432
0.435
0.651
0.868
0.730
0.515
0.401
0.599
0.360
0.561
0.330
0.599
0.423
0.574
0.512
0.288
0.657
0.486
0.371
0.334
0.391
0.385
0.408
0.346
0.869
0.706
0.197
0.302
0.338
0.763
0.865
0.744
0.830
0.791
0.637
0.923
0.834
0.869
0.594
0.588
0.635
0.744
0.405
0.579
0.505
0.414
0.544
0.628
0.467
0.704
0.655
0.847
0.649
0.601
0.740
0.726
0.839
0.971
0.988
0.884
0.737
0.735
0.520
0.793
0.649
0.756
0.714
0.893
0.515
0.678
0.517
0.693
0.632
0.842
0.594
0.594
0.432
0.378
0.368
0.663
0.597
0.684
0.438
0.586
0.522
0.620
0.450
0.475
0.204
0.473
0.378
0.334
0.603
0.510
0.565
0.588
0.663
0.549
0.659
0.423
0.831
0.812
0.659
0.997
0.868
0.721
0.988
1.047
1.057
0.943
0.655
0.848
0.616
0.773
0.894
0.930
0.771
0.785
1.006
1.010
0.916
0.992
0.993
0.930
0.889
0.761
0.878
0.991
0.739
0.678
0.561
0.717
0.686
0.346
0.473
0.507
0.620
0.649
0.693
0.649
0.956
0.565
0.859
0.645
0.684
0.522
0.388
0.364
0.447
0.391
0.405
0.860
0.920
0.676
0.381
0.799
0.731
0.853
0.672
0.464
0.417
0.441
0.435
0.408
0.456
0.288
0.265
0.210
0.228
0.306
0.260
0.114
0.161
0.144
0.222
0.000
0.270
0.135
0.204
0.177
0.470
0.556
0.783
0.728
0.250
0.153
0.088
0.153
0.228
0.169
0.125
0.088
0.125
0.161
0.239
0.486
0.539
0.768
0.956
0.960
0.586
0.334
0.381
0.234
0.395
0.391
0.228
0.161
0.169
0.144
0.250
0.310
0.322
0.270
0.260
0.260
0.244
0.314
0.357
0.135
0.125
0.244
0.197
0.279
0.381
0.507
0.177
0.737
0.723
1.004
1.062
1.079
1.090
1.065
1.073
0.976
0.655
0.886
0.577
0.599
0.754
0.626
0.568
0.661
0.749
0.674
0.579
0.601
0.643
0.837
0.510
0.920
1.013
0.944
1.014
0.865
1.091
0.955
0.938
0.796
0.771
0.770
0.860
0.672
0.751
0.647
0.570
0.210
0.525
0.699
0.773
0.991
1.034
1.001
1.003
0.996
1.004
0.968
0.730
0.297
0.502
0.542
0.899
0.326
0.527
0.510
0.563
0.622
0.338
0.489
0.314
0.401
0.594
0.568
0.609
0.697
0.483
0.497
0.414
0.603
0.549
0.666
0.806
0.999
0.827
0.746
0.770
0.742
0.850
0.884
1.008
1.015
0.919
0.432
0.265
0.161
0.114
0.161
0.520
0.780
0.616
0.605
0.643
0.522
0.483
0.697
1.184
0.889
0.763
0.945
0.967
1.103
1.128
0.956
1.064
0.799
0.761
0.651
0.794
0.594
0.801
0.803
0.887
0.666
0.626
0.616
0.980
1.022
0.980
0.871
0.997
1.003
0.953
0.887
0.952
0.754
0.872
0.726
0.645
0.664
0.641
0.456
0.499
0.588
0.793
0.678
0.678
0.798
0.655
0.706
0.597
0.682
0.862
0.823
0.674
0.775
0.828
0.637
0.510
0.603
0.554
0.597
0.719
0.605
0.375
0.459
0.441
0.539
0.515
0.429
0.464
0.586
0.530
0.689
0.522
0.661
0.701
0.544
0.447
1.017
0.907
0.897
0.803
0.739
0.467
0.395
0.626
0.530
0.499
0.420
0.414
0.441
0.605
0.310
0.489
0.306
0.502
0.544
0.318
0.499
0.349
0.497
0.456
0.250
0.577
0.597
0.357
0.310
0.314
0.497
0.330
0.401
0.525
0.773
0.637
0.771
0.517
0.554
0.494
0.577
0.639
0.614
0.742
0.563
0.556
0.470
0.614
0.522
0.622
0.551
0.712
0.626
0.733
0.740
0.542
0.530
0.622
0.630
0.609
0.775
0.601
0.607
0.597
0.863
0.910
0.996
0.780
1.029
0.814
0.450
0.364
0.549
0.964
0.699
0.473
0.502
0.819
0.728
0.637
0.984
0.919
0.804
0.510
0.547
0.423
0.405
0.244
0.666
0.512
0.830
0.886
0.943
0.806
0.763
0.635
0.890
0.902
0.887
0.947
0.507
0.135
0.088
0.161
0.360
0.637
0.712
0.897
1.032
0.966
1.015
1.042
1.048
1.052
1.041
1.004
0.766
1.014
0.984
0.922
0.659
0.505
0.688
0.592
0.624
0.701
0.561
0.391
0.408
0.581
0.581
0.691
0.537
0.360
0.497
0.721
0.791
0.799
0.854
0.701
0.907
0.752
0.979
0.715
0.703
0.594
0.570
0.618
0.423
0.441
0.371
0.527
0.302
0.260
0.222
0.489
0.475
0.417
0.497
0.923
0.751
0.719
0.859
0.803
0.923
0.906
1.000
1.039
1.054
1.075
1.057
0.747
1.000
0.983
0.975
0.749
0.691
0.661
0.467
0.405
0.641
0.887
0.937
0.853
0.682
0.988
1.034
1.024
1.091
1.090
1.065
1.046
1.044
1.049
1.038
1.023
1.021
1.015
0.693
0.661
0.423
0.601
0.768
0.616
0.444
0.592
0.441
0.510
0.775
0.663
0.467
0.405
0.620
0.643
0.346
0.695
0.288
0.664
0.647
0.637
0.672
0.819
0.856
0.768
0.491
0.899
0.731
0.628
0.837
0.811
0.467
0.470
0.527
0.486
0.342
0.318
0.398
0.432
0.391
0.499
0.330
0.574
0.577
0.357
0.288
0.330
0.385
0.288
0.153
0.274
0.318
0.346
0.551
0.554
0.489
0.483
0.357
0.330
0.441
0.583
0.464
0.539
0.391
0.505
0.549
0.592
0.322
0.723
0.444
0.405
0.494
0.577
0.515
0.499
0.444
0.456
0.473
0.426
0.525
0.250
0.547
0.510
0.270
0.499
0.441
0.447
0.334
0.592
0.417
0.417
0.515
0.450
0.491
0.306
0.464
0.405
0.502
0.381
0.502
0.572
0.609
0.830
0.958
1.032
0.853
0.868
0.959
0.859
0.663
0.719
0.693
0.848
0.607
0.512
0.670
0.510
0.512
0.346
0.314
0.486
0.489
0.721
0.588
0.830
1.061
1.070
0.848
0.996
1.046
1.056
1.051
1.067
1.058
1.042
1.027
1.017
1.001
1.038
0.933
1.026
0.497
0.411
0.423
0.739
0.811
0.628
0.657
0.453
0.161
0.169
0.169
0.204
0.197
0.491
0.525
0.505
0.684
0.475
0.572
0.568
0.420
0.510
0.464
0.450
0.441
0.542
0.520
0.395
0.475
0.607
0.473
0.505
0.682
0.740
0.733
0.670
0.680
0.668
0.783
0.962
0.907
0.952
0.910
0.881
1.024
1.041
1.043
1.067
1.054
1.062
0.996
1.047
1.075
0.831
0.371
0.432
0.297
0.346
0.432
0.310
0.423
0.388
0.338
0.391
0.426
0.244
0.234
0.270
0.222
0.453
0.417
0.502
0.438
0.255
0.302
0.322
0.401
0.114
0.144
0.114
0.153
0.177
0.751
0.704
0.776
0.432
0.817
0.740
0.776
0.651
0.632
0.481
0.342
0.114
0.398
0.605
0.537
0.645
0.614
0.773
0.706
0.737
0.839
0.635
1.023
0.905
0.820
0.565
0.622
0.880
0.659
0.724
0.892
1.052
1.058
1.038
1.036
1.038
0.803
0.609
0.710
0.581
1.043
0.814
0.467
0.719
0.450
0.630
0.651
0.459
0.570
0.804
0.801
0.937
0.780
0.947
0.947
0.943
0.737
0.740
0.897
0.899
0.763
0.827
0.773
0.815
0.719
0.630
0.761
0.535
0.542
0.726
0.616
0.561
0.459
0.628
0.655
0.599
0.731
0.622
0.643
0.790
1.034
1.024
0.936
0.676
0.798
0.887
0.717
0.680
0.639
0.682
0.639
0.265
0.510
0.216
0.535
0.803
0.616
0.462
0.906
0.756
0.776
0.423
0.790
0.494
0.551
0.906
0.887
0.993
1.064
1.012
0.737
0.868
1.018
0.974
0.837
0.641
0.371
0.210
1.149
1.150
0.785
0.952
1.012
0.899
0.661
0.637
0.438
0.659
0.626
0.447
0.450
0.467
0.438
0.429
0.417
0.844
0.697
0.822
0.872
0.607
0.398
0.478
0.510
0.330
0.605
0.583
0.478
0.956
0.570
0.659
0.854
0.909
0.893
0.997
1.013
0.949
0.491
0.338
0.204
0.222
0.274
0.450
0.429
0.191
0.222
0.239
0.191
0.191
0.274
0.288
0.184
0.177
0.274
0.270
0.284
0.260
0.265
0.255
0.153
0.239
0.197
0.114
0.135
0.051
0.114
0.191
0.250
0.244
0.210
0.360
0.395
0.334
0.260
0.391
0.184
0.288
0.326
0.368
0.270
0.222
0.161
0.346
0.265
0.270
0.417
0.314
0.216
0.169
0.426
0.486
0.318
0.388
0.401
0.456
0.274
0.395
0.360
0.368
0.314
0.314
0.306
0.306
0.420
0.375
0.417
0.411
0.378
0.255
0.222
0.310
0.322
0.302
0.381
0.216
0.204
0.411
0.426
0.322
0.326
0.274
0.459
0.435
0.447
0.375
0.357
0.385
0.462
0.483
0.381
0.385
0.288
0.204
0.441
0.284
0.522
0.408
0.494
0.375
0.414
0.429
0.450
0.530
0.532
0.318
0.395
0.556
0.561
0.414
0.318
0.326
0.310
0.265
0.293
0.381
0.680
0.735
0.951
1.005
1.013
1.021
1.086
1.075
0.995
1.003
0.996
0.778
0.834
0.790
0.544
0.735
0.697
0.530
0.371
0.544
0.796
0.773
0.751
0.649
0.417
0.572
0.491
0.547
0.749
0.733
0.917
0.874
1.019
1.056
1.052
1.042
1.014
0.930
0.649
0.666
0.353
1.067
0.927
0.940
0.643
1.119
1.013
0.668
0.388
0.444
0.360
0.334
0.234
0.125
0.153
0.161
0.135
0.184
0.378
0.630
0.749
0.450
0.664
0.537
0.398
0.338
0.398
0.689
0.539
0.153
0.072
0.088
0.000
0.088
0.051
0.051
0.153
0.395
0.742
0.764
0.721
0.565
0.378
0.349
0.244
0.153
0.000
0.114
0.000
0.632
0.890
0.712
0.775
0.398
0.684
0.926
0.822
0.532
0.641
0.462
0.338
0.314
0.385
0.614
0.622
0.678
0.624
0.649
0.544
0.408
0.371
0.865
0.916
0.749
0.807
0.820
0.710
0.388
0.322
0.191
0.216
0.302
0.334
0.346
0.306
0.306
0.228
0.135
0.244
0.346
0.360
0.260
0.197
0.444
0.239
0.302
0.773
0.551
0.473
0.432
0.429
0.489
0.405
0.306
0.499
0.475
0.302
0.385
0.450
0.456
0.432
0.360
0.388
0.204
0.153
0.216
0.191
0.381
0.349
0.357
0.478
0.535
0.297
0.342
0.338
0.453
0.353
0.462
0.357
0.322
0.391
