0.780
0.824
0.832
0.803
0.699
0.858
0.837
0.736
0.584
0.825
0.838
0.773
0.730
0.907
0.808
0.850
0.941
0.890
0.765
0.652
0.482
0.637
0.511
0.642
0.563
0.487
0.407
0.314
0.966
0.910
0.827
0.850
0.933
0.509
0.701
0.864
0.951
0.914
0.868
0.799
0.752
0.754
0.552
0.404
0.438
0.592
0.608
0.606
0.504
0.679
0.726
0.725
0.765
0.847
0.686
0.629
0.806
0.787
0.816
0.816
0.815
0.657
0.725
0.891
0.939
1.015
0.984
0.960
0.971
0.866
0.884
0.911
0.728
0.190
0.543
0.879
0.953
0.956
0.689
0.899
0.883
0.802
0.834
0.815
0.487
0.653
0.811
0.571
0.794
0.462
0.401
0.470
0.666
0.689
0.837
0.779
0.567
0.370
0.379
0.932
0.881
0.972
0.977
0.968
0.899
0.759
0.850
0.784
0.837
0.962
0.998
0.984
0.806
0.872
0.996
1.013
0.989
0.993
1.032
0.992
0.996
0.938
0.787
0.809
0.655
0.774
0.616
0.465
0.703
0.726
0.859
0.640
0.598
0.588
0.592
0.525
0.619
0.850
0.868
0.927
0.965
0.723
0.899
0.752
0.754
0.653
0.644
0.671
0.507
0.499
0.497
0.569
0.511
0.565
0.298
0.625
0.635
0.499
0.671
0.640
0.848
0.784
0.751
0.862
0.768
0.848
0.831
0.866
0.828
0.883
0.822
0.815
0.866
0.894
0.701
0.805
0.652
0.604
0.735
0.787
0.816
0.892
0.864
0.967
0.992
0.943
1.005
0.937
0.928
0.454
0.819
0.796
0.770
0.763
0.916
0.887
0.865
0.828
1.007
0.490
0.835
0.916
0.977
0.945
0.958
0.937
0.945
0.854
0.803
0.673
0.600
0.659
0.648
0.560
0.749
0.694
0.689
0.703
0.642
0.776
0.720
0.664
0.635
0.738
0.851
0.894
0.852
0.828
0.701
0.751
0.657
0.881
0.912
0.812
0.661
0.771
0.857
0.828
0.844
0.699
0.793
0.746
0.567
0.808
0.610
0.560
0.691
0.701
0.728
0.625
0.664
0.376
0.679
0.794
0.543
0.558
0.720
0.733
0.754
0.642
0.735
0.819
0.677
0.718
0.735
0.693
0.698
0.725
0.507
0.635
0.637
0.598
0.875
0.845
0.726
0.357
0.852
0.771
0.790
0.629
0.245
0.219
0.765
0.765
0.812
0.963
1.006
0.815
0.865
0.876
0.943
0.929
0.961
0.986
0.979
0.939
0.955
0.958
0.925
0.960
0.937
0.928
0.925
0.859
0.706
0.693
0.684
0.696
0.604
0.521
0.306
0.637
0.623
0.713
0.770
0.876
0.785
0.579
0.814
0.920
0.943
0.886
0.883
0.855
0.876
0.900
0.979
0.966
1.023
0.986
0.919
0.968
0.977
1.007
1.047
0.993
1.035
1.024
0.948
0.822
0.873
0.779
0.744
0.659
0.892
0.809
0.917
0.941
0.892
0.708
0.715
0.711
0.670
0.534
0.627
0.477
0.487
0.604
0.743
0.907
0.877
0.796
0.791
0.802
0.821
0.802
0.838
0.797
0.828
0.790
0.919
0.904
0.633
0.407
0.392
0.472
0.485
0.310
0.208
0.418
0.259
0.264
0.353
0.286
0.259
0.462
0.499
0.346
0.382
0.525
0.579
0.567
0.441
0.480
0.530
0.325
0.545
0.446
0.465
0.294
0.386
0.490
0.389
0.350
0.139
0.208
0.147
0.162
0.147
0.098
0.000
0.155
0.543
0.617
0.946
0.977
0.955
0.977
0.936
0.936
0.824
0.759
0.797
0.777
0.857
0.635
0.673
0.799
0.710
0.687
0.879
0.808
0.965
0.990
0.986
0.970
1.002
0.981
0.958
0.902
0.921
0.803
0.763
0.586
0.548
0.809
0.805
0.441
0.779
0.837
0.785
0.845
0.866
0.933
0.824
0.747
0.662
0.749
0.816
0.779
0.895
0.803
0.862
0.929
0.996
0.994
0.986
0.983
0.972
1.007
0.995
1.017
1.050
1.017
1.005
0.902
0.925
0.896
0.877
0.830
0.809
0.799
0.866
0.799
0.747
0.514
0.577
0.843
0.731
0.686
0.806
0.797
0.509
0.588
0.673
0.579
0.784
0.705
0.619
0.721
0.767
0.815
0.765
0.814
0.814
0.859
0.881
0.952
0.968
0.983
0.945
0.937
0.844
0.691
0.733
0.655
0.713
0.594
0.705
0.552
0.687
0.382
0.763
0.644
0.673
0.698
0.779
1.008
0.808
0.767
0.691
0.705
0.880
0.965
0.828
0.835
0.818
0.809
0.952
0.890
0.830
0.956
0.886
0.932
0.993
1.006
0.946
0.933
0.976
0.974
0.978
0.967
0.939
0.787
0.868
0.819
0.731
0.441
0.684
0.706
0.802
0.514
0.598
0.567
0.684
0.449
0.600
0.435
0.454
0.773
0.819
0.816
0.871
0.596
0.907
0.876
0.693
0.594
0.746
0.780
0.659
0.673
0.811
0.864
0.908
0.932
0.919
0.872
0.947
0.912
0.919
0.955
0.908
0.906
0.912
0.970
0.974
1.019
0.956
0.903
0.903
0.868
0.858
0.809
0.873
0.972
1.006
1.013
0.947
0.666
0.818
0.877
0.843
0.646
0.682
0.767
0.548
0.532
0.590
0.802
0.824
0.920
0.871
0.818
0.760
0.912
0.952
0.868
0.787
0.847
0.868
0.556
0.703
0.800
0.472
0.395
0.768
0.495
0.536
0.509
0.427
0.504
0.861
0.848
0.843
0.845
0.480
0.552
0.410
0.418
0.321
0.470
0.567
1.002
0.689
0.978
0.947
0.996
0.970
0.934
0.998
0.962
0.967
1.000
0.947
0.958
0.977
0.989
0.987
0.958
0.937
0.957
0.981
0.902
0.830
0.890
0.666
0.816
0.523
0.777
0.808
0.768
0.687
0.821
0.803
0.880
0.947
0.777
0.612
0.762
0.902
0.938
0.996
1.000
1.019
0.982
0.988
0.965
1.019
1.023
1.010
1.026
0.953
0.894
0.934
0.910
0.671
0.675
0.877
0.852
0.966
1.013
0.988
0.831
0.699
0.716
0.581
0.596
0.782
0.802
0.633
0.485
0.679
0.581
0.577
0.703
0.713
1.014
1.096
0.939
0.859
0.933
0.946
0.921
0.951
0.875
0.741
0.780
0.812
0.730
0.834
0.827
0.847
0.808
0.699
0.741
0.581
0.536
0.721
0.655
0.612
0.495
0.802
0.577
0.608
0.763
0.689
0.790
0.638
0.664
0.653
0.699
0.699
0.788
0.610
0.545
0.563
0.715
0.718
0.454
0.662
0.718
0.684
0.845
0.946
1.006
0.976
0.890
0.854
0.743
0.749
0.747
0.814
0.666
0.623
0.864
0.968
0.939
0.880
0.960
0.907
0.731
0.858
0.725
0.584
0.612
0.579
0.716
0.569
0.490
0.446
0.451
0.550
0.398
0.208
0.240
0.518
0.268
0.196
0.360
0.432
0.462
0.532
0.556
0.554
0.552
0.560
0.718
0.648
0.569
0.679
0.718
0.640
0.590
0.617
0.588
0.451
0.743
0.782
0.946
0.951
0.956
0.953
0.981
0.958
0.989
0.963
0.915
0.720
0.760
0.857
0.851
0.738
0.711
0.827
0.822
0.751
0.767
0.908
0.976
1.002
1.026
1.026
1.001
0.930
0.822
0.794
0.832
0.552
0.686
0.809
0.800
0.521
0.629
0.767
0.747
0.686
0.644
0.644
0.694
0.730
0.805
0.881
0.646
0.855
0.637
0.554
0.655
0.819
0.880
0.814
0.744
0.642
0.815
0.868
0.760
0.770
0.720
0.629
0.625
0.808
0.556
0.785
0.861
0.828
0.735
0.762
0.395
0.858
0.791
0.689
0.571
0.523
0.671
0.487
0.410
0.596
0.554
0.668
0.701
0.648
0.698
0.733
0.776
0.825
0.536
0.556
0.822
0.543
0.686
0.569
0.784
0.862
0.653
0.644
0.848
0.518
0.317
0.638
0.957
1.040
0.908
0.910
0.834
0.720
0.754
0.812
0.855
0.871
0.834
0.752
0.627
0.693
0.441
0.614
0.992
0.943
0.930
0.928
0.767
0.851
0.934
0.907
0.728
0.796
0.890
0.862
0.680
0.530
0.713
0.507
0.642
0.616
0.802
0.850
0.782
0.659
0.785
0.837
0.527
0.548
0.518
0.852
0.927
0.845
0.894
0.525
0.230
0.379
0.346
0.294
0.435
0.590
0.774
0.616
0.554
0.848
0.850
0.573
0.670
0.646
0.608
0.360
0.633
0.694
0.746
0.424
0.554
0.509
0.684
0.511
0.567
0.768
0.673
0.686
0.567
0.541
0.725
0.668
0.689
0.395
0.693
0.653
0.994
0.883
0.936
0.979
0.832
0.921
0.904
0.951
0.962
0.963
0.993
1.011
0.890
0.594
0.545
0.906
0.862
0.701
0.521
0.360
0.631
0.454
0.625
0.449
0.482
0.404
0.413
0.329
0.410
0.565
0.502
0.395
0.427
0.604
0.389
0.230
0.235
0.213
0.317
0.085
0.254
0.259
0.162
0.155
0.098
0.162
0.155
0.155
0.085
0.155
0.245
0.000
0.069
0.069
0.170
0.000
0.000
0.744
0.739
0.768
0.581
0.728
0.864
0.890
0.827
0.762
0.746
0.556
0.773
0.629
0.661
0.565
0.754
0.662
0.693
0.596
0.610
0.721
0.571
0.711
0.796
0.629
0.621
0.539
0.588
0.360
0.370
0.571
0.691
0.657
0.556
0.840
0.565
0.536
0.596
0.793
0.646
0.694
0.765
0.668
0.521
0.927
0.971
0.815
0.960
0.937
0.689
0.912
0.864
0.655
0.675
0.545
0.534
0.441
0.370
0.577
0.286
0.680
0.504
0.360
0.346
0.504
0.661
0.507
0.329
0.490
0.631
0.619
0.424
0.416
0.443
0.482
0.633
0.446
0.373
0.389
0.421
0.687
0.586
0.793
0.638
0.691
0.691
0.875
0.699
0.873
0.895
0.834
0.854
0.921
0.850
0.779
0.802
0.763
0.642
0.749
0.684
0.581
0.629
0.679
0.771
0.638
0.499
0.438
0.357
0.240
0.499
0.545
0.584
0.446
0.398
0.290
0.339
0.389
0.000
0.208
0.000
0.000
0.000
0.170
0.098
0.202
0.000
0.183
0.162
0.177
0.098
0.000
0.000
0.000
0.000
0.000
0.000
0.000
0.120
0.000
0.049
0.000
0.000
0.162
0.000
0.000
0.069
0.098
0.000
0.110
0.000
0.000
0.000
0.000
0.000
0.000
0.000
0.000
0.069
0.000
0.000
0.000
0.130
0.000
0.000
0.139
0.000
0.000
0.000
0.000
0.000
0.000
0.000
0.000
0.000
0.183
0.000
0.000
0.130
0.000
0.155
0.366
0.000
0.000
0.000
0.000
0.000
0.000
0.000
0.177
0.202
0.000
0.130
0.000
0.000
0.000
0.000
0.000
0.000
0.000
0.196
0.000
0.098
0.155
0.427
0.441
0.357
0.441
0.706
0.472
0.310
0.310
0.213
0.000
0.147
0.085
0.213
0.000
0.286
0.550
0.671
0.640
0.653
0.475
0.545
0.392
0.264
0.472
0.360
0.386
0.363
0.343
0.277
0.162
0.196
0.139
0.000
0.162
0.000
0.000
0.162
0.000
0.000
0.000
0.000
0.120
0.000
0.000
0.147
0.000
0.000
0.000
0.000
0.000
0.000
0.000
0.085
0.000
0.000
0.000
0.162
0.000
0.120
0.000
0.000
0.000
0.000
0.000
0.110
0.382
0.302
0.329
0.543
0.353
0.370
0.563
0.482
0.259
0.357
0.392
0.310
0.735
0.773
0.661
0.741
0.811
0.916
0.565
0.430
0.424
0.454
0.627
0.664
0.662
0.490
0.545
0.386
0.684
0.859
0.741
0.541
0.936
0.904
0.770
0.946
0.939
0.806
0.616
0.527
0.687
0.830
0.895
0.718
0.728
0.696
0.504
0.797
0.736
0.581
0.657
0.770
0.894
0.799
0.914
0.963
0.924
0.449
0.855
0.967
0.962
0.992
0.943
0.887
0.924
0.923
0.838
0.302
0.213
0.120
0.235
0.170
0.098
0.235
0.000
0.196
0.190
0.321
0.653
0.859
0.716
0.777
0.782
0.644
0.743
0.621
0.432
0.757
0.646
0.666
0.822
0.782
0.703
0.584
0.655
0.687
0.706
0.808
0.916
0.923
0.976
0.977
1.015
1.021
1.034
1.040
0.993
0.903
0.941
0.877
0.907
0.881
0.916
0.989
1.013
1.001
0.879
0.903
0.851
0.932
0.877
0.861
0.852
0.879
0.799
0.794
0.666
0.606
0.627
0.556
0.497
0.606
0.543
0.392
0.545
0.545
0.598
0.441
0.534
0.736
0.765
0.966
0.973
0.814
0.895
0.960
0.768
0.617
0.573
0.726
0.687
0.691
0.518
0.851
0.790
0.730
0.791
0.884
0.787
0.837
0.847
0.713
0.675
0.788
0.664
0.627
0.606
0.567
0.637
0.671
0.586
0.511
0.701
0.771
0.596
0.499
0.413
0.694
0.802
0.644
0.521
0.666
0.794
0.610
0.475
0.435
0.718
0.625
0.625
0.438
0.600
0.577
0.730
0.855
0.793
0.747
0.760
0.558
0.416
0.703
0.560
1.034
0.990
0.866
0.281
0.230
0.680
0.800
0.850
0.363
0.873
0.904
0.934
0.310
0.183
0.986
0.967
1.006
0.979
0.928
0.875
0.728
0.857
0.872
0.812
0.923
0.803
0.819
0.763
0.859
0.868
0.929
0.915
0.933
0.890
0.989
0.780
0.539
0.806
0.891
0.899
0.831
0.800
0.822
0.710
0.682
0.751
0.623
0.610
0.749
0.708
0.655
0.554
0.687
0.892
0.831
0.995
0.890
0.875
0.945
0.987
0.999
0.952
0.939
0.880
0.928
0.915
0.852
0.987
0.995
1.024
1.027
0.981
0.495
0.514
0.640
0.398
0.677
0.929
0.911
0.899
0.928
0.883
0.984
0.946
0.725
0.819
0.844
0.787
0.711
0.730
0.657
0.523
0.625
0.379
0.413
0.567
0.588
0.457
0.596
0.596
0.596
0.662
0.694
0.668
0.646
0.679
0.577
0.770
0.741
0.604
0.743
0.584
0.363
0.277
0.329
0.325
0.861
0.908
0.951
0.971
1.017
0.921
0.871
0.945
0.815
0.845
0.796
0.894
0.827
0.873
0.906
0.904
0.730
0.726
0.751
0.720
0.762
0.835
0.726
0.771
0.762
0.765
0.830
0.794
0.774
0.799
0.845
0.749
0.782
0.664
0.675
0.855
0.726
0.662
0.668
0.621
0.749
0.850
0.932
0.955
0.859
0.928
0.978
0.912
0.711
0.504
0.741
0.644
0.475
0.294
0.424
0.459
0.343
0.213
0.202
0.085
0.000
0.213
0.290
0.398
0.208
0.495
0.495
0.392
0.451
0.379
0.771
0.614
0.516
0.640
0.614
0.558
0.569
0.395
0.497
0.438
0.539
0.608
0.739
0.843
0.843
0.929
0.851
0.930
0.950
0.929
0.900
0.803
0.710
0.686
0.610
0.733
0.822
0.811
0.932
0.945
0.971
0.971
0.884
0.837
0.953
0.976
0.999
1.001
1.014
0.965
0.879
0.771
0.774
0.670
0.616
0.854
0.947
1.018
0.986
0.945
0.850
0.816
0.799
0.741
0.835
0.861
0.805
0.495
0.608
0.577
0.738
0.739
0.763
0.784
0.825
0.754
0.666
0.703
0.666
0.530
0.713
0.699
0.746
0.677
0.752
0.563
0.467
0.462
0.511
0.584
0.621
0.633
0.689
0.780
0.600
0.545
0.487
0.797
0.558
0.477
0.698
0.619
0.575
0.584
0.616
0.454
0.457
0.416
0.662
0.610
0.339
0.621
0.621
0.571
0.644
0.662
0.492
0.310
0.532
0.504
0.703
0.687
1.011
0.927
0.967
0.785
0.844
0.943
0.895
0.911
0.793
0.691
0.841
0.880
0.730
0.832
0.617
0.696
0.837
0.751
0.859
0.816
0.850
0.927
0.904
0.921
0.861
0.933
0.962
0.974
0.958
0.907
0.886
0.794
0.835
0.635
0.648
0.202
0.560
0.710
0.530
0.646
0.190
0.190
0.735
0.741
0.851
0.818
0.894
0.770
0.514
0.747
0.857
0.793
0.825
0.896
0.886
0.937
0.912
0.967
1.021
0.962
0.956
0.916
0.979
0.947
0.978
1.006
0.994
0.723
0.680
0.443
0.389
0.379
0.317
0.294
0.306
0.250
0.177
0.259
0.281
0.281
0.208
0.314
0.254
0.302
0.162
0.213
0.224
0.273
0.376
0.298
0.208
0.325
0.379
0.441
0.353
0.268
0.373
0.339
0.376
0.325
0.386
0.808
0.910
0.815
0.864
0.749
0.950
0.906
0.876
0.793
0.677
0.579
0.614
0.666
0.545
0.554
0.571
0.715
0.673
0.754
0.694
0.642
0.575
0.507
0.511
0.376
0.664
0.612
0.619
0.746
0.541
0.457
0.502
0.462
0.467
0.596
0.465
0.671
0.679
0.539
0.401
0.523
0.514
0.598
0.541
0.353
0.516
0.511
0.392
0.395
0.521
0.598
0.662
0.662
0.894
0.710
0.720
0.723
0.911
0.862
0.699
0.457
0.264
0.389
0.190
0.710
0.602
0.392
0.485
0.219
0.693
0.596
0.747
0.741
0.908
0.906
0.852
0.780
0.662
0.655
0.579
0.571
0.977
1.001
0.879
0.899
0.967
0.966
0.951
1.021
0.978
0.981
0.951
0.958
0.962
0.907
0.916
0.838
0.787
0.825
0.718
0.881
0.730
0.841
0.730
0.883
0.983
0.983
0.917
0.684
0.900
0.955
0.957
0.914
0.802
0.746
0.720
0.759
0.796
0.694
0.592
0.653
0.657
0.746
0.627
0.633
0.871
0.739
0.864
0.948
0.986
0.988
0.983
0.952
0.818
0.768
0.747
0.762
0.648
0.723
0.762
0.762
0.881
0.899
0.960
0.967
0.946
0.939
0.982
0.938
0.875
0.888
0.947
0.921
1.013
0.933
0.868
0.735
0.586
0.556
0.588
0.485
0.659
0.552
0.490
0.541
0.720
0.644
0.652
0.785
0.802
0.793
0.850
0.752
0.876
0.808
0.859
0.933
0.894
0.924
0.908
0.899
0.895
0.843
0.675
0.550
0.606
0.657
0.831
0.844
0.993
0.845
0.824
0.739
0.718
0.757
0.791
0.837
0.941
0.721
0.736
0.850
0.796
0.741
0.730
0.616
0.971
0.950
0.741
0.793
0.891
0.923
0.963
0.978
0.907
0.948
0.912
0.923
0.972
0.838
0.768
0.859
0.921
0.993
0.928
0.888
0.738
0.731
0.701
0.640
0.760
0.773
0.830
0.896
0.767
0.558
0.796
0.711
0.670
0.747
0.873
0.806
0.886
0.916
0.953
0.966
0.974
0.928
0.950
0.892
0.907
0.976
0.923
0.960
0.962
1.030
1.054
1.020
0.981
0.898
0.869
0.830
0.830
0.617
0.876
0.961
1.001
0.992
0.648
0.581
0.705
0.710
0.631
0.432
0.657
0.648
0.679
0.857
0.726
0.765
0.809
0.710
0.691
0.706
0.579
0.915
0.941
0.958
0.806
0.875
0.865
0.881
0.794
0.623
0.948
0.886
0.808
0.787
0.627
0.721
0.711
0.848
0.894
0.927
1.001
0.896
0.994
1.057
1.014
0.947
0.462
0.511
0.523
0.454
0.854
0.608
0.799
0.558
0.410
0.416
0.648
1.001
0.963
0.780
0.862
0.567
0.571
0.451
0.698
0.644
0.625
0.430
0.516
0.490
0.376
0.554
0.470
0.573
0.475
0.619
0.451
0.596
0.421
0.487
0.596
0.465
0.382
0.339
0.470
0.413
0.343
0.472
0.443
0.565
0.373
0.467
0.382
0.467
0.427
0.723
0.614
0.573
0.294
0.147
0.507
0.421
0.413
0.621
0.379
0.177
0.190
0.069
0.705
0.892
0.911
0.946
0.945
0.855
0.871
0.934
0.869
0.902
0.815
0.837
0.706
0.726
0.721
0.900
0.917
0.946
1.004
0.806
0.791
0.908
0.917
0.914
0.779
0.797
0.818
0.459
0.730
0.614
0.370
0.264
0.235
0.462
0.475
0.413
0.373
0.536
0.487
0.424
0.213
0.310
0.608
0.449
0.446
0.482
0.495
0.598
0.573
0.353
0.451
0.567
0.418
0.648
0.616
0.360
0.499
0.579
0.751
0.713
0.614
0.691
0.617
0.638
0.421
0.350
0.346
0.098
0.404
0.504
0.250
0.000
0.286
0.259
0.120
0.000
0.130
0.208
0.000
0.000
0.264
0.477
0.516
0.711
0.680
0.759
0.721
0.525
0.435
0.598
0.739
0.927
0.883
0.939
0.957
0.958
0.925
0.967
0.883
0.895
0.946
0.945
0.886
0.921
0.919
0.988
1.020
1.026
0.989
0.752
0.376
0.664
0.890
0.911
0.992
0.986
0.941
0.951
0.903
0.800
0.899
0.868
0.932
0.851
0.726
0.532
0.788
0.604
0.664
0.629
0.480
0.550
0.631
0.600
0.655
0.791
0.861
0.814
0.828
0.779
0.847
0.868
0.802
0.527
0.773
0.880
0.869
0.765
0.336
0.314
0.219
0.196
0.000
0.139
0.130
0.245
0.000
0.000
0.000
0.000
0.000
0.208
0.000
0.049
0.000
0.139
0.000
0.000
0.139
0.120
0.000
0.110
0.000
0.000
0.680
0.686
0.726
0.861
0.625
0.640
0.472
0.427
0.346
0.250
0.306
0.497
0.638
0.541
0.480
0.525
0.525
0.780
0.825
0.614
0.430
0.670
0.780
0.721
0.881
0.642
0.467
0.446
0.848
0.677
0.770
0.773
0.594
0.755
0.830
0.782
0.550
0.815
0.730
0.687
0.806
0.602
0.614
0.698
0.903
0.782
0.875
0.937
0.942
0.956
0.923
0.818
0.937
0.857
0.904
0.886
0.921
0.938
0.899
0.730
0.671
0.604
0.865
0.763
0.703
0.770
0.822
0.556
0.671
0.657
0.773
0.635
0.837
0.788
0.705
0.838
0.803
0.819
0.942
0.903
0.951
0.899
0.879
0.835
0.934
0.968
1.001
1.005
0.957
0.848
0.747
0.771
0.684
0.646
0.768
0.565
0.525
0.482
0.449
0.563
0.787
0.720
0.784
0.588
0.765
0.516
0.586
0.454
0.606
0.680
0.809
0.495
0.443
0.584
0.673
0.573
0.716
0.584
0.596
0.919
0.914
0.923
0.962
0.852
0.565
0.831
0.832
0.773
0.507
0.730
0.699
0.774
0.791
0.623
0.208
0.202
0.098
0.085
0.049
0.196
0.177
0.196
0.357
0.000
0.098
0.000
0.000
0.170
0.000
0.314
0.441
0.339
0.162
0.281
0.139
0.224
0.139
0.147
0.162
0.224
0.110
0.162
0.110
0.000
0.000
0.000
0.190
0.177
0.000
0.085
0.190
0.000
0.085
0.085
0.000
0.155
0.147
0.000
0.000
0.208
0.139
0.000
0.110
0.098
0.000
0.000
0.170
0.098
0.162
0.000
0.000
0.000
0.049
0.000
0.000
0.000
0.000
0.000
0.170
0.069
0.000
0.130
0.098
0.000
0.306
0.170
0.162
0.085
0.098
0.130
0.000
0.443
0.646
0.720
0.661
0.633
0.691
0.623
0.623
0.219
0.183
0.310
0.594
0.530
0.556
0.482
0.642
0.534
0.490
0.711
0.608
0.809
0.511
0.815
0.864
0.718
0.706
0.705
0.687
0.790
0.796
0.741
0.744
0.735
0.617
0.755
0.509
0.731
0.682
0.480
0.629
0.671
0.752
0.495
0.407
0.451
0.497
0.999
0.900
0.398
0.273
0.177
0.793
0.843
0.771
0.332
0.625
0.787
0.928
0.939
0.951
0.910
0.872
0.960
0.886
0.895
0.927
0.956
0.777
0.939
0.943
0.947
0.987
0.835
0.802
0.800
0.793
0.432
0.721
0.768
0.635
0.588
0.797
0.728
0.710
0.771
0.782
0.808
0.847
0.635
0.755
0.516
0.866
0.760
0.815
0.821
0.847
0.779
0.881
0.558
0.915
0.841
0.868
0.754
0.573
0.848
0.986
0.993
0.898
0.919
0.806
0.861
0.816
0.841
0.906
0.906
0.851
0.713
0.554
0.598
0.642
0.616
0.432
0.584
0.571
0.703
0.710
0.755
0.857
0.865
0.916
0.887
0.868
0.794
0.759
0.679
0.687
0.726
0.763
0.765
0.900
0.968
0.961
0.992
0.988
0.932
0.958
0.903
0.945
0.982
1.055
1.019
0.977
0.788
0.791
0.825
0.696
0.782
0.821
0.716
0.808
0.682
0.435
0.569
0.619
0.747
0.689
0.527
0.614
0.370
0.525
0.590
0.492
0.395
0.446
0.343
0.612
0.731
0.353
0.430
0.623
0.693
0.698
0.762
0.554
0.598
0.459
1.076
0.960
0.696
0.475
0.762
0.830
0.787
0.773
0.805
0.939
0.938
0.879
0.942
0.986
0.957
0.934
0.950
0.855
0.831
0.851
0.787
0.862
0.782
0.825
0.720
0.771
0.661
0.797
0.794
0.787
0.686
0.806
0.763
0.790
0.673
0.730
0.532
0.617
0.614
0.686
0.619
0.884
0.892
0.950
0.979
0.947
0.777
0.790
0.721
0.927
0.916
0.986
0.920
0.858
0.890
0.892
0.917
0.948
0.891
0.741
0.793
0.662
0.646
0.799
0.635
0.776
0.812
0.780
0.754
0.774
0.824
0.803
0.780
0.847
0.806
0.757
0.675
0.495
0.865
0.728
0.837
0.968
0.998
1.011
0.957
0.971
0.970
0.971
0.924
0.864
0.976
0.990
1.014
0.992
0.961
0.824
0.840
0.928
0.845
0.827
0.815
0.819
0.869
0.780
0.899
0.900
0.841
0.687
0.687
0.711
0.610
0.633
0.696
0.664
0.502
0.594
0.625
0.744
0.679
0.689
0.706
0.759
0.812
0.854
0.339
0.619
0.705
0.708
0.855
0.919
0.879
0.831
0.808
0.831
0.802
0.677
0.735
0.794
0.670
0.470
0.596
0.904
0.616
0.462
0.760
0.642
0.689
0.382
0.325
0.514
0.619
0.710
0.516
0.629
0.973
0.802
0.919
1.025
1.002
0.992
0.951
0.877
0.864
0.939
0.933
0.950
0.962
0.894
0.780
0.773
0.779
0.857
0.957
0.953
0.928
0.946
0.884
0.896
0.797
0.673
0.779
0.619
0.725
0.698
0.376
0.363
0.637
0.760
0.744
0.827
0.787
0.730
0.563
0.666
0.696
0.755
0.933
0.948
0.859
0.929
0.895
0.812
0.818
0.859
0.858
0.770
0.777
0.799
0.679
0.785
0.796
0.816
0.767
0.799
0.733
0.694
0.841
0.895
0.947
1.000
0.958
0.992
0.793
0.254
0.539
0.866
0.952
1.013
0.970
0.957
0.929
0.925
0.942
0.888
0.855
0.693
0.650
0.534
0.413
0.638
0.776
0.790
0.780
0.698
0.691
0.746
0.653
0.668
0.779
0.633
0.705
0.686
0.776
0.723
0.767
0.966
0.898
0.967
0.886
0.998
1.012
0.921
0.834
0.941
0.871
0.743
0.864
0.523
0.646
0.673
0.606
0.715
0.659
0.687
0.710
0.779
0.746
0.625
0.731
0.343
0.418
0.965
1.046
0.947
0.970
0.967
0.943
0.943
0.370
0.336
0.177
0.302
0.120
0.069
0.770
0.845
0.796
0.728
0.871
0.872
0.946
0.738
0.968
0.953
0.946
0.941
0.950
0.921
0.924
0.806
0.713
0.831
0.680
0.699
0.666
0.728
0.776
0.747
0.821
0.906
0.929
0.994
0.921
0.920
0.577
0.755
0.850
0.921
0.984
0.953
1.027
0.995
0.907
0.934
0.920
0.919
0.876
0.746
0.673
0.808
0.721
0.699
0.680
0.816
0.543
0.534
0.427
0.684
0.462
0.785
0.814
0.539
0.694
0.518
0.694
0.565
0.392
0.389
0.477
0.451
0.317
0.213
0.306
0.336
0.627
0.774
1.014
0.986
0.831
0.934
0.877
0.726
0.738
0.713
0.755
0.310
0.637
0.548
0.610
0.507
0.588
0.376
0.382
0.581
0.462
0.536
0.617
0.541
0.534
0.536
0.416
0.302
0.571
0.379
0.560
0.541
0.317
0.495
1.013
0.859
0.797
0.635
0.687
0.746
0.884
0.623
0.581
0.784
0.771
0.640
0.910
0.994
0.462
0.339
0.864
0.841
0.894
0.828
0.787
0.744
0.871
0.716
0.749
0.857
0.925
0.920
0.917
0.891
0.518
0.914
0.895
0.970
1.002
1.030
0.993
0.963
0.908
0.404
0.430
0.509
0.432
0.219
0.357
0.254
0.155
0.069
0.202
0.190
0.183
0.120
0.170
0.155
0.147
0.130
0.000
0.120
0.170
0.162
0.183
0.170
0.202
0.346
0.339
0.254
0.190
0.314
0.294
0.325
0.398
0.321
0.298
0.336
0.298
0.286
0.357
0.190
0.245
0.245
0.245
0.190
0.281
0.224
0.357
0.298
0.170
0.302
0.224
0.259
0.286
0.298
0.120
0.336
0.213
0.259
0.259
0.404
0.264
0.332
0.268
0.350
0.317
0.382
0.317
0.421
0.085
0.310
0.325
0.298
0.273
0.329
0.120
0.147
0.317
0.290
0.277
0.235
0.235
0.183
0.353
0.325
0.346
0.268
0.264
0.245
0.277
0.325
0.314
0.325
0.336
0.277
0.170
0.098
0.190
0.306
0.273
0.240
0.250
0.427
0.277
0.190
0.110
0.424
0.765
0.877
0.743
0.803
0.898
0.932
0.961
0.957
0.943
0.881
0.755
0.910
0.929
0.912
0.779
0.640
0.670
0.851
0.809
0.832
0.805
0.907
0.848
0.575
0.915
0.854
0.872
0.888
0.787
0.886
0.617
0.771
0.413
0.250
0.069
0.000
0.245
0.190
0.190
0.435
0.762
0.791
0.635
0.744
0.808
0.886
0.872
0.799
0.230
0.219
0.600
0.427
0.235
0.213
0.130
0.147
0.219
0.085
0.098
0.213
0.139
0.069
0.147
0.000
0.000
0.682
0.866
0.840
0.827
0.790
0.706
0.765
0.659
0.771
0.785
0.899
0.937
0.891
0.927
0.963
0.998
1.017
0.920
0.884
0.963
0.941
0.990
0.972
1.028
0.979
0.896
0.726
0.759
0.459
0.788
0.579
0.694
0.477
0.684
0.482
0.857
0.857
0.744
0.797
0.796
0.821
0.872
0.794
0.668
0.539
0.579
0.659
0.556
0.635
0.659
0.749
0.655
0.635
0.534
0.617
0.598
0.718
0.673
0.644
0.864
0.845
0.586
0.701
0.787
0.752
0.782
0.633
0.638
0.556
0.219
0.264
0.661
0.831
0.794
0.791
0.921
0.888
0.890
0.894
0.851
0.971
0.956
1.057
0.961
1.005
1.006
0.987
0.968
1.005
0.970
0.902
0.999
0.983
0.993
0.968
0.945
0.951
0.894
0.718
0.903
0.927
0.902
0.755
0.767
0.718
0.720
0.584
0.637
0.404
0.610
0.521
0.619
0.747
0.755
0.793
0.774
0.848
0.908
0.953
0.943
0.895
0.843
0.673
0.670
0.754
0.857
0.873
0.930
0.945
0.879
0.952
0.947
0.928
0.894
0.883
0.921
0.956
0.972
0.910
0.934
0.938
0.896
0.877
0.825
0.771
0.751
0.638
0.653
0.640
0.596
0.763
0.744
0.668
0.527
0.575
0.518
0.518
0.575
0.711
0.662
0.694
0.659
0.490
0.600
0.670
0.731
0.892
0.851
0.890
0.821
0.800
0.706
0.728
0.746
0.749
0.821
0.731
0.803
0.720
0.642
0.670
0.532
0.629
0.610
0.735
0.799
0.739
0.837
0.797
0.857
0.883
0.864
0.910
0.780
0.545
0.571
0.730
0.556
0.631
0.543
0.687
0.668
0.577
0.710
0.718
0.588
0.741
0.581
0.679
0.996
0.912
0.802
0.919
0.855
1.001
0.797
0.671
0.610
0.389
0.779
0.892
0.838
0.873
0.821
0.911
0.924
0.993
0.987
0.961
0.993
0.989
0.961
0.971
0.877
0.895
0.883
0.746
0.708
0.655
0.773
0.644
0.691
0.785
0.760
0.728
0.733
0.604
0.699
0.845
0.806
0.924
0.953
0.921
0.879
0.780
0.728
0.635
0.550
0.556
0.325
0.230
0.680
0.774
0.477
0.588
0.598
0.511
0.608
0.370
0.441
0.219
0.049
0.451
0.392
0.454
0.427
0.454
0.495
0.504
0.404
0.507
0.449
0.504
0.606
0.799
0.720
0.581
0.655
0.558
0.525
0.487
0.370
0.677
0.796
0.435
0.760
0.777
0.612
0.545
0.847
0.847
0.835
0.558
0.731
0.859
0.844
0.787
0.857
0.869
0.828
0.803
0.883
0.838
0.928
0.950
0.992
0.977
0.961
0.850
0.802
0.859
0.666
0.799
0.602
0.840
0.859
0.743
0.808
0.558
0.579
0.706
0.806
0.675
0.619
0.662
0.446
0.928
0.890
0.962
0.956
0.942
0.825
0.751
0.796
0.723
0.691
0.650
0.543
0.575
0.565
0.577
0.661
0.610
0.441
0.459
0.730
0.616
0.451
0.477
0.516
0.398
0.392
0.130
0.254
0.069
0.155
0.069
0.162
0.245
0.235
0.120
0.235
0.277
0.346
0.235
0.049
0.110
0.000
0.069
0.208
0.130
0.155
0.110
0.000
0.170
0.196
0.000
0.196
0.389
0.069
0.085
0.049
0.443
0.475
0.389
0.511
0.511
0.523
0.644
0.407
0.306
0.782
0.784
0.945
0.865
0.999
0.793
0.644
0.715
0.947
0.711
0.827
0.794
0.845
0.850
0.816
0.866
0.787
0.646
0.749
0.617
0.701
0.883
0.921
0.925
0.847
0.635
0.818
0.861
0.831
0.843
0.884
0.859
0.816
0.536
0.554
0.785
0.596
0.449
0.541
0.523
0.581
0.592
0.472
0.499
0.916
0.879
0.974
0.754
0.675
0.794
0.930
0.841
0.843
0.903
0.895
0.735
0.814
0.743
0.715
0.548
0.534
0.621
0.652
0.556
0.866
0.725
0.814
0.883
0.730
0.606
0.465
0.747
0.869
0.862
0.747
0.741
0.708
0.777
0.819
0.779
0.635
0.671
0.794
0.586
0.684
0.776
0.604
0.752
0.984
0.803
0.733
0.983
0.879
0.955
0.924
0.965
0.999
0.332
0.939
0.921
0.983
0.995
0.989
1.000
0.979
0.989
0.983
0.965
0.930
0.998
0.947
0.504
0.424
0.886
0.946
0.953
0.984
0.866
0.759
0.797
0.723
0.329
0.847
0.670
0.699
0.747
0.424
0.273
0.379
0.254
0.208
0.438
0.499
0.552
0.430
0.631
0.139
0.539
0.548
0.627
0.398
0.357
0.543
0.579
0.771
0.821
0.818
0.851
0.850
0.890
0.883
0.957
0.938
0.912
0.903
0.816
0.903
0.859
0.939
0.952
0.971
0.934
0.953
0.891
0.808
0.763
0.851
0.850
0.900
0.865
0.739
0.844
0.765
0.653
0.703
0.617
0.675
0.691
0.701
0.838
0.705
0.773
0.642
0.662
0.784
0.584
0.516
0.736
0.640
0.514
0.485
0.430
0.743
0.666
0.563
0.281
0.487
0.644
0.635
0.502
0.446
0.744
0.521
0.686
0.586
0.416
0.590
0.638
0.499
0.604
0.671
0.427
0.407
0.465
0.389
0.573
0.462
0.988
0.577
0.646
0.759
0.908
0.796
0.948
0.366
0.923
0.865
0.747
0.567
0.659
0.629
0.698
0.782
1.014
0.797
0.992
0.966
0.401
0.000
0.162
0.782
0.664
0.843
0.873
0.929
0.924
0.950
0.948
0.987
0.973
0.828
0.871
0.992
0.929
0.952
0.961
0.936
0.920
0.948
0.902
0.965
0.830
0.482
0.887
0.809
0.907
0.584
0.746
0.779
0.806
0.768
0.532
0.716
0.872
0.642
0.689
0.504
0.190
0.389
0.407
0.410
0.183
0.548
0.373
0.571
0.527
0.162
0.290
0.648
0.487
0.558
0.392
0.671
0.616
0.264
0.633
0.556
0.791
0.811
0.790
0.668
0.767
0.689
0.631
0.336
0.586
0.507
0.497
0.451
0.602
0.579
0.407
0.696
0.642
0.600
0.659
0.671
0.590
0.523
0.664
0.465
0.629
0.596
0.646
0.565
0.637
0.467
0.401
0.407
0.475
0.548
0.370
0.281
0.430
0.472
0.710
0.716
0.822
0.862
0.584
0.831
0.830
0.808
0.790
0.744
0.851
0.862
0.862
0.827
0.470
0.389
0.373
0.454
0.389
0.366
0.701
0.350
0.864
0.998
0.906
0.623
0.404
0.545
0.459
0.446
0.281
0.401
0.492
0.454
0.449
0.499
0.451
0.487
0.472
0.480
0.230
0.427
0.511
0.446
0.264
0.539
0.487
0.281
0.382
0.516
0.530
0.459
0.523
0.495
0.273
0.563
0.346
0.492
0.457
0.363
0.499
0.511
0.490
0.250
0.325
0.541
0.497
0.343
0.454
0.475
0.357
0.475
0.430
0.446
0.584
0.467
0.398
0.418
0.543
0.343
0.317
0.343
0.430
0.306
0.000
0.306
0.511
0.376
0.259
0.268
0.196
0.183
0.183
0.357
0.395
0.298
0.219
0.302
0.325
0.339
0.314
0.170
0.250
0.294
0.317
0.317
0.350
0.467
0.389
0.495
0.398
0.457
0.465
0.360
0.373
0.353
0.339
0.273
0.224
0.069
0.110
0.155
0.069
0.177
0.000
0.110
0.000
0.120
0.360
0.317
0.273
0.462
0.346
0.314
0.314
0.273
0.353
0.395
0.416
0.490
0.443
0.631
0.552
0.567
0.521
0.407
0.418
0.446
0.379
0.443
0.518
0.606
0.558
0.511
0.459
0.413
0.395
0.467
0.332
0.416
0.290
0.363
0.317
0.336
0.504
0.363
0.416
0.404
0.573
0.480
0.497
0.475
0.565
0.511
0.398
0.475
0.499
0.521
0.652
0.395
0.467
0.577
0.596
0.404
0.504
0.413
0.245
0.389
0.343
0.482
0.424
0.432
0.504
0.592
0.360
0.336
0.594
0.480
0.336
0.298
0.224
0.219
0.457
0.332
0.230
0.208
0.376
0.869
0.718
0.771
0.794
0.588
0.939
0.976
0.509
0.325
0.518
0.480
0.470
0.490
0.421
0.401
0.598
0.612
0.548
0.539
0.543
0.427
0.376
0.584
0.441
0.427
0.602
0.567
0.379
0.673
0.545
0.563
0.749
0.507
0.534
0.577
0.421
0.497
0.525
0.446
0.370
0.594
0.472
0.610
0.738
0.847
0.413
0.782
0.370
0.446
0.875
0.927
0.945
0.967
0.933
0.955
0.880
0.811
0.848
0.594
0.763
0.771
0.782
0.779
0.936
0.955
0.865
0.896
0.906
0.868
0.837
