0.648
0.000
0.000
0.193
0.237
0.000
0.482
0.547
0.770
0.564
0.770
0.722
0.654
0.578
0.707
0.718
0.666
0.680
0.652
0.703
0.571
0.555
0.507
0.674
0.605
0.642
0.755
0.744
0.878
0.890
0.331
0.808
0.439
0.465
0.758
0.945
0.926
0.944
0.984
0.991
0.976
0.753
0.394
0.781
0.936
0.972
0.993
0.965
0.451
0.753
0.480
0.827
0.707
0.928
0.932
0.816
0.231
0.269
0.219
0.127
0.103
0.116
0.116
0.000
0.000
0.103
0.253
0.545
0.331
0.562
0.896
0.934
0.977
1.021
0.997
0.962
0.818
0.744
0.786
0.862
0.698
0.394
0.678
0.682
0.748
0.274
0.733
0.827
0.906
0.753
0.786
0.715
0.445
0.507
0.633
0.670
0.629
0.327
0.477
0.512
0.696
0.594
0.688
0.527
0.897
0.897
0.616
0.590
0.715
0.924
0.891
0.969
0.948
0.953
0.707
0.847
0.867
0.791
0.928
0.965
0.963
0.981
0.948
0.713
0.753
0.765
0.678
0.850
0.899
0.938
0.959
0.906
0.952
0.931
0.896
0.491
0.873
0.952
0.912
0.426
0.709
0.376
0.335
0.278
0.171
0.493
0.724
0.394
0.243
0.599
0.605
0.323
0.633
0.347
0.664
0.835
0.840
0.678
0.813
0.884
0.728
0.776
0.684
0.776
0.803
0.674
0.796
0.705
0.426
0.522
0.179
0.319
0.186
0.269
0.193
0.137
0.237
0.339
0.225
0.501
0.592
0.666
0.672
0.550
0.713
0.605
0.580
0.638
0.631
0.302
0.414
0.550
0.590
0.729
0.744
0.698
0.662
0.760
0.881
0.878
0.772
0.887
0.847
0.763
0.507
0.482
0.578
0.658
0.676
0.564
0.668
0.442
0.715
0.776
0.793
0.902
0.965
0.963
0.946
0.921
0.623
0.248
0.569
0.264
0.664
0.798
0.870
0.501
0.351
0.390
0.310
0.599
0.373
0.373
0.423
0.784
0.912
0.924
0.993
0.980
0.520
0.818
0.991
1.032
1.012
0.922
0.924
0.423
0.956
0.978
0.941
0.445
0.781
0.401
0.726
0.791
0.323
0.789
0.894
0.850
0.762
0.733
0.758
0.690
0.713
1.032
0.767
0.793
0.672
0.682
0.631
0.770
0.720
0.623
0.700
0.789
0.580
0.972
0.919
0.814
0.806
0.666
0.545
0.851
0.984
0.931
0.949
0.970
0.976
0.972
0.949
0.985
0.996
0.955
0.919
0.583
0.935
0.919
0.862
0.910
0.851
0.897
0.851
0.905
0.798
0.700
0.900
0.907
0.899
0.843
0.931
0.610
0.716
0.460
0.605
0.796
0.894
0.900
0.517
0.791
0.739
0.200
0.186
0.728
0.760
0.654
0.791
0.627
0.457
0.648
0.694
0.547
0.439
0.488
0.527
0.735
0.662
0.688
0.760
0.919
0.929
0.884
0.854
0.520
0.488
0.654
0.672
0.748
0.840
0.900
0.748
0.928
0.932
0.596
0.789
0.573
0.729
0.646
0.640
0.587
0.555
0.283
0.756
0.856
0.873
0.580
0.621
0.868
0.684
0.583
0.517
0.430
0.462
0.627
0.635
0.772
0.946
0.915
0.811
0.857
0.882
0.716
0.724
0.477
0.867
0.857
0.460
0.748
0.592
0.728
0.767
0.767
0.629
0.430
0.488
0.243
0.253
0.315
0.755
0.618
0.826
0.772
0.781
0.765
0.762
0.769
0.654
0.824
0.765
0.407
0.404
0.401
0.610
0.445
0.504
0.542
0.439
0.387
0.527
0.426
0.231
0.186
0.283
0.164
0.103
0.468
0.394
0.426
0.269
0.404
0.436
0.420
0.555
0.547
0.501
0.512
0.460
0.376
0.474
0.436
0.310
0.457
0.488
0.137
0.116
0.090
0.155
0.000
0.073
0.103
0.103
0.000
0.090
0.000
0.000
0.193
0.000
0.073
0.116
0.000
0.171
0.171
0.146
0.000
0.000
0.073
0.000
0.000
0.000
0.103
0.000
0.090
0.000
0.000
0.269
0.213
0.335
0.460
0.283
0.253
0.323
0.171
0.278
0.213
0.193
0.237
0.116
0.219
0.186
0.193
0.237
0.155
0.200
0.193
0.264
0.155
0.237
0.264
0.193
0.200
0.310
0.179
0.243
0.171
0.219
0.179
0.225
0.259
0.351
0.445
0.527
0.306
0.331
0.293
0.310
0.243
0.420
0.331
0.351
0.414
0.390
0.638
0.571
0.407
0.618
0.414
0.404
0.394
0.323
0.219
0.171
0.243
0.293
0.471
0.394
0.164
0.090
0.137
0.237
0.225
0.576
0.573
0.512
0.278
0.315
0.559
0.319
0.293
0.171
0.052
0.000
0.052
0.052
0.146
0.155
0.000
0.000
0.000
0.000
0.103
0.000
0.000
0.000
0.000
0.000
0.000
0.137
0.052
0.103
0.146
0.000
0.000
0.000
0.000
0.000
0.000
0.052
0.073
0.000
0.073
0.000
0.000
0.000
0.000
0.000
0.000
0.000
0.000
0.000
0.155
0.000
0.090
0.000
0.186
0.225
0.127
0.678
0.829
0.701
0.756
0.782
0.865
0.897
0.882
0.896
0.910
0.941
0.955
0.938
0.874
0.504
0.705
0.907
0.977
0.916
0.966
0.991
0.980
0.941
0.982
0.981
0.981
1.012
1.032
1.013
1.003
0.974
0.912
0.520
0.967
0.988
0.985
0.912
0.845
0.765
0.512
0.822
0.688
0.720
0.625
0.599
0.728
0.644
0.737
0.811
0.454
0.728
0.834
0.819
0.804
0.788
0.808
0.765
0.686
0.777
0.618
0.818
0.720
0.876
0.900
0.934
0.936
0.912
0.882
0.946
0.928
0.934
0.977
0.938
0.952
0.963
0.969
0.980
0.953
0.921
0.774
0.915
0.938
0.952
0.958
0.993
0.984
1.004
0.779
0.786
0.811
0.958
0.918
0.935
0.894
0.837
0.876
0.859
0.853
0.827
0.776
0.612
0.614
0.601
0.694
0.755
0.865
0.760
0.705
0.926
0.900
0.871
0.806
0.826
0.616
0.662
0.809
0.769
0.491
0.707
0.806
0.834
0.793
0.660
0.629
0.594
0.672
0.811
0.726
0.784
0.827
0.850
0.862
0.765
0.668
0.410
0.682
0.763
0.701
0.762
0.835
0.890
0.921
0.965
0.929
0.707
0.868
0.896
0.935
0.749
0.902
0.929
0.928
0.921
0.906
0.988
0.984
0.907
0.666
0.984
0.970
0.976
1.011
1.028
0.999
0.991
0.960
0.980
0.924
0.907
0.690
0.642
0.767
0.859
0.859
0.832
0.885
0.890
0.884
0.801
0.819
0.839
0.902
0.834
0.873
0.854
0.882
0.767
0.829
0.716
0.865
0.740
0.509
0.535
0.462
0.335
0.460
0.627
0.397
0.504
0.426
0.491
0.369
0.468
0.601
0.668
0.642
0.629
0.760
0.623
0.698
0.569
0.770
0.514
0.448
0.373
0.514
0.323
0.601
0.707
0.658
0.782
0.585
0.420
0.614
0.646
0.686
0.585
0.537
0.445
0.532
0.654
0.652
0.842
0.782
0.748
0.845
0.662
0.414
0.339
0.283
0.237
0.127
0.090
0.103
0.193
0.103
0.090
0.000
0.155
0.073
0.137
0.073
0.000
0.000
0.000
0.000
0.090
0.090
0.127
0.000
0.000
0.000
0.000
0.000
0.000
0.127
0.146
0.052
0.127
0.000
0.073
0.146
0.000
0.090
0.103
0.414
0.439
0.631
0.614
0.631
0.404
0.573
0.733
0.656
0.585
0.601
0.794
0.864
0.881
0.837
0.769
0.557
0.715
0.842
0.760
0.897
0.888
0.935
0.980
0.959
0.939
0.601
0.410
0.376
0.724
0.397
0.835
0.929
0.922
0.864
0.547
0.746
0.884
0.460
0.834
0.259
0.856
0.847
0.910
0.728
0.638
0.731
0.724
0.692
0.770
0.840
0.674
0.680
0.821
0.913
0.926
0.929
0.871
0.746
0.779
0.931
0.915
0.942
0.953
0.967
0.934
0.974
1.017
0.993
1.013
0.977
1.015
1.004
0.870
0.936
0.953
0.813
0.404
0.834
0.834
0.816
0.834
0.784
0.865
0.878
0.827
0.729
0.718
0.767
0.607
0.616
0.585
0.756
0.623
0.564
0.557
0.537
0.420
0.327
0.612
0.788
0.520
0.676
0.525
0.517
0.648
0.635
0.439
0.654
0.590
0.664
0.315
0.562
0.407
0.327
0.477
0.401
0.690
0.625
0.397
0.555
0.629
0.530
0.557
0.674
0.666
0.509
0.739
0.688
0.618
0.550
0.387
0.566
0.457
0.462
0.739
0.703
0.587
0.791
0.834
0.891
0.938
0.988
0.996
0.965
0.811
0.164
0.648
0.451
0.482
0.583
0.555
0.585
0.578
0.237
0.366
0.354
0.000
0.186
0.000
0.000
0.103
0.103
0.146
0.193
0.000
0.000
0.127
0.248
0.454
0.339
0.248
0.310
0.293
0.146
0.527
0.737
0.684
0.607
0.612
0.776
0.729
0.672
0.535
0.735
0.760
0.658
0.652
0.623
0.674
0.555
0.715
0.796
0.767
0.347
0.678
0.782
0.941
0.989
0.958
0.976
1.004
0.981
0.910
0.951
0.958
0.955
0.932
0.857
0.803
0.550
0.878
0.791
0.803
0.865
0.808
0.707
0.680
0.715
0.573
0.782
0.829
0.804
0.682
0.813
0.824
0.806
0.850
0.842
0.690
0.733
0.789
0.749
0.578
0.465
0.749
0.767
0.520
0.339
0.366
0.423
0.512
0.535
0.590
0.666
0.601
0.614
0.629
0.744
0.652
0.612
0.571
0.583
0.442
0.662
0.535
0.684
0.621
0.696
0.728
0.488
0.496
0.559
0.638
0.462
0.525
0.507
0.590
0.430
0.527
0.658
0.383
0.694
0.592
0.596
0.552
0.243
0.417
0.601
0.465
0.417
0.278
0.501
0.485
0.694
0.555
0.700
0.499
0.557
0.442
0.540
0.562
0.631
0.468
0.499
0.482
0.678
0.564
0.557
0.801
0.580
0.698
0.559
0.462
0.283
0.426
0.430
0.527
0.618
0.545
0.407
0.362
0.293
0.514
0.351
0.535
0.362
0.644
0.635
0.430
0.323
0.514
0.394
1.000
0.960
0.616
0.638
0.335
0.789
0.599
0.607
0.931
0.839
0.601
0.646
0.701
0.782
0.583
0.537
0.390
0.650
0.351
0.474
0.605
0.583
0.722
0.804
0.755
0.769
0.837
0.910
0.871
0.631
0.618
0.740
0.635
0.623
0.433
0.664
0.718
0.436
0.491
0.583
0.351
0.627
0.616
0.603
0.720
0.390
0.576
0.507
0.477
0.369
0.390
0.401
0.390
0.369
0.373
0.564
0.753
0.806
0.621
0.784
0.763
0.813
0.837
0.887
0.788
0.857
0.845
0.902
0.870
0.724
0.610
0.767
0.682
0.698
0.509
0.587
0.694
0.690
0.522
0.614
0.594
0.742
0.537
0.555
0.530
0.562
0.808
0.703
0.583
0.612
0.835
0.423
0.520
0.991
1.005
0.850
0.862
0.953
0.879
0.953
0.864
0.537
0.874
0.945
0.934
0.811
0.881
0.885
0.888
0.847
0.808
0.809
0.819
0.798
0.827
0.816
0.753
0.758
0.557
0.763
0.547
0.530
0.562
0.426
0.520
0.460
0.527
0.480
0.794
0.580
0.535
0.633
0.711
0.686
0.627
0.462
0.678
0.576
0.514
0.439
0.596
0.684
0.527
0.496
0.547
0.793
0.803
0.627
0.407
0.501
0.404
0.414
0.407
0.559
0.711
0.451
0.680
0.578
0.433
0.499
0.776
0.562
0.514
0.605
0.468
0.767
0.842
0.676
0.870
0.938
0.960
0.945
0.897
0.633
0.857
0.806
0.648
0.640
0.777
0.851
0.804
0.715
0.638
0.520
0.335
0.073
0.179
0.213
0.073
0.293
0.146
0.000
0.052
0.231
0.090
0.052
0.127
0.146
0.155
0.200
0.219
0.231
0.899
0.784
0.746
0.748
0.460
0.555
0.562
0.623
0.652
0.676
0.557
0.580
0.864
0.903
0.874
0.925
0.928
0.953
0.931
0.931
0.879
0.938
0.991
1.000
0.946
0.967
1.007
1.016
0.980
0.977
0.993
0.966
0.953
0.996
0.962
0.938
0.831
0.676
0.566
0.640
0.491
0.720
0.801
0.945
0.845
0.735
0.716
0.724
0.715
0.772
0.711
0.621
0.746
0.380
0.535
0.614
0.902
0.705
0.674
0.587
0.644
0.814
0.445
0.477
0.397
0.913
0.829
0.952
0.694
0.293
0.213
0.171
0.499
0.401
0.274
0.171
0.155
0.000
0.137
0.000
0.052
0.000
0.283
0.164
0.146
0.522
0.794
0.811
0.788
0.731
0.770
0.571
0.571
0.762
0.612
0.496
0.343
0.662
0.512
0.658
0.748
0.658
0.644
0.625
0.445
0.627
0.760
0.762
0.779
0.652
0.684
0.740
0.550
0.569
0.737
0.646
0.789
0.707
0.488
0.616
0.742
0.951
0.952
0.854
0.839
0.878
0.980
0.980
0.989
0.926
0.946
0.915
0.922
0.962
0.932
0.907
0.909
0.962
0.894
0.445
0.887
0.938
0.960
0.921
0.522
0.343
0.146
0.179
0.000
0.073
0.186
0.000
0.090
0.164
0.179
0.207
0.116
0.146
0.052
0.137
0.000
0.000
0.073
0.155
0.073
0.171
0.000
0.000
0.090
0.000
0.000
0.155
0.000
0.137
0.243
0.090
0.000
0.000
0.000
0.052
0.127
0.000
0.000
0.090
0.146
0.000
0.000
0.000
0.000
0.000
0.073
0.000
0.052
0.000
0.000
0.000
0.155
0.073
0.090
0.000
0.000
0.000
0.000
0.000
0.000
0.000
0.000
0.000
0.000
0.000
0.000
0.000
0.000
0.000
0.000
0.000
0.090
0.000
0.000
0.000
0.000
0.052
0.000
0.000
0.137
0.000
0.000
0.000
0.000
0.362
0.000
0.000
0.000
0.052
0.000
0.000
0.000
0.000
0.000
0.000
0.000
0.000
0.000
0.000
0.000
0.000
0.000
0.000
0.000
0.000
0.219
0.193
0.319
0.253
0.351
0.127
0.578
0.633
0.767
0.676
0.566
0.891
0.896
0.781
0.789
0.839
0.884
0.847
0.840
0.767
0.547
0.748
0.873
0.871
0.887
0.864
0.646
0.837
0.843
0.798
0.788
0.804
0.897
0.789
0.552
0.801
0.832
0.739
0.629
0.522
0.445
0.358
0.274
0.335
0.323
0.253
0.259
0.278
0.306
0.288
0.213
0.323
0.283
0.237
0.127
0.000
0.090
0.000
0.000
0.000
0.000
0.052
0.000
0.000
0.000
0.000
0.000
0.000
0.000
0.000
0.000
0.137
0.186
0.213
0.186
0.225
0.420
0.480
0.537
0.580
0.571
0.688
0.517
0.530
0.583
0.722
0.811
0.779
0.686
0.718
0.709
0.680
0.507
0.501
0.193
0.380
0.656
0.331
0.394
0.146
0.000
0.000
0.073
0.127
0.448
0.786
0.793
0.871
0.941
0.959
0.984
0.976
1.015
0.987
0.976
1.000
1.000
0.978
0.373
0.694
0.627
0.635
0.867
0.924
0.959
0.960
0.587
1.008
0.962
0.970
0.991
1.013
0.980
0.974
0.742
0.824
0.436
0.616
0.724
0.749
0.638
0.694
0.774
0.760
0.755
0.772
0.777
0.607
0.744
0.694
0.724
0.744
0.623
0.767
0.952
0.796
1.003
0.726
0.906
0.918
0.809
0.948
0.970
0.981
0.992
0.907
0.931
0.962
0.953
0.958
0.935
0.716
0.789
0.879
0.973
0.890
0.562
0.623
0.383
0.696
0.853
0.865
0.890
0.711
0.756
0.676
0.784
0.774
0.769
0.881
0.809
0.826
0.861
0.819
0.726
0.592
0.814
0.888
0.755
0.868
0.756
0.705
0.676
0.658
0.587
0.592
0.660
0.801
0.442
0.491
0.635
0.580
0.772
0.627
0.525
0.684
0.765
0.722
0.758
0.826
0.902
0.751
0.851
0.614
0.442
0.618
0.436
0.578
0.507
0.854
0.674
0.564
0.832
0.707
0.668
0.462
0.535
0.339
0.583
0.380
0.283
0.335
0.394
0.559
0.885
0.888
0.882
0.813
0.862
0.827
0.808
0.507
0.569
0.394
0.417
0.468
0.343
0.522
0.571
0.480
0.788
0.605
0.569
0.426
0.578
0.740
0.590
0.451
0.735
0.652
0.501
0.535
0.650
0.824
0.530
0.731
0.715
0.939
0.988
0.826
0.590
0.798
0.776
0.878
0.668
0.821
0.893
0.870
0.903
0.926
0.845
0.879
0.376
0.269
0.269
0.164
0.380
0.410
0.297
0.193
0.073
0.052
0.000
0.200
0.000
0.052
0.000
0.146
0.000
0.155
0.000
0.103
0.000
0.116
0.000
0.000
0.155
0.000
0.000
0.052
0.000
0.000
0.354
0.760
0.842
0.821
0.782
0.755
0.594
0.592
0.903
0.715
0.958
0.959
0.854
0.640
0.310
0.366
0.460
0.448
0.373
0.327
0.253
0.414
0.407
0.414
0.219
0.243
0.426
0.496
0.306
0.433
0.319
0.237
0.358
0.164
0.171
0.171
0.090
0.000
0.213
0.179
0.288
0.243
0.207
0.155
0.103
0.259
0.237
0.179
0.127
0.000
0.000
0.200
0.090
0.052
0.000
0.052
0.000
0.000
0.137
0.000
0.000
0.000
0.000
0.052
0.000
0.000
0.155
0.000
0.137
0.000
0.000
0.000
0.000
0.052
0.000
0.000
0.000
0.000
0.127
0.137
0.103
0.000
0.000
0.000
0.000
0.000
0.000
0.000
0.000
0.000
0.000
0.000
0.000
0.000
0.000
0.000
0.000
0.073
0.000
0.000
0.179
0.090
0.000
0.000
0.000
0.052
0.000
0.000
0.000
0.000
0.000
0.000
0.000
0.000
0.000
0.000
0.000
0.000
0.000
0.000
0.000
0.000
0.000
0.231
0.690
0.819
0.918
0.948
0.942
0.973
0.966
0.879
0.984
0.929
0.956
0.900
0.834
0.924
0.944
0.755
0.751
0.832
0.924
0.840
0.789
0.748
0.690
0.788
0.625
0.821
0.596
0.740
0.755
0.585
0.401
0.861
0.992
0.865
0.941
1.008
0.999
1.022
1.017
1.026
1.034
1.043
1.050
1.104
1.057
1.052
0.960
0.293
0.703
0.331
0.522
0.728
0.542
0.806
0.770
0.881
0.715
0.827
0.811
0.870
0.678
0.751
0.716
0.804
0.813
0.843
0.769
0.688
0.737
0.696
0.726
0.718
0.777
0.848
0.742
0.822
0.724
0.666
0.594
0.862
0.871
0.664
0.535
0.520
0.527
0.650
0.601
0.755
0.550
0.682
0.827
0.670
0.834
0.832
0.884
0.912
0.942
0.980
1.000
0.985
0.879
0.627
0.274
0.193
0.293
0.073
0.248
0.146
0.073
0.186
0.000
0.127
0.052
0.103
0.288
0.698
0.509
0.383
0.774
0.583
0.445
0.327
0.635
0.618
0.599
0.690
0.576
0.599
0.905
0.856
0.527
0.799
0.945
0.959
0.936
0.488
0.454
0.668
0.488
0.618
0.755
0.899
0.583
0.397
0.931
0.941
0.966
0.939
0.928
0.774
0.731
0.973
0.959
0.931
0.840
0.826
0.821
0.818
0.896
0.843
0.690
0.794
0.835
0.788
0.760
0.596
0.638
0.739
0.383
0.557
0.436
0.339
0.243
0.186
0.248
0.179
0.269
0.335
0.243
0.179
0.186
0.278
0.288
0.225
0.347
0.366
0.380
0.552
0.746
0.742
0.756
0.801
0.744
0.758
0.496
0.331
0.642
0.430
0.331
0.496
0.566
0.700
0.843
0.899
0.960
0.932
0.739
0.585
0.903
0.945
0.960
1.039
0.974
0.976
0.989
0.992
0.963
0.530
0.705
0.358
0.871
0.976
0.965
0.999
1.000
0.999
0.969
0.958
0.922
0.796
0.629
0.758
0.638
0.826
0.853
0.733
0.808
0.656
0.493
0.740
0.658
0.715
0.690
0.829
0.862
0.784
0.760
0.664
0.735
0.900
0.827
0.629
0.491
0.707
0.748
0.781
0.801
0.789
0.793
0.788
0.796
0.607
0.853
0.861
0.798
0.834
0.583
0.629
0.705
0.654
0.599
0.776
0.339
0.509
0.601
0.436
0.522
0.430
0.703
0.509
0.694
0.627
0.610
0.758
0.814
0.748
0.420
0.439
0.557
0.569
0.728
0.627
0.496
0.684
0.564
0.638
0.569
0.583
0.744
0.618
0.614
0.772
0.664
0.737
0.343
0.417
0.474
0.709
0.762
0.580
0.601
0.776
0.644
0.373
0.678
0.656
0.605
0.676
0.607
0.682
0.656
0.566
0.670
0.690
0.840
0.664
0.806
0.845
0.791
0.824
0.799
0.835
0.888
0.925
0.965
0.926
0.959
0.967
0.955
0.932
0.929
0.906
0.642
0.501
0.583
0.781
0.477
0.259
0.306
0.219
0.269
0.259
0.207
0.248
0.237
0.302
0.457
0.629
0.439
0.423
0.423
0.327
0.315
0.278
0.278
0.401
0.225
0.116
0.179
0.179
0.116
0.426
0.288
0.200
0.288
0.451
0.407
0.293
0.231
0.315
0.116
0.585
0.711
0.774
0.862
0.897
0.758
0.635
0.818
0.767
0.879
0.897
0.742
0.729
0.726
0.737
0.788
0.668
0.614
0.485
0.680
0.739
0.618
0.728
0.629
0.698
0.625
0.720
0.640
0.701
0.856
0.951
0.980
0.997
0.997
0.978
0.970
0.603
0.488
0.739
0.585
0.664
0.861
0.922
0.922
0.939
1.012
1.013
1.020
1.039
1.048
1.050
1.025
1.029
0.835
0.874
0.921
0.826
0.686
0.474
0.488
0.569
0.660
0.590
0.664
0.652
0.827
0.716
0.753
0.762
0.666
0.566
0.555
0.621
0.578
0.811
0.845
0.922
0.888
0.951
0.822
0.796
0.842
0.958
0.960
0.945
0.945
0.936
0.945
0.856
0.801
0.809
0.822
0.956
0.919
0.921
0.909
0.882
0.958
0.970
0.981
0.881
0.302
0.193
0.225
0.552
0.264
0.283
0.293
0.000
0.103
0.146
0.000
0.052
0.193
0.146
0.073
0.000
0.000
0.583
0.715
0.804
0.842
0.893
0.720
0.742
0.664
0.397
0.545
0.972
0.969
0.796
0.786
0.906
0.918
0.868
0.944
0.879
0.891
0.926
0.977
1.005
1.008
1.004
0.978
0.894
0.884
0.873
0.769
0.941
0.885
0.746
0.739
0.612
0.520
0.821
0.853
0.718
0.650
0.623
0.417
0.731
0.853
1.052
0.779
0.676
0.878
0.873
0.629
0.540
0.756
0.834
0.848
0.692
0.596
0.580
0.922
0.700
0.850
0.824
0.939
0.981
0.596
0.897
0.654
0.779
0.842
0.843
0.856
0.698
0.767
0.839
0.587
0.457
0.616
0.433
0.454
0.715
0.822
0.471
0.537
0.720
0.703
0.580
0.796
0.656
0.728
0.462
0.537
0.335
0.564
0.694
0.507
0.670
0.390
0.763
0.737
0.599
0.638
0.614
0.744
0.707
0.654
0.782
0.499
0.552
0.532
0.618
0.840
0.550
0.527
0.953
0.919
0.740
0.716
0.740
0.960
0.931
0.906
0.932
0.851
0.603
0.566
0.713
0.555
0.722
0.493
0.451
0.433
0.525
0.666
0.814
0.650
0.540
0.426
0.404
0.288
0.603
0.512
0.576
0.644
0.460
0.347
0.179
0.219
0.514
0.627
0.420
0.623
0.297
0.862
0.835
0.698
0.832
0.779
0.870
0.854
0.834
0.835
0.870
0.891
0.831
0.707
0.809
0.935
0.989
1.033
0.984
1.007
0.893
0.740
0.729
0.501
0.845
0.711
0.686
0.616
0.742
0.796
0.686
0.701
0.698
0.819
0.749
0.703
0.756
0.662
0.786
0.789
0.621
0.310
0.684
0.873
0.729
0.735
0.843
0.796
0.733
0.806
0.803
0.594
0.763
0.569
0.509
0.633
0.462
0.656
0.599
0.426
0.496
0.658
0.547
0.676
0.779
0.633
0.642
0.740
0.690
0.596
0.631
0.351
0.448
0.457
0.319
0.616
0.499
0.433
0.414
0.621
0.522
0.596
0.460
0.627
0.739
0.726
0.480
0.477
0.779
0.471
0.491
0.739
0.640
0.315
0.315
0.686
0.769
0.686
0.540
0.607
0.474
0.592
0.573
0.545
0.401
0.501
0.545
0.603
0.939
0.982
0.658
0.951
0.946
0.905
0.935
0.631
0.941
0.931
0.890
0.881
0.921
0.839
0.881
0.842
0.921
0.948
0.885
0.919
0.944
0.873
0.652
0.578
0.433
0.200
0.414
0.200
0.207
0.319
0.237
0.179
0.237
0.274
0.231
0.179
0.269
0.278
0.231
0.207
0.248
0.397
0.269
0.231
0.243
0.354
0.380
0.430
0.315
0.351
0.319
0.339
0.297
0.213
0.319
0.293
0.404
0.339
0.335
0.376
0.319
0.283
0.380
0.315
0.335
0.274
0.219
0.269
0.343
0.274
0.243
0.225
0.231
0.248
0.193
0.264
0.231
0.179
0.219
0.302
0.243
0.259
0.146
0.231
0.073
0.000
0.000
0.000
0.460
0.731
0.571
0.557
0.854
0.865
0.814
0.919
0.879
0.963
0.916
0.878
0.803
0.804
0.642
0.777
0.856
0.837
0.879
0.532
0.796
0.798
0.868
0.684
0.542
0.652
0.583
0.684
0.530
0.569
0.590
0.662
0.728
0.672
0.749
0.827
0.784
0.789
0.799
0.906
0.890
0.891
0.963
0.965
0.967
0.963
0.931
0.902
0.894
0.890
0.916
0.928
0.932
0.987
0.989
0.944
0.462
0.269
0.791
0.956
0.996
1.015
0.906
0.423
0.976
0.953
0.977
0.955
0.938
0.822
0.530
0.644
0.737
0.323
0.454
0.442
0.474
0.878
0.842
0.707
0.774
0.765
0.782
0.887
0.767
0.845
0.666
0.635
0.688
0.720
0.633
0.709
0.803
0.832
0.808
0.676
0.786
0.633
0.763
0.720
0.804
0.816
0.700
0.879
0.532
0.715
0.814
0.779
0.557
0.654
0.629
0.696
0.763
0.799
0.784
0.822
0.744
0.703
0.776
0.692
0.711
0.670
0.448
0.580
0.433
0.664
0.676
0.335
0.547
0.451
0.520
0.755
0.451
0.457
0.460
0.491
0.571
0.660
0.571
0.631
0.644
0.749
0.692
0.540
0.527
0.627
0.678
0.700
0.779
0.694
0.648
0.585
0.789
0.692
0.646
0.507
0.941
0.865
0.335
0.347
0.380
0.635
0.599
0.253
0.186
0.237
0.000
0.248
0.000
0.179
0.253
0.749
0.822
0.938
0.786
0.585
0.410
0.269
0.278
0.137
0.819
0.913
0.962
1.003
0.942
0.935
0.868
0.857
0.772
0.680
0.703
0.629
0.547
0.779
0.656
0.664
0.354
0.278
0.417
0.576
0.670
0.594
0.488
0.439
0.696
0.343
0.347
0.323
0.366
0.433
0.709
0.460
0.674
0.614
0.433
0.442
0.535
0.380
0.343
0.740
0.686
0.445
0.564
0.686
0.737
0.767
0.729
0.814
0.569
0.646
0.654
0.414
0.468
0.448
0.380
0.460
0.578
0.535
0.540
0.720
0.722
0.369
0.331
0.485
0.616
0.580
0.668
0.705
0.662
0.594
0.550
0.627
0.688
0.678
0.676
0.769
0.527
0.420
0.225
0.274
0.269
0.073
0.200
0.090
0.186
0.000
0.164
0.073
0.000
0.000
0.633
0.746
0.921
0.884
0.862
0.776
0.796
0.670
0.578
0.703
0.698
0.878
0.873
0.865
0.707
0.746
0.818
0.867
0.758
0.716
0.769
0.724
0.596
0.323
0.420
0.259
0.323
0.253
0.366
0.269
0.310
0.219
0.278
0.225
0.339
0.448
0.493
0.451
0.451
0.401
0.477
0.612
0.522
0.555
0.552
0.627
0.739
0.522
0.834
0.666
0.662
0.644
0.656
0.831
0.824
0.678
0.831
0.884
0.936
0.941
0.925
0.946
0.951
0.887
0.835
0.552
0.751
0.782
0.777
0.703
0.873
0.946
0.951
0.966
0.999
1.020
1.001
1.012
0.952
0.910
0.919
0.939
0.967
0.992
0.988
1.016
0.962
0.878
0.913
0.737
0.756
0.722
0.777
0.871
0.793
0.680
0.417
0.612
0.925
0.879
0.808
0.729
0.682
0.585
0.527
0.576
0.607
0.605
0.465
0.718
0.859
0.627
0.949
1.011
0.760
0.819
0.896
0.720
0.859
0.962
0.921
0.894
0.799
0.781
0.903
0.915
0.970
0.915
0.900
0.965
0.824
0.728
0.678
0.462
0.509
0.380
0.323
0.351
0.327
0.274
0.155
0.073
0.193
0.380
0.471
0.482
0.635
0.339
0.578
0.323
0.471
0.417
0.351
0.339
0.454
0.394
0.394
0.537
0.488
0.397
0.219
0.480
0.373
0.460
0.477
0.573
0.614
0.587
0.493
0.535
0.420
0.569
0.366
0.654
0.616
0.462
0.569
0.656
0.000
0.137
0.237
0.323
0.302
0.186
0.164
0.225
0.000
0.073
0.137
0.103
0.116
0.146
0.000
0.127
0.073
0.000
0.000
0.164
0.164
0.103
0.090
0.000
0.000
0.127
0.000
0.127
0.052
0.164
0.293
0.404
0.853
0.740
0.793
0.765
0.731
0.700
0.522
0.658
0.512
0.585
0.471
0.530
0.705
0.774
0.788
0.824
0.903
0.967
0.945
0.859
0.742
0.803
0.951
0.945
0.879
0.888
0.716
0.893
0.899
0.769
0.853
0.887
0.897
0.909
0.827
0.894
0.897
0.813
0.731
0.827
0.907
0.749
0.703
0.893
0.748
0.532
0.557
0.700
0.587
0.480
0.748
0.740
0.882
0.824
0.726
0.871
0.900
0.938
0.874
0.740
0.913
0.989
0.910
0.772
0.955
0.952
1.000
0.956
0.987
0.970
0.970
0.993
1.007
0.978
0.991
1.028
1.026
1.029
1.030
1.004
0.894
0.571
0.668
0.739
0.909
0.809
0.327
0.874
0.763
0.853
0.670
0.535
0.587
0.578
0.786
0.633
0.851
0.857
0.894
0.648
0.522
0.819
0.829
0.642
0.537
0.562
0.535
0.629
0.571
0.936
0.893
0.958
0.873
0.857
0.942
0.909
0.936
0.997
0.977
0.956
0.978
0.962
0.965
0.897
0.905
0.928
0.782
0.887
0.946
0.946
0.969
0.976
0.929
0.656
0.445
0.451
0.578
0.537
0.331
0.448
0.248
0.310
0.253
0.248
0.264
0.335
0.354
0.278
0.213
0.248
0.253
0.243
0.339
0.331
0.288
0.200
0.137
0.193
0.219
0.164
0.103
0.073
0.000
0.090
0.000
0.000
0.000
0.000
0.000
0.000
0.137
0.000
0.000
0.000
0.394
0.791
0.789
0.806
0.916
0.955
0.973
0.918
0.891
0.874
1.004
0.882
0.870
0.590
0.753
0.728
0.788
0.831
0.831
0.793
0.550
0.623
0.788
0.716
0.720
0.791
0.707
0.796
0.545
0.407
0.376
0.259
0.358
0.293
0.323
0.373
0.448
0.351
0.310
0.442
0.512
0.293
0.179
0.520
0.527
0.666
0.777
0.772
0.765
0.662
0.711
0.658
0.758
0.642
0.843
0.921
0.949
0.991
0.969
0.970
1.001
0.965
0.946
0.944
0.955
0.982
1.004
0.977
0.993
0.962
0.969
1.003
0.967
0.680
0.259
0.237
0.213
0.243
0.193
0.000
0.000
0.000
0.237
0.179
0.000
0.000
0.073
0.052
0.127
0.213
0.207
0.090
0.052
0.000
0.116
0.116
0.000
0.155
0.052
0.000
0.052
0.090
0.000
0.000
0.090
0.090
0.116
0.000
0.000
0.000
0.000
0.000
0.323
0.137
0.127
0.073
0.000
0.000
0.000
0.146
0.000
0.000
0.146
0.000
0.052
0.146
0.000
0.000
0.137
0.000
0.000
0.000
0.000
0.179
0.439
0.763
0.931
0.918
0.847
0.731
0.648
0.837
0.832
0.906
0.902
0.948
0.952
0.640
0.782
0.746
0.542
0.816
0.496
0.682
0.731
0.765
0.748
0.684
0.722
0.735
0.711
0.718
0.642
0.442
0.583
0.564
0.698
0.514
0.850
0.856
0.791
0.749
0.850
0.912
0.900
0.848
0.827
0.905
0.955
0.985
0.978
0.941
0.955
0.928
0.982
0.737
0.578
0.638
0.769
0.652
0.621
0.676
0.791
0.627
0.607
0.735
0.742
0.442
0.674
0.744
0.751
0.804
0.590
0.818
0.899
0.931
0.959
0.962
0.951
0.845
0.951
0.929
0.926
0.939
0.894
0.410
0.354
0.439
0.788
0.813
0.786
0.587
0.583
0.870
0.887
0.799
0.644
0.806
0.737
0.879
0.789
0.891
0.724
0.831
0.847
0.811
0.786
0.832
0.811
0.819
0.722
0.739
0.430
0.845
0.782
0.559
0.585
0.457
0.269
0.237
0.354
0.269
0.488
0.509
0.545
0.383
0.605
0.601
0.715
0.715
0.594
0.358
0.756
0.777
0.762
0.870
0.929
0.919
0.854
0.784
0.468
0.737
0.493
0.808
0.610
0.555
0.794
0.696
0.854
0.837
0.907
0.978
0.899
0.958
0.903
0.861
0.870
0.946
0.959
0.948
0.958
0.885
0.946
0.953
0.902
0.915
0.885
0.851
0.587
0.550
0.517
0.660
0.627
0.758
0.938
0.991
0.977
0.633
0.507
0.283
0.090
0.116
0.571
0.789
0.922
0.951
0.996
0.970
0.997
0.934
0.751
0.501
0.559
0.562
0.532
0.629
0.709
0.722
0.850
0.793
0.696
0.716
0.692
0.670
0.765
0.722
0.864
0.976
0.845
0.888
0.884
0.821
0.941
0.847
0.580
0.850
0.958
1.021
0.963
0.960
0.974
0.984
0.978
0.789
0.682
0.765
0.784
0.938
0.992
0.951
0.879
0.580
0.610
0.672
0.826
0.885
0.926
0.899
0.854
0.786
0.905
0.934
0.948
0.776
0.865
0.799
0.650
0.847
0.876
0.926
0.909
0.885
0.850
0.832
0.696
0.587
0.853
0.900
0.779
0.811
0.646
0.514
0.219
0.137
0.207
0.373
0.288
0.137
0.423
0.302
0.448
0.231
0.433
0.278
0.485
0.614
0.522
0.520
0.578
0.607
0.640
0.746
0.742
0.707
0.809
0.831
0.834
0.769
0.739
0.765
0.751
0.839
0.913
0.946
0.970
0.991
0.949
0.906
0.909
0.885
0.853
0.755
0.865
0.859
0.885
0.925
0.991
1.038
1.021
1.043
0.978
0.981
0.942
0.989
0.973
0.958
0.972
0.726
0.701
0.688
0.756
0.654
0.709
0.542
0.680
0.779
0.760
0.770
0.777
0.562
0.824
0.733
0.718
0.562
0.635
0.762
0.850
0.801
0.963
0.928
1.004
0.984
0.980
0.953
0.946
0.951
0.989
0.988
0.982
1.007
0.965
0.590
0.769
0.698
0.847
0.853
0.688
0.676
0.718
0.874
0.967
0.992
0.891
0.885
0.850
0.798
0.893
0.915
0.931
0.682
0.605
0.648
0.821
0.740
0.676
0.540
0.822
0.592
0.781
0.879
0.839
0.910
0.948
0.948
0.907
0.884
0.716
0.916
0.861
0.485
0.373
0.278
0.373
0.480
0.397
0.383
0.343
0.426
0.397
0.468
0.552
0.436
0.525
0.576
0.550
0.571
0.670
0.542
0.737
0.397
0.448
0.751
0.794
0.859
0.672
0.763
0.953
0.912
0.912
0.935
0.865
0.692
0.614
0.916
0.885
0.801
0.900
0.909
0.929
0.915
0.909
0.876
0.842
0.890
0.918
0.952
0.925
0.988
1.003
0.996
1.024
0.956
0.896
0.978
0.973
0.803
0.711
0.956
1.029
1.046
0.758
0.808
0.354
0.696
0.713
0.746
0.737
0.740
0.718
0.684
0.776
0.804
0.793
0.532
0.610
0.694
0.879
0.672
0.686
0.674
0.711
0.903
0.881
0.520
0.550
0.547
0.542
0.343
0.401
0.703
0.853
0.939
0.941
0.972
0.931
0.928
0.926
0.932
0.984
0.991
0.939
0.573
0.748
0.507
0.559
0.592
0.705
0.610
0.390
0.433
0.532
0.306
0.599
0.335
0.445
0.407
0.331
0.347
0.404
0.146
0.237
0.354
0.496
0.696
0.401
0.366
0.302
0.410
0.373
0.237
0.414
0.480
0.373
0.493
0.397
0.623
0.387
0.347
0.596
0.465
0.471
0.537
0.694
0.445
0.362
0.407
0.468
0.462
0.366
0.397
0.401
0.390
0.274
0.507
0.457
0.457
0.376
0.327
0.501
0.451
0.306
0.358
0.465
0.397
0.376
0.493
0.491
0.354
0.652
0.587
0.426
0.525
0.302
0.525
0.380
0.592
0.603
0.387
0.468
0.302
0.179
0.343
0.423
0.207
0.237
0.116
0.171
0.052
0.237
0.310
0.674
0.758
0.851
0.848
0.827
0.670
0.654
0.739
0.573
0.439
0.499
0.765
0.724
0.739
0.684
0.839
0.929
0.958
0.906
0.274
0.213
0.496
0.648
0.426
0.501
0.822
0.426
0.739
0.445
0.488
0.460
0.739
0.819
0.840
0.890
0.786
0.874
0.922
0.931
0.910
0.935
0.953
0.928
0.756
0.885
0.840
0.621
0.729
0.674
0.694
0.739
0.878
0.868
0.607
0.840
0.731
0.845
0.751
0.676
0.430
0.623
0.724
0.769
0.837
0.703
0.676
0.585
0.682
0.755
0.794
0.760
0.803
0.862
0.952
0.959
0.992
0.992
1.051
0.995
1.022
1.042
1.009
1.022
1.024
1.033
1.012
1.000
0.993
0.993
0.926
0.890
0.576
0.525
0.635
0.627
0.445
0.919
0.796
0.906
0.842
0.774
0.573
0.633
0.674
0.590
0.603
0.557
0.631
0.547
0.762
0.700
0.782
0.755
0.749
0.642
0.690
0.737
0.776
0.488
0.816
0.819
0.924
0.776
0.703
0.477
0.804
0.705
0.851
0.847
0.724
0.905
0.811
0.851
0.861
0.700
0.417
0.711
0.915
0.922
0.819
0.903
0.851
0.885
0.910
0.905
0.874
0.946
0.982
1.012
0.948
0.934
0.794
0.664
0.843
0.906
0.997
0.962
0.939
0.966
0.949
0.915
0.310
0.906
0.939
0.946
0.646
0.652
0.605
0.715
0.662
0.887
0.646
0.793
0.638
0.692
0.806
0.532
0.682
0.801
0.753
0.786
0.857
0.859
0.627
0.264
0.601
0.801
0.672
0.705
0.772
0.618
0.777
0.796
0.856
0.843
0.474
0.525
0.310
0.207
