0.788
1.030
0.955
0.955
1.009
1.019
0.877
0.807
0.831
0.730
0.786
0.733
0.633
0.766
0.805
0.929
0.974
0.957
0.962
1.032
0.984
1.024
1.019
0.904
1.004
1.003
0.970
0.992
1.036
1.045
0.929
0.911
0.973
1.000
0.938
0.995
0.995
0.952
0.866
0.773
0.907
0.963
0.959
0.815
0.900
0.917
0.776
0.624
0.529
0.582
0.686
0.774
0.783
0.618
0.783
0.658
0.825
0.919
0.709
0.591
0.836
0.741
0.690
0.757
0.939
0.694
0.767
0.762
0.757
0.328
0.137
0.116
0.238
0.788
0.812
0.841
0.800
0.796
0.733
0.795
0.844
0.871
0.807
0.877
0.907
0.920
0.802
0.871
0.948
0.925
0.886
0.877
0.942
0.966
0.981
0.981
0.995
0.942
1.032
0.988
1.025
1.024
0.995
0.959
1.025
0.970
0.911
0.878
0.598
0.641
0.180
0.000
0.348
0.374
0.684
0.600
0.408
0.658
0.475
0.554
0.551
0.566
0.652
0.650
0.755
0.676
0.554
0.437
0.613
0.682
0.598
0.670
0.705
0.607
0.639
0.497
0.682
0.633
0.705
0.713
0.600
0.730
0.639
0.591
0.521
0.720
0.584
0.815
0.942
0.800
0.908
1.005
0.916
0.996
1.034
1.034
1.050
1.059
0.971
1.016
1.029
0.982
0.988
0.978
1.003
0.962
0.911
0.932
0.818
0.863
0.905
0.678
0.919
0.920
0.945
0.917
0.807
0.635
0.529
0.717
0.742
0.750
0.750
0.841
0.773
0.584
0.662
0.367
0.863
0.874
0.771
0.690
0.807
0.558
0.755
0.769
0.645
0.566
0.549
0.666
0.492
0.735
0.556
0.582
0.812
0.728
0.678
0.825
0.720
0.641
0.795
0.838
0.742
0.766
0.920
0.917
0.914
0.977
1.009
0.970
0.970
0.967
0.959
0.964
0.930
0.943
0.926
1.051
1.041
0.914
0.891
0.993
0.950
0.959
0.988
0.992
0.945
0.950
0.930
0.881
0.802
0.922
0.861
0.927
0.927
0.760
0.690
0.385
0.500
0.556
0.363
0.377
0.164
0.511
0.226
0.214
0.352
0.421
0.563
0.613
0.556
0.497
0.570
0.674
0.676
0.440
0.622
0.709
0.660
0.810
0.955
0.977
0.887
0.993
0.996
1.016
1.003
0.999
1.036
1.023
1.036
1.000
0.995
0.980
0.616
0.855
0.927
0.764
0.945
0.860
0.785
0.963
0.959
0.898
0.910
0.709
0.707
0.767
0.916
0.962
0.942
0.672
0.658
0.830
0.696
0.672
0.596
0.561
0.484
0.742
0.771
0.620
0.650
0.718
0.692
0.674
0.764
0.654
0.214
0.492
0.668
0.897
0.808
0.568
0.666
0.666
0.508
0.635
0.748
0.662
0.751
0.648
0.949
0.796
0.779
0.910
0.904
0.943
0.348
0.785
0.830
0.582
0.808
0.769
0.810
0.764
0.600
0.698
0.602
0.352
0.744
0.753
0.561
0.652
0.798
0.730
0.611
0.536
0.633
0.656
0.415
0.328
0.554
0.696
0.570
0.694
0.605
0.500
0.624
0.587
0.755
0.620
0.705
0.643
0.589
0.613
0.641
0.735
0.458
0.340
0.584
0.575
0.536
0.395
0.568
0.575
0.481
0.593
0.518
0.575
0.668
0.974
1.021
0.911
0.939
0.992
0.971
0.999
1.013
1.019
0.995
0.953
1.009
0.982
0.936
0.936
0.945
0.887
0.898
0.800
0.903
0.803
0.783
0.866
0.724
0.711
0.860
0.952
0.869
0.575
0.320
0.751
0.828
0.776
0.861
0.960
0.855
0.938
1.033
0.957
0.967
0.962
1.045
0.996
1.009
1.024
0.997
0.995
0.984
0.930
0.741
0.658
0.607
0.741
0.694
0.709
0.609
0.698
0.753
0.524
0.810
0.575
0.682
0.582
0.551
0.596
0.551
0.320
0.187
0.269
0.415
0.332
0.293
0.293
0.137
0.249
0.274
0.238
0.137
0.104
0.220
0.226
0.302
0.232
0.355
0.302
0.302
0.243
0.320
0.279
0.220
0.238
0.232
0.180
0.315
0.226
0.187
0.207
0.355
0.156
0.232
0.243
0.090
0.180
0.137
0.214
0.172
0.259
0.437
0.418
0.434
0.164
0.207
0.374
0.269
0.000
0.243
0.573
0.776
0.922
0.964
1.016
1.024
0.992
0.997
0.900
0.917
0.852
0.828
0.855
0.903
0.917
0.866
0.568
0.950
0.668
0.739
0.735
0.746
0.711
0.724
0.431
0.705
0.709
0.668
0.674
0.690
0.591
0.639
0.737
0.724
0.796
0.598
0.786
0.489
0.705
0.690
0.692
0.698
0.838
0.860
0.791
0.785
0.766
0.785
0.728
0.850
0.742
0.919
0.952
0.991
0.911
0.922
0.943
0.976
0.942
0.950
0.996
0.980
0.995
1.011
1.030
1.040
1.052
1.043
1.043
1.013
1.088
1.019
0.767
0.823
0.927
0.744
0.774
0.645
0.895
0.707
0.810
0.863
0.815
0.421
0.536
0.726
0.726
0.707
0.726
0.956
0.960
0.692
0.593
0.742
0.793
0.726
0.720
0.744
0.717
0.637
0.724
0.707
0.645
0.707
0.823
0.877
0.857
0.916
0.925
0.973
0.978
1.009
1.015
1.013
1.015
0.989
0.976
0.989
0.980
0.997
0.982
0.908
0.156
0.172
0.762
0.895
0.930
0.813
0.709
0.769
0.573
0.643
0.602
0.563
0.764
0.690
0.541
0.812
0.894
0.884
0.549
0.664
0.776
0.878
0.713
0.676
0.742
0.434
0.709
0.903
0.762
0.645
0.616
0.682
0.717
0.666
0.779
0.220
0.607
0.664
0.582
0.764
0.875
0.786
0.774
0.803
0.690
0.587
0.703
0.686
0.758
0.682
0.618
0.741
0.726
0.757
0.891
0.949
0.959
0.992
0.992
0.991
0.973
1.020
1.023
1.008
0.995
1.028
1.054
1.049
1.061
1.041
0.926
1.008
0.985
0.820
0.910
0.995
0.878
0.802
0.791
0.917
0.786
0.901
0.767
0.660
0.455
0.238
0.164
0.180
0.180
0.090
0.137
0.156
0.000
0.000
0.000
0.000
0.800
0.810
0.497
0.259
0.238
0.259
0.052
0.000
0.052
0.000
0.000
0.795
0.927
0.803
0.960
0.950
0.898
0.805
0.878
0.484
0.957
0.795
0.833
0.846
0.842
0.923
1.027
0.999
0.940
0.949
0.923
0.724
0.802
0.948
0.914
0.948
0.926
0.957
0.900
0.970
0.841
0.836
0.970
0.949
0.952
0.953
0.962
0.949
0.959
0.864
0.755
0.932
0.956
0.963
0.877
0.900
0.846
0.800
0.539
0.616
0.741
0.616
0.808
0.737
0.812
0.497
0.730
0.664
0.855
0.707
0.774
0.664
0.518
0.000
0.127
0.127
0.220
0.116
0.172
0.748
0.495
0.232
0.127
0.000
0.852
0.633
0.577
0.531
0.104
0.180
0.201
0.073
0.259
0.116
0.073
0.000
0.000
0.090
0.073
0.187
0.137
0.052
0.052
0.073
0.424
0.398
0.385
0.660
0.521
0.315
0.613
0.259
0.052
0.232
0.486
0.724
0.715
0.284
0.724
0.434
0.728
0.534
0.521
0.495
0.452
0.575
0.684
0.511
0.618
0.616
0.757
0.718
0.670
0.796
0.737
0.668
0.771
0.602
0.722
0.699
0.624
0.654
0.821
0.889
0.810
0.629
0.810
0.781
0.753
0.587
0.854
0.767
0.733
0.812
0.816
0.688
0.785
0.446
0.717
0.730
0.820
0.783
0.860
0.927
0.903
0.963
1.021
0.962
1.008
0.963
0.977
1.021
0.933
0.962
1.008
0.966
0.984
0.995
1.009
0.981
0.966
0.946
1.045
0.996
0.911
0.978
0.858
0.916
0.722
0.641
0.686
0.643
0.539
0.505
0.381
0.486
0.458
0.664
0.662
0.748
0.805
0.690
0.842
0.881
0.844
0.901
0.957
0.995
0.997
1.000
1.005
0.995
1.019
1.043
0.894
0.973
0.974
0.688
0.469
0.449
0.363
0.946
0.624
0.363
0.226
0.370
0.232
0.377
0.415
0.381
0.311
0.324
0.412
0.458
0.320
0.472
0.418
0.298
0.402
0.405
0.405
0.424
0.421
0.443
0.428
0.398
0.388
0.568
0.492
0.446
0.492
0.486
0.332
0.398
0.500
0.415
0.412
0.508
0.524
0.464
0.440
0.577
0.558
0.563
0.602
0.568
0.544
0.698
0.544
0.580
0.546
0.589
0.492
0.624
0.645
0.505
0.508
0.624
0.598
0.563
0.408
0.670
0.531
0.505
0.643
0.728
0.508
0.622
0.568
0.431
0.412
0.505
0.568
0.757
0.914
0.866
0.895
0.950
0.966
0.984
1.019
0.969
0.953
0.950
0.986
0.982
0.930
0.883
0.818
0.880
0.836
0.884
0.836
0.795
0.591
0.744
0.796
0.486
0.726
0.805
0.531
0.726
0.839
0.771
0.720
0.664
0.833
0.847
0.948
0.939
0.656
0.686
0.658
0.678
0.779
0.668
0.730
0.767
0.869
0.767
0.815
0.933
0.943
0.974
0.923
0.957
0.985
0.973
1.003
0.945
0.913
0.741
0.551
0.469
0.352
0.289
0.458
0.259
0.000
0.226
0.000
0.000
0.000
0.187
0.000
0.147
0.187
0.201
0.000
0.000
0.785
0.932
0.957
0.989
0.999
0.989
1.029
1.012
1.024
1.036
1.011
1.009
1.011
1.036
1.091
0.964
1.041
0.970
0.705
0.836
0.868
0.812
0.767
0.757
0.658
0.461
0.461
0.554
0.660
0.609
0.744
0.526
0.688
0.854
0.863
0.995
1.007
1.027
1.019
1.017
1.017
1.023
1.034
1.005
1.009
1.023
0.930
1.056
0.910
0.875
0.936
0.938
0.964
0.895
0.957
0.930
0.778
0.903
0.847
0.808
0.776
0.741
0.826
0.791
0.844
0.637
0.841
0.864
0.850
0.821
0.838
0.808
0.850
0.705
0.709
0.813
0.923
0.946
0.980
0.960
0.820
0.684
0.916
0.971
0.963
0.969
0.929
0.943
0.942
0.974
1.007
0.922
1.028
1.036
1.037
1.060
1.009
0.996
1.047
0.971
0.901
0.626
0.839
0.720
0.707
0.682
0.808
0.834
0.699
0.620
0.769
0.821
0.767
0.551
0.753
0.830
0.766
0.664
0.534
0.591
0.783
0.802
0.977
1.009
1.020
1.029
1.019
1.071
1.052
1.040
1.012
1.023
1.009
0.986
1.003
0.989
1.005
0.971
0.976
0.936
0.887
0.936
0.852
0.891
0.370
0.764
0.833
0.838
0.631
0.733
0.690
0.726
0.788
0.718
0.826
0.744
0.458
0.826
0.554
0.654
0.699
0.816
0.672
0.783
0.857
0.718
0.812
0.726
0.868
0.813
0.622
0.556
0.629
0.682
0.757
0.790
0.874
0.913
0.871
0.629
0.939
0.910
1.004
0.907
0.910
0.980
0.920
0.971
0.964
0.939
0.748
0.795
0.658
0.805
0.779
0.717
0.531
0.469
0.424
0.363
0.503
0.656
0.664
0.412
0.513
0.284
0.428
0.508
0.566
0.662
0.781
0.575
0.573
0.484
0.232
0.232
0.238
0.156
0.000
0.164
0.207
0.000
0.207
0.000
0.000
0.000
0.000
0.194
0.164
0.000
0.137
0.000
0.073
0.000
0.104
0.052
0.000
0.408
0.434
0.648
0.635
0.279
0.293
0.381
0.437
0.505
0.602
0.654
0.570
0.497
0.730
0.461
0.000
0.187
0.000
0.249
0.201
0.116
0.374
0.544
0.529
0.645
0.500
0.495
0.556
0.591
0.500
0.408
0.566
0.524
0.489
0.626
0.707
0.641
0.618
0.674
0.674
0.741
0.703
0.746
0.803
0.631
0.641
0.549
0.730
0.717
0.664
0.696
0.699
0.707
0.833
0.762
0.868
0.895
0.946
1.043
1.056
1.073
0.936
0.970
0.871
0.884
0.786
0.692
0.718
0.781
0.674
0.715
0.769
0.847
0.722
0.728
0.863
0.847
1.007
0.988
1.033
1.007
0.995
1.016
1.023
0.985
0.976
0.984
0.984
0.995
1.004
1.001
0.969
0.967
0.897
0.939
0.952
0.894
0.895
0.746
0.779
0.798
0.718
0.742
0.526
0.805
0.800
0.852
0.703
0.645
0.238
0.207
0.385
0.728
0.391
0.849
0.830
0.834
0.696
0.762
0.889
0.842
0.735
0.698
0.582
0.694
0.798
0.730
0.563
0.678
0.668
0.742
0.812
0.707
0.705
0.776
0.600
0.812
0.795
0.846
0.802
0.927
0.948
0.922
0.903
0.908
0.953
1.017
0.922
0.757
0.774
0.826
0.831
0.897
0.919
0.869
0.841
0.861
0.737
0.793
0.919
0.849
0.816
0.925
0.917
0.963
0.933
0.999
1.001
1.024
0.842
0.927
0.986
0.913
0.783
0.866
0.795
0.861
0.742
0.682
0.408
0.505
0.568
0.570
0.656
0.332
0.328
0.127
0.187
0.461
0.201
0.090
0.116
0.641
0.518
0.758
0.805
0.926
0.731
0.907
0.877
0.966
1.032
1.024
1.025
1.007
0.992
1.000
1.027
1.032
1.004
1.011
0.989
0.978
1.001
0.980
0.959
0.922
0.939
0.917
0.930
0.587
0.363
0.582
0.591
0.524
0.481
0.478
0.367
0.359
0.481
0.307
0.531
0.503
0.180
0.232
0.172
0.269
0.127
0.220
0.214
0.232
0.000
0.127
0.254
0.863
0.803
0.871
0.664
0.711
0.813
0.813
0.731
0.626
0.596
0.556
0.598
0.769
0.626
0.758
0.742
0.654
0.783
0.690
0.791
0.798
0.639
0.755
1.012
0.883
0.847
0.860
0.658
0.816
0.884
0.830
0.839
0.648
0.654
0.720
0.513
0.582
0.336
0.587
0.688
0.699
0.724
0.524
0.631
0.332
0.408
0.391
0.518
0.629
0.544
0.705
0.582
0.664
0.605
0.549
0.475
0.668
0.637
0.616
0.486
0.264
0.643
0.605
0.402
0.503
0.516
0.561
0.484
0.489
0.518
0.648
0.505
0.566
0.461
0.434
0.568
0.398
0.607
0.556
0.575
0.431
0.484
0.449
0.232
0.284
0.164
0.147
0.147
0.000
0.104
0.214
0.147
0.000
0.214
0.207
0.000
0.137
0.000
0.137
0.000
0.052
0.232
0.104
0.000
0.000
0.000
0.052
0.000
0.000
0.000
0.164
0.000
0.090
0.073
0.090
0.000
0.137
0.090
0.052
0.052
0.000
0.052
0.000
0.000
0.000
0.000
0.000
0.000
0.147
0.000
0.000
0.363
0.584
0.652
0.446
0.511
0.584
0.600
0.469
0.513
0.629
0.600
0.609
0.455
0.452
0.374
0.293
0.194
0.194
0.172
0.147
0.000
0.000
0.554
0.508
0.711
0.766
0.546
0.666
0.475
0.539
0.497
0.363
0.551
0.446
0.516
0.402
0.408
0.607
0.680
0.718
0.803
0.718
0.812
0.854
0.855
0.901
0.810
0.889
0.908
0.959
0.946
0.904
0.974
0.929
1.007
0.986
0.877
0.922
0.926
0.793
0.703
0.728
0.798
0.807
0.730
0.703
0.534
0.573
0.641
0.699
0.904
0.746
0.860
0.948
1.052
0.989
0.999
0.467
0.788
0.418
0.243
0.194
0.269
0.116
0.187
0.243
0.180
0.156
0.164
0.279
0.201
0.214
0.073
0.243
0.194
0.172
0.220
0.259
0.127
0.116
0.284
0.000
0.127
0.156
0.164
0.127
0.164
0.116
0.000
0.156
0.127
0.000
0.549
0.897
0.984
1.005
1.008
1.051
1.034
1.033
1.032
1.049
1.017
1.029
0.991
0.938
0.993
0.976
0.932
0.940
0.518
0.823
0.332
0.656
0.807
0.830
0.505
0.778
0.609
0.680
0.755
0.658
0.762
0.682
0.348
0.500
0.699
0.682
0.871
0.645
0.728
0.766
0.785
0.831
0.762
0.730
0.284
0.650
0.742
0.711
0.311
0.766
0.598
0.637
0.629
0.737
0.613
0.539
0.428
0.624
0.852
0.957
0.878
0.898
0.834
0.682
0.481
0.692
0.464
0.570
0.652
0.431
0.505
0.596
0.536
0.773
0.930
0.750
0.821
0.852
0.796
0.731
0.605
0.841
0.881
0.650
0.858
0.521
0.674
0.781
0.793
0.561
0.593
0.635
0.544
0.815
0.624
0.551
0.810
0.825
0.652
0.746
0.786
0.762
0.748
0.676
0.826
0.686
0.568
0.531
0.742
0.746
0.930
0.960
0.686
0.758
0.877
0.907
0.907
0.894
0.773
0.861
0.773
0.838
0.883
0.901
0.920
0.925
0.970
0.969
0.855
0.834
0.803
0.701
0.880
0.826
0.798
0.940
0.901
0.943
0.942
0.935
0.977
0.967
1.016
1.037
1.047
0.769
0.284
0.598
0.395
0.274
0.172
0.424
0.852
0.802
0.705
0.956
0.939
0.726
0.359
0.894
0.892
0.652
0.692
0.889
0.894
0.833
0.726
0.591
0.662
0.660
0.739
0.666
0.798
0.589
0.484
0.760
0.813
0.815
0.880
0.887
0.798
0.783
0.652
0.705
0.735
0.855
0.936
0.878
0.839
0.834
1.016
1.019
0.988
0.932
0.936
0.985
0.905
0.938
0.948
0.923
1.008
0.992
1.005
0.974
0.878
0.959
0.981
0.988
0.949
0.964
1.004
1.001
0.985
0.935
0.946
0.926
0.949
0.932
0.895
0.935
0.898
0.722
0.800
0.821
0.690
0.773
0.613
0.591
0.731
0.598
0.720
0.676
0.711
0.722
0.563
0.868
0.584
0.650
0.696
0.639
0.884
0.901
0.783
0.731
0.846
0.735
0.764
0.869
0.910
0.587
0.568
0.428
0.516
0.648
0.923
0.916
0.757
0.930
0.913
0.834
0.841
0.897
0.904
0.823
0.821
0.871
0.932
0.950
0.992
1.011
1.041
1.015
1.012
1.000
0.989
0.967
1.033
1.063
0.976
0.966
0.950
0.969
0.957
0.966
0.872
0.933
0.744
0.715
0.730
0.713
0.591
0.717
0.481
0.475
0.539
0.531
0.431
0.609
0.541
0.694
0.639
0.609
0.641
0.791
0.805
0.881
0.936
0.926
1.004
1.000
0.974
0.966
0.974
0.988
1.017
0.988
0.981
0.989
0.977
0.988
0.887
0.955
0.974
0.849
0.881
0.955
0.988
0.974
0.953
0.877
0.844
0.910
0.964
0.980
0.891
0.886
0.907
0.917
0.846
0.834
0.753
0.774
0.652
0.624
0.942
0.821
0.707
0.863
0.939
0.558
0.733
0.803
0.766
0.802
0.790
0.722
0.742
0.711
0.703
0.656
0.699
0.737
0.746
0.249
0.524
0.709
0.694
0.682
0.602
0.613
0.666
0.605
0.774
0.812
0.866
0.891
0.971
0.956
0.950
0.949
0.889
0.919
0.901
0.929
0.923
0.926
0.935
0.980
0.966
0.959
0.974
0.949
0.839
0.935
0.920
0.813
0.891
0.949
1.049
0.984
0.991
0.973
0.932
0.970
0.927
0.720
0.786
0.692
0.810
0.699
0.783
0.508
0.340
0.715
0.688
0.513
0.566
0.561
0.750
0.635
0.746
0.672
0.616
0.609
0.713
0.810
0.722
0.591
0.658
0.744
0.707
0.900
0.916
0.529
0.367
0.529
0.388
0.332
0.385
0.315
0.269
0.302
0.259
0.187
0.418
0.328
0.424
0.311
0.269
0.259
0.293
0.395
0.320
0.359
0.381
0.388
0.359
0.418
0.284
0.320
0.332
0.311
0.302
0.315
0.293
0.315
0.484
0.469
0.428
0.363
0.238
0.289
0.452
0.489
0.315
0.367
0.388
0.332
0.243
0.320
0.328
0.336
0.440
0.289
0.355
0.437
0.418
0.359
0.492
0.352
0.385
0.385
0.421
0.377
0.336
0.269
0.421
0.274
0.405
0.398
0.418
0.336
0.348
0.254
0.377
0.440
0.289
0.302
0.254
0.336
0.311
0.320
0.428
0.332
0.328
0.355
0.452
0.692
0.541
0.672
0.359
0.307
0.284
0.587
0.755
0.656
0.825
0.810
0.805
0.823
0.852
0.852
0.793
0.838
0.826
0.957
0.877
0.889
0.908
0.849
0.895
0.864
0.786
0.788
0.818
0.755
0.914
1.012
0.997
0.901
0.976
0.993
0.923
0.864
0.930
0.908
0.895
0.996
0.999
0.985
0.926
0.933
0.911
0.889
0.802
0.803
0.769
0.635
0.764
0.718
0.629
0.481
0.573
0.733
0.766
0.635
0.674
0.800
0.664
0.776
0.852
0.684
0.648
0.648
0.826
0.715
0.722
0.855
0.664
0.900
0.966
0.785
0.682
0.643
0.750
0.838
0.830
0.529
0.705
0.607
0.707
0.783
0.600
0.398
0.536
0.434
0.611
0.641
0.558
0.911
0.713
0.635
0.395
0.788
0.930
0.857
0.660
0.722
0.549
0.600
0.720
0.741
0.596
0.798
0.385
0.670
0.838
0.871
0.664
0.800
0.751
0.940
0.891
0.838
0.798
0.458
0.730
0.810
0.680
0.720
0.783
0.877
0.857
0.637
0.598
0.497
0.639
0.766
0.713
0.821
0.676
0.315
0.232
0.201
0.589
0.800
0.812
0.805
0.904
0.746
0.690
0.737
0.711
0.415
0.629
0.516
0.672
0.742
0.622
0.475
0.788
0.656
0.949
0.922
0.815
0.678
0.631
0.637
0.563
0.802
0.733
0.645
0.584
0.556
0.489
0.670
0.666
0.831
0.722
0.464
0.849
0.779
0.812
0.874
0.516
0.805
0.916
0.927
0.903
0.970
0.869
0.872
0.880
0.769
0.887
0.964
0.959
0.977
0.940
0.846
0.831
0.812
0.877
0.802
0.773
0.737
0.703
0.781
0.831
0.926
0.943
0.948
1.000
1.009
0.977
1.019
0.878
0.810
0.830
0.757
0.982
1.041
0.863
0.469
0.742
0.807
0.821
0.891
0.945
0.929
0.788
0.717
0.731
0.635
0.751
0.715
0.802
0.886
0.692
0.402
0.363
0.284
0.696
0.652
0.616
0.654
0.731
0.556
0.783
0.722
0.680
0.589
0.478
0.755
0.757
0.688
0.639
0.587
0.841
0.881
0.760
0.800
0.774
0.807
0.674
0.760
0.773
0.746
0.813
0.883
0.877
0.815
0.858
0.905
0.871
0.922
0.981
1.000
0.999
1.027
1.049
1.043
1.016
1.007
0.940
0.982
1.001
0.974
0.989
0.970
0.945
0.973
0.938
0.922
0.887
0.936
0.826
0.857
0.757
0.771
0.635
0.877
0.788
0.872
0.713
0.722
0.744
0.635
0.674
0.631
0.705
0.658
0.769
0.735
0.718
0.836
0.711
0.635
0.582
0.786
0.680
0.831
0.820
0.940
0.914
0.945
0.925
0.818
0.938
0.945
0.989
0.891
0.874
0.834
0.802
0.852
0.883
0.956
0.997
0.981
0.981
0.929
0.957
0.986
1.033
0.960
0.976
0.967
0.917
0.976
0.916
0.957
0.852
0.844
0.943
0.903
0.561
0.648
0.688
0.587
0.302
0.194
0.254
0.469
0.536
0.505
0.551
0.495
0.637
0.668
0.833
0.878
0.858
1.028
0.949
0.959
0.974
1.001
1.001
0.923
1.033
0.996
0.982
0.978
0.992
0.978
0.992
0.999
1.003
0.964
0.969
0.959
0.943
0.967
0.978
0.940
0.883
0.852
0.841
0.920
0.895
0.946
0.852
0.933
0.863
0.796
0.539
0.742
0.728
0.818
0.631
0.613
0.812
0.803
0.783
0.788
0.686
0.600
0.757
0.486
0.744
0.758
0.883
0.678
0.611
0.805
0.892
0.760
0.823
0.609
0.127
0.000
0.090
0.624
0.831
0.868
0.940
0.945
0.956
0.953
0.985
0.935
0.412
0.391
0.398
0.412
0.328
0.385
0.307
0.259
0.274
0.355
0.293
0.284
0.344
0.194
0.090
0.311
0.437
0.332
0.320
0.201
0.359
0.254
0.214
0.180
0.264
0.315
0.214
0.370
0.340
0.264
0.847
0.919
0.881
0.701
0.833
1.005
0.950
0.949
0.916
0.926
0.960
0.929
0.758
0.187
0.127
0.781
0.874
0.877
0.923
0.985
0.978
1.001
0.970
1.065
1.091
0.964
0.914
0.981
0.963
0.971
0.878
0.863
0.748
0.886
0.858
0.880
0.805
0.781
0.908
0.724
0.718
0.513
0.546
0.570
0.739
0.654
0.746
0.753
0.696
0.724
0.622
0.783
0.783
0.895
0.996
0.946
0.980
1.015
1.001
1.023
0.908
1.038
1.040
1.061
0.905
1.007
1.027
1.013
1.027
1.013
0.969
0.946
0.935
0.978
0.970
0.938
0.889
0.945
0.932
0.753
0.680
0.690
0.664
0.869
0.686
0.866
0.807
0.815
0.733
0.750
0.730
0.589
0.688
0.849
0.908
0.680
0.933
0.626
0.662
0.807
0.757
0.790
0.778
0.709
0.717
0.905
0.742
0.605
0.618
0.830
0.828
0.830
0.750
0.852
0.860
0.922
0.758
0.605
0.566
0.701
0.812
0.315
0.274
0.172
0.701
0.781
0.758
0.742
0.878
0.815
0.818
0.820
0.841
0.904
0.869
0.841
0.985
0.978
0.741
0.826
0.757
0.849
0.688
0.773
0.666
0.551
0.478
0.418
0.324
0.402
0.558
0.461
0.452
0.370
0.298
0.551
0.440
0.443
0.566
0.582
0.452
0.289
0.293
0.580
0.699
0.701
0.735
0.629
0.478
0.546
0.293
0.521
0.374
0.443
0.524
0.500
0.405
0.475
0.298
0.415
0.682
0.737
0.676
0.762
0.715
0.643
0.666
0.672
0.674
0.682
0.785
0.803
0.733
0.830
0.678
0.826
0.786
0.863
0.858
0.796
0.936
0.897
0.916
1.005
0.969
0.852
0.946
0.905
0.741
0.938
0.866
0.904
0.744
0.783
0.633
0.692
0.367
0.561
0.370
0.650
0.654
0.626
0.516
0.405
0.467
0.320
0.418
0.730
0.664
0.718
0.699
0.593
0.500
0.722
0.531
0.733
0.818
0.556
0.818
0.807
0.946
1.005
1.004
0.993
1.016
1.021
1.017
0.999
1.003
1.013
0.905
1.009
1.013
1.008
0.976
0.946
0.946
0.800
0.489
0.676
0.518
0.656
0.758
0.385
0.332
0.293
0.232
0.340
0.324
0.201
0.264
0.332
0.254
0.220
0.147
0.249
0.207
0.207
0.381
0.549
0.405
0.431
0.388
0.279
0.238
0.307
0.332
0.355
0.293
0.370
0.232
0.187
0.274
0.254
0.320
0.293
0.536
0.374
0.370
0.421
0.455
0.355
0.492
0.421
0.352
0.293
0.207
0.363
0.591
0.421
0.742
0.864
0.900
0.922
0.963
0.916
0.850
0.901
0.810
0.884
0.904
0.880
0.834
0.855
0.868
0.826
0.508
0.746
0.662
0.751
0.807
0.871
0.813
0.815
0.807
0.833
0.834
0.927
0.927
0.841
0.717
0.786
0.764
0.812
0.605
0.889
0.757
0.666
0.686
0.622
0.602
0.778
0.786
0.798
0.800
0.818
0.901
0.551
0.645
0.558
0.616
0.742
0.964
0.897
0.779
0.854
0.726
0.735
0.602
0.701
0.805
0.781
0.698
0.546
0.660
0.992
0.914
0.891
0.962
0.966
0.897
0.976
0.976
0.980
0.978
0.996
0.981
1.040
1.016
0.971
0.995
1.033
1.003
1.027
0.974
0.953
0.881
0.935
0.878
0.905
0.864
1.015
0.863
0.903
0.751
0.650
0.821
0.847
0.917
0.803
0.511
0.898
0.925
0.776
0.766
0.449
0.187
0.311
0.508
0.363
0.274
0.180
0.324
0.446
0.556
0.489
0.711
0.709
0.771
0.841
0.800
0.892
0.786
0.762
0.925
0.911
0.943
0.992
0.984
0.956
0.995
0.999
1.013
0.999
1.027
1.001
0.950
0.956
1.009
1.007
0.992
0.959
0.985
0.940
0.919
0.887
0.826
0.828
0.803
0.742
0.753
0.546
0.645
0.355
0.776
0.753
0.452
0.767
0.711
0.816
0.762
0.658
0.786
0.810
0.858
0.674
0.741
0.807
0.778
0.834
0.602
0.558
0.713
0.781
0.641
0.701
0.692
0.573
0.728
0.593
0.701
0.664
0.656
0.863
0.868
0.881
0.818
0.764
0.767
0.942
0.881
0.923
0.791
1.028
0.919
0.773
0.900
0.971
0.985
1.013
0.993
1.033
1.021
1.029
1.036
1.024
1.027
1.013
0.957
1.029
1.054
0.933
0.875
0.916
0.991
0.967
0.481
0.838
0.769
0.936
0.762
0.800
0.850
0.904
0.672
0.418
0.279
0.214
0.385
0.090
0.000
0.264
0.137
0.311
0.073
0.631
0.709
0.724
0.526
0.377
0.412
0.674
0.645
0.495
0.558
0.713
0.650
0.674
0.755
0.758
0.917
1.036
1.064
1.003
0.995
0.980
1.007
0.999
1.049
1.046
1.015
0.969
0.982
1.003
1.007
0.971
0.858
0.925
0.984
0.984
0.992
0.932
0.863
0.847
0.927
0.802
0.724
0.860
0.839
0.855
0.913
0.855
0.735
0.658
0.785
0.500
0.803
0.645
0.842
0.847
0.670
0.575
0.724
0.698
0.688
0.810
0.728
0.701
0.758
0.774
0.846
0.820
0.605
0.469
0.927
0.861
0.718
0.311
0.000
0.243
0.731
0.861
0.957
0.917
0.967
0.984
1.001
1.017
0.993
0.984
0.991
1.024
1.038
1.020
1.024
1.066
1.012
1.011
0.960
1.000
0.948
0.884
0.957
0.905
0.949
0.974
0.831
0.703
0.751
0.739
0.762
0.774
0.682
0.694
0.624
0.758
0.699
0.701
0.877
0.935
0.878
0.800
0.751
0.783
0.892
0.887
0.907
0.967
0.969
0.980
1.011
0.989
1.013
1.016
0.991
0.913
0.798
0.914
0.927
0.989
0.946
0.955
0.849
0.884
0.904
0.945
0.938
0.957
0.985
0.955
0.962
0.908
0.846
0.838
0.715
0.875
0.676
0.883
0.748
0.670
0.541
0.758
0.773
0.861
0.800
0.735
0.690
0.793
0.505
0.609
0.577
0.475
0.505
0.728
0.650
0.796
0.769
0.863
0.904
0.620
0.771
0.820
0.847
0.707
0.728
0.849
0.758
0.880
0.767
0.967
0.805
0.511
0.243
0.201
0.618
0.694
0.696
0.739
0.854
0.546
0.800
0.871
0.696
0.803
0.903
0.939
0.904
0.938
0.860
0.616
0.807
0.903
0.774
0.637
0.682
0.536
0.643
0.722
0.678
0.573
0.481
0.489
0.513
0.518
0.573
0.662
0.388
0.336
0.605
0.449
0.694
0.307
0.412
0.658
0.440
0.593
0.516
0.674
0.652
0.249
0.554
0.367
0.249
0.381
0.311
0.662
0.556
0.377
0.558
0.505
0.355
0.431
0.654
0.635
0.269
0.090
0.137
0.187
0.090
0.164
0.090
0.052
0.000
0.232
0.073
0.090
0.000
0.000
0.000
0.127
0.090
0.164
0.000
0.000
0.000
0.000
0.000
0.156
0.526
0.478
0.731
0.616
0.348
0.648
0.551
0.602
0.370
0.374
0.232
0.201
0.156
0.254
0.238
0.116
0.000
0.156
0.073
0.000
0.201
0.591
0.744
0.613
0.370
0.529
0.717
0.735
0.620
0.639
0.412
0.643
0.611
0.643
0.724
0.458
0.549
0.264
0.405
0.374
0.398
0.395
0.402
0.475
0.408
0.591
0.742
0.584
0.428
0.705
0.541
0.455
0.680
0.370
0.424
0.492
0.434
0.587
0.508
0.654
0.541
0.563
0.602
0.534
0.478
0.495
0.526
0.449
0.449
0.546
0.398
0.472
0.696
0.831
0.731
0.580
0.678
0.701
0.781
0.841
0.783
0.639
0.773
0.774
0.613
0.577
0.839
0.748
0.798
0.986
0.917
1.013
0.982
0.967
0.999
0.963
0.971
1.024
0.602
0.886
0.962
0.952
0.940
0.715
0.264
0.073
0.156
0.214
0.187
0.090
0.226
0.137
0.194
0.000
0.214
0.052
0.052
0.116
0.156
0.214
0.000
0.207
0.104
0.137
0.187
0.000
0.000
0.180
0.137
0.073
0.000
0.385
0.000
0.000
0.000
0.201
0.164
0.000
0.000
0.000
0.052
0.180
0.000
0.090
0.164
0.000
0.000
0.000
0.052
0.104
0.052
0.052
0.214
0.073
0.052
0.000
0.000
0.127
0.000
0.052
0.000
0.073
0.000
0.000
0.000
0.164
0.000
0.104
0.000
0.000
0.000
0.073
0.000
0.000
0.000
0.073
0.000
0.194
0.000
0.180
0.073
0.073
0.000
0.000
0.000
0.000
0.000
0.104
0.156
0.000
0.000
0.214
0.000
0.000
0.000
0.000
0.073
0.000
0.000
0.000
0.000
0.000
0.000
0.000
0.000
0.000
0.127
0.000
0.172
0.489
0.332
0.274
0.232
0.249
0.243
0.307
0.254
0.269
0.348
0.298
0.264
0.116
0.259
0.259
0.521
0.489
0.461
0.455
0.415
0.405
0.688
0.730
0.744
0.744
0.778
0.788
0.724
0.720
0.864
0.705
0.842
0.894
0.771
0.793
0.948
0.960
0.943
0.922
0.967
0.997
0.939
0.953
0.976
0.950
0.871
0.831
0.871
0.964
0.971
0.969
0.940
0.903
0.869
0.340
0.709
0.388
0.783
0.904
0.907
0.962
0.913
0.919
0.830
0.446
0.573
0.753
0.692
0.907
0.895
0.905
0.903
0.891
0.561
0.711
0.904
0.513
0.566
0.767
0.709
0.568
0.549
0.593
0.668
0.639
0.769
0.820
0.624
0.778
0.790
0.666
0.781
0.838
0.674
0.834
0.952
0.842
0.964
0.684
0.180
0.073
0.180
0.000
0.194
0.180
0.889
0.672
0.852
0.917
0.802
0.769
0.783
0.900
0.836
0.860
0.760
0.919
0.705
0.641
0.774
0.866
0.760
0.418
0.531
0.539
0.678
0.626
0.680
0.633
0.737
0.741
0.684
0.730
0.774
0.648
0.852
0.847
0.660
0.741
0.880
0.904
0.639
0.892
0.886
0.785
0.374
0.455
0.800
0.812
0.810
0.821
0.795
0.783
0.746
0.904
0.741
0.698
0.637
0.529
0.641
0.678
0.852
0.788
0.711
0.611
0.715
0.670
0.786
0.783
0.828
0.753
0.730
0.641
0.758
0.741
0.521
0.660
0.690
0.455
0.511
0.516
0.495
0.307
0.680
0.549
0.500
0.428
0.489
0.492
0.388
0.052
0.232
0.243
0.116
0.220
0.000
0.104
0.127
0.000
0.000
0.000
0.000
0.000
0.000
0.000
0.000
0.000
0.104
0.116
0.000
0.000
0.000
0.052
0.000
0.000
0.172
0.207
0.000
0.000
0.052
0.000
0.000
0.000
0.000
0.000
0.052
0.000
0.000
0.090
0.104
0.052
0.052
0.201
0.443
0.437
0.307
0.311
0.284
0.589
0.254
0.573
0.664
0.602
0.391
0.609
0.405
0.388
0.658
0.551
0.678
0.686
0.563
0.340
0.332
0.662
0.367
0.408
0.311
0.620
0.598
0.418
0.508
0.478
0.475
0.254
0.475
0.363
0.666
0.582
0.582
0.549
0.573
0.654
0.602
0.556
0.648
0.611
0.587
0.742
0.631
0.607
0.633
0.575
0.481
0.678
0.666
0.497
0.666
0.720
0.626
0.650
0.733
0.561
0.534
0.431
0.259
0.478
0.472
0.289
0.320
0.398
0.421
0.359
0.524
0.475
0.431
0.434
0.505
0.602
0.766
0.658
0.785
0.648
0.730
0.624
0.561
0.518
0.593
0.607
0.620
0.464
0.449
0.720
0.694
0.676
0.558
0.616
0.558
0.521
0.472
0.367
0.455
0.726
0.622
0.424
0.668
0.645
0.524
0.524
0.598
0.622
0.561
0.415
0.622
0.484
0.602
0.735
0.764
0.737
0.720
0.666
0.701
0.370
1.004
0.997
0.962
1.005
1.000
1.012
1.028
1.008
0.960
0.897
0.878
0.936
0.803
0.767
0.662
0.877
0.816
0.828
0.820
0.666
0.696
0.847
0.616
0.478
0.355
0.495
0.446
0.508
0.536
0.440
0.551
0.449
0.544
0.591
0.566
0.774
0.842
0.767
0.694
0.766
0.957
0.884
0.963
1.001
1.033
0.973
0.984
1.009
1.012
1.032
1.009
0.978
0.945
0.897
1.015
0.991
0.986
0.962
0.974
0.946
0.927
0.929
0.905
0.959
0.926
0.949
0.807
0.715
0.813
0.690
0.741
0.639
0.622
0.690
0.568
0.672
0.703
0.730
0.577
0.737
0.825
0.798
0.786
0.872
0.858
0.857
0.841
0.872
0.925
0.919
0.969
0.812
0.938
0.903
0.926
0.908
0.808
0.936
0.992
0.981
0.956
0.952
0.960
0.969
0.980
0.971
0.962
0.849
0.978
0.967
0.962
0.949
0.926
1.041
1.005
0.956
0.828
0.895
0.773
0.798
0.750
0.686
0.340
0.788
0.497
0.546
0.539
0.478
0.529
0.311
0.616
0.497
0.395
0.650
0.563
0.472
0.489
0.696
0.728
0.620
0.901
0.913
0.791
0.955
0.857
0.999
0.981
0.970
1.043
1.030
0.991
1.029
1.045
0.964
0.981
1.023
1.009
1.024
1.007
0.976
0.939
0.568
0.472
0.274
0.164
0.249
0.254
0.254
0.000
0.214
0.201
0.226
0.180
0.104
0.172
0.249
0.116
0.073
0.207
0.156
0.207
0.232
0.000
0.000
0.232
0.180
0.000
0.000
0.187
0.000
0.220
0.000
0.000
0.269
0.311
0.127
0.187
0.000
0.000
0.259
0.666
0.720
0.757
0.877
0.940
0.841
0.798
0.709
0.871
0.874
0.905
0.919
0.875
0.709
0.666
0.684
0.437
0.905
0.871
0.800
0.418
0.868
0.715
0.718
0.713
0.755
0.812
0.783
0.680
0.776
0.641
0.711
0.626
0.720
0.591
0.672
0.478
0.568
0.544
0.458
0.541
0.577
0.315
0.298
0.443
0.613
0.336
0.374
0.374
0.461
0.412
0.377
0.582
0.639
0.541
0.492
0.672
0.593
0.620
0.568
0.666
0.580
0.812
0.795
0.598
0.526
0.355
0.284
0.232
0.232
0.187
0.395
0.484
0.624
0.374
0.591
0.421
0.598
0.511
0.551
0.616
0.412
0.495
0.793
0.705
0.701
0.664
0.737
0.696
0.472
0.481
0.377
0.629
0.518
0.742
0.580
0.613
0.207
0.279
0.207
0.147
0.302
0.428
0.694
0.701
0.664
0.607
0.367
0.478
0.598
0.443
0.529
0.563
0.355
0.662
0.544
0.639
0.666
0.718
