0.723
0.227
0.078
0.174
0.362
0.340
0.240
0.247
0.214
0.183
0.264
0.165
0.259
0.247
0.000
0.055
0.302
0.000
0.055
0.000
0.214
0.165
0.000
0.000
0.000
0.000
0.000
0.165
0.000
0.000
0.000
0.000
0.000
0.000
0.000
0.000
0.000
0.000
0.000
0.000
0.000
0.000
0.000
0.000
0.000
0.000
0.000
0.000
0.165
0.000
0.000
0.000
0.000
0.000
0.000
0.000
0.000
0.000
0.000
0.000
0.000
0.000
0.000
0.000
0.000
0.000
0.000
0.000
0.000
0.000
0.000
0.000
0.000
0.000
0.000
0.000
0.000
0.135
0.000
0.000
0.000
0.000
0.000
0.000
0.000
0.000
0.000
0.000
0.135
0.000
0.000
0.000
0.000
0.000
0.000
0.000
0.000
0.000
0.000
0.000
0.000
0.000
0.000
0.000
0.000
0.000
0.000
0.000
0.000
0.123
0.000
0.000
0.000
0.000
0.000
0.000
0.000
0.000
0.000
0.000
0.000
0.000
0.000
0.000
0.183
0.286
0.000
0.000
0.000
0.000
0.000
0.000
0.000
0.000
0.000
0.000
0.000
0.000
0.000
0.000
0.000
0.000
0.000
0.000
0.000
0.000
0.000
0.000
0.000
0.000
0.000
0.000
0.000
0.000
0.000
0.000
0.000
0.736
0.451
0.281
0.394
0.382
0.551
0.401
0.344
0.183
0.146
0.165
0.000
0.000
0.000
0.416
0.689
0.682
0.750
0.633
0.770
0.520
0.413
0.331
0.499
0.725
0.621
0.487
0.444
0.386
0.123
0.950
0.807
0.746
0.778
0.762
0.340
0.234
0.000
0.095
0.078
0.448
0.583
0.423
0.444
0.362
0.264
0.110
0.165
0.095
0.520
0.398
0.583
0.206
0.589
0.562
0.484
0.526
0.671
0.562
0.700
0.695
0.706
0.362
0.897
0.873
0.791
0.936
0.944
0.849
0.340
0.774
0.659
0.710
0.808
0.879
0.926
0.914
0.650
0.793
0.949
0.801
0.596
0.458
0.281
0.502
0.868
0.872
0.913
0.919
0.904
1.006
1.003
0.903
0.565
0.778
0.702
0.214
0.764
0.818
0.926
0.942
0.942
0.957
0.980
0.691
0.845
0.872
0.762
0.887
0.899
0.904
0.793
0.394
0.949
0.904
0.854
0.906
0.924
0.903
0.964
0.939
0.729
0.807
0.789
0.664
0.758
0.335
0.589
0.744
0.461
0.791
0.886
0.940
0.957
0.805
0.903
0.903
0.896
0.891
0.859
0.652
0.706
0.849
0.896
0.843
0.889
0.875
0.820
0.614
0.744
0.675
0.626
0.733
0.731
0.877
0.929
0.991
0.988
1.014
1.005
1.018
0.957
0.983
0.991
0.977
0.952
0.969
0.971
0.736
0.682
0.899
0.921
0.896
0.897
0.992
0.968
0.919
0.532
0.227
0.174
0.191
0.183
0.146
0.918
0.766
0.886
0.648
0.490
0.591
0.394
0.312
0.095
0.227
0.146
0.165
0.000
0.156
0.055
0.135
0.000
0.055
0.078
0.078
0.000
0.123
0.000
0.146
0.000
0.000
0.000
0.156
0.000
0.078
0.000
0.000
0.000
0.000
0.000
0.302
0.000
0.000
0.000
0.000
0.000
0.633
0.805
0.514
0.621
0.801
0.199
0.468
0.568
0.554
0.353
0.413
0.174
0.611
0.594
0.474
0.401
0.752
0.668
0.496
0.710
0.601
0.557
0.581
0.560
0.601
0.583
0.717
0.526
0.434
0.641
0.484
0.695
0.702
0.493
0.624
0.675
0.814
0.856
0.461
0.253
0.362
0.398
0.514
0.468
0.554
0.434
0.583
0.505
0.697
0.655
0.451
0.554
0.717
0.614
0.677
0.532
0.609
0.727
0.633
0.760
0.851
0.932
0.929
0.832
0.682
0.914
0.326
0.214
0.782
0.758
0.766
0.723
0.894
0.961
0.924
0.975
0.995
0.942
0.955
0.963
0.803
0.240
0.626
0.689
0.596
0.281
0.465
0.641
0.700
0.416
0.349
0.270
0.331
0.183
0.264
0.281
0.221
0.307
0.276
0.270
0.378
0.253
0.135
0.344
0.234
0.146
0.307
0.253
0.276
0.259
0.259
0.000
0.386
0.055
0.191
0.000
0.078
0.191
0.123
0.401
0.055
0.000
0.078
0.078
0.000
0.000
0.078
0.174
0.000
0.000
0.000
0.000
0.000
0.000
0.000
0.000
0.000
0.055
0.000
0.000
0.000
0.000
0.000
0.000
0.000
0.000
0.000
0.000
0.000
0.000
0.000
0.000
0.000
0.206
0.095
0.095
0.000
0.000
0.000
0.000
0.000
0.000
0.805
0.719
0.659
0.481
0.520
0.413
0.693
0.621
0.843
0.725
0.723
0.768
0.725
0.529
0.675
0.793
0.748
0.413
0.366
0.398
0.616
0.641
0.586
0.616
0.764
0.816
0.868
0.879
0.936
0.752
0.851
0.695
0.378
0.234
0.405
0.487
0.756
0.655
0.909
0.952
0.887
0.413
0.264
0.292
0.234
0.484
0.554
0.868
0.858
0.723
0.465
0.691
0.568
0.803
0.845
0.896
0.870
0.924
0.931
0.969
0.991
0.960
0.991
0.966
0.904
0.957
0.772
0.214
0.636
0.843
0.879
0.963
0.944
1.005
0.966
0.918
0.729
0.733
0.851
0.909
0.766
0.468
0.923
0.836
0.931
0.733
0.578
0.717
0.740
0.662
0.849
0.624
0.744
0.706
0.758
0.870
0.932
0.955
0.978
0.995
0.961
0.931
0.972
0.859
0.596
0.645
0.496
0.135
0.165
0.165
0.078
0.221
0.078
0.000
0.174
0.165
0.165
0.000
0.270
0.438
0.335
0.427
0.643
0.520
0.366
0.481
0.455
0.240
0.191
0.191
0.000
0.000
0.199
0.000
0.000
0.191
0.174
0.000
0.000
0.078
0.000
0.000
0.000
0.000
0.000
0.000
0.000
0.000
0.000
0.000
0.000
0.000
0.000
0.135
0.861
0.778
0.423
0.253
0.382
0.302
0.221
0.000
0.146
0.221
0.123
0.000
0.000
0.000
0.214
0.000
0.000
0.174
0.000
0.000
0.000
0.000
0.000
0.156
0.000
0.000
0.000
0.000
0.000
0.055
0.135
0.135
0.000
0.000
0.000
0.000
0.000
0.135
0.000
0.000
0.000
0.000
0.000
0.000
0.000
0.000
0.000
0.000
0.000
0.000
0.000
0.000
0.000
0.366
0.000
0.000
0.000
0.000
0.000
0.000
0.000
0.000
0.078
0.055
0.000
0.000
0.000
0.000
0.000
0.000
0.000
0.000
0.000
0.000
0.000
0.078
0.000
0.000
0.165
0.000
0.000
0.000
0.146
0.110
0.000
0.000
0.000
0.000
0.000
0.110
0.000
0.000
0.095
0.000
0.000
0.000
0.000
0.000
0.000
0.000
0.000
0.000
0.000
0.123
0.055
0.000
0.110
0.448
0.650
0.599
0.636
0.570
0.633
0.762
0.477
0.378
0.427
0.247
0.378
0.594
0.240
0.307
0.638
0.814
0.778
0.838
0.740
0.929
0.909
0.963
1.003
0.931
0.816
0.945
0.929
0.882
0.766
0.919
0.921
0.955
0.997
0.958
0.420
0.156
0.095
0.923
0.776
0.493
0.490
0.438
0.818
0.825
0.797
0.904
0.884
0.918
0.921
0.945
0.969
0.971
1.020
0.992
0.974
0.914
0.969
0.927
0.942
0.937
0.994
0.929
0.919
0.899
0.843
0.906
0.916
0.947
0.621
0.624
0.723
0.725
0.543
0.537
0.641
0.451
0.465
0.611
0.529
0.655
0.578
0.729
0.836
0.814
0.913
0.957
0.992
0.927
0.929
0.982
0.957
0.633
0.370
0.000
0.183
0.292
0.326
0.540
0.455
0.652
0.386
0.502
0.589
0.496
0.349
0.165
0.174
0.183
0.234
0.135
0.206
0.110
0.000
0.165
0.055
0.123
0.000
0.000
0.000
0.000
0.000
0.000
0.000
0.156
0.000
0.000
0.174
0.000
0.000
0.000
0.123
0.000
0.000
0.078
0.000
0.078
0.000
0.000
0.000
0.000
0.055
0.055
0.000
0.055
0.000
0.110
0.000
0.095
0.000
0.000
0.000
0.000
0.000
0.055
0.000
0.000
0.055
0.000
0.000
0.000
0.000
0.000
0.078
0.055
0.000
0.000
0.000
0.000
0.000
0.000
0.000
0.055
0.000
0.000
0.000
0.000
0.206
0.000
0.000
0.055
0.000
0.055
0.000
0.000
0.055
0.000
0.078
0.000
0.000
0.000
0.000
0.000
0.165
0.000
0.000
0.386
0.000
0.000
0.000
0.000
0.199
0.000
0.000
0.000
0.055
0.000
0.055
0.078
0.000
0.000
0.000
0.000
0.000
0.000
0.000
0.055
0.000
0.000
0.000
0.000
0.000
0.000
0.000
0.000
0.000
0.095
0.000
0.000
0.000
0.000
0.000
0.000
0.227
0.000
0.000
0.000
0.000
0.000
0.146
0.000
0.000
0.000
0.000
0.000
0.000
0.000
0.000
0.000
0.165
0.000
0.206
0.000
0.206
0.000
0.000
0.000
0.000
0.000
0.000
0.000
0.000
0.000
0.000
0.000
0.000
0.000
0.000
0.055
0.000
0.000
0.078
0.000
0.095
0.078
0.078
0.055
0.000
0.000
0.000
0.000
0.000
0.000
0.000
0.000
0.000
0.000
0.000
0.000
0.000
0.000
0.000
0.000
0.000
0.000
0.000
0.000
0.000
0.000
0.000
0.000
0.000
0.000
0.000
0.000
0.000
0.156
0.135
0.000
0.055
0.000
0.055
0.095
0.165
0.240
0.227
0.000
0.135
0.240
0.146
0.000
0.357
0.000
0.199
0.146
0.206
0.174
0.353
0.431
0.434
0.549
0.517
0.657
0.578
0.562
0.471
0.331
0.589
0.631
0.578
0.764
0.838
0.797
0.725
0.872
0.891
0.961
0.971
0.955
0.911
0.686
0.934
0.969
0.964
0.994
0.868
0.458
0.624
0.748
0.398
0.766
0.708
0.784
0.609
0.723
0.611
0.655
0.801
0.919
0.901
0.818
0.911
0.793
0.766
0.859
0.858
0.845
0.952
0.953
0.861
0.616
0.514
0.493
0.619
0.789
0.859
0.891
0.934
0.977
0.901
0.926
0.926
0.906
0.859
0.774
0.782
0.776
0.904
0.911
0.924
0.851
0.302
0.326
0.583
0.764
0.840
0.852
0.633
0.614
0.742
0.560
0.708
0.609
0.591
0.789
0.606
0.704
0.490
0.624
0.606
0.517
0.562
0.599
0.586
0.675
0.629
0.638
0.731
0.842
0.827
0.899
0.960
0.974
0.972
0.936
0.786
0.444
0.845
0.958
0.812
0.601
0.772
0.805
0.861
0.942
0.936
0.994
0.994
0.974
0.937
0.983
0.899
0.700
0.581
0.636
0.390
0.331
0.596
0.697
0.719
0.438
0.840
0.807
0.750
0.695
0.664
0.583
0.752
0.731
0.764
0.750
0.606
0.733
0.843
0.926
0.766
0.499
0.312
0.700
0.805
0.861
0.889
0.546
0.955
0.975
0.994
1.034
0.988
0.975
0.983
0.978
0.378
0.366
0.146
0.000
0.123
0.095
0.174
0.123
0.000
0.095
0.000
0.156
0.146
0.000
0.000
0.146
0.214
0.146
0.537
0.493
0.401
0.455
0.729
0.808
0.581
0.499
0.529
0.911
0.854
0.680
0.799
0.964
0.964
0.937
0.971
0.977
0.997
0.880
0.532
0.892
0.823
0.461
0.740
0.934
0.926
0.909
0.950
0.677
0.619
0.448
0.631
0.616
0.668
0.537
0.549
0.526
0.302
0.312
0.357
0.636
0.697
0.535
0.565
0.441
0.668
0.643
0.784
0.619
0.858
0.693
0.725
0.700
0.818
0.887
0.960
0.972
0.961
0.957
0.919
0.977
0.989
0.926
0.858
0.998
0.960
0.936
0.892
0.814
0.791
0.812
0.583
0.514
0.401
0.704
0.832
0.840
0.865
0.851
0.738
0.723
0.744
0.715
0.719
0.583
0.655
0.398
0.441
0.427
0.366
0.199
0.471
0.546
0.502
0.484
0.721
0.673
0.529
0.693
0.594
0.353
0.468
0.641
0.805
0.820
0.721
0.816
0.942
0.968
0.949
0.953
0.947
0.557
0.671
0.390
0.000
0.270
0.702
0.657
0.594
0.474
0.631
0.591
0.614
0.543
0.657
0.904
0.535
0.636
0.831
0.814
0.731
0.576
0.641
0.693
0.821
0.901
0.949
0.966
0.980
0.986
1.014
0.887
0.511
0.784
0.549
0.214
0.286
0.247
0.221
0.292
0.227
0.297
0.335
0.581
0.540
0.405
0.502
0.427
0.270
0.221
0.321
0.546
0.413
0.758
0.496
0.487
0.458
0.474
0.604
0.601
0.281
0.374
0.526
0.611
0.264
0.382
0.221
0.270
0.386
0.370
0.378
0.570
0.526
0.451
0.390
0.461
0.344
0.448
0.427
0.562
0.276
0.331
0.549
0.481
0.636
0.614
0.357
0.581
0.458
0.523
0.493
0.401
0.413
0.441
0.398
0.583
0.490
0.240
0.286
0.095
0.055
0.110
0.000
0.095
0.000
0.055
0.214
0.214
0.000
0.000
0.000
0.000
0.095
0.000
0.000
0.055
0.000
0.000
0.000
0.000
0.000
0.000
0.110
0.000
0.095
0.000
0.000
0.000
0.000
0.000
0.000
0.000
0.000
0.000
0.078
0.000
0.000
0.253
0.423
0.317
0.321
0.423
0.331
0.297
0.321
0.281
0.362
0.535
0.591
0.677
0.599
0.374
0.657
0.650
0.626
0.465
0.652
0.872
0.797
0.921
0.953
0.971
0.924
0.818
0.532
0.386
0.514
0.362
0.259
0.000
0.135
0.214
0.000
0.156
0.055
0.000
0.135
0.000
0.055
0.191
0.000
0.191
0.000
0.000
0.000
0.000
0.135
0.078
0.000
0.095
0.000
0.712
0.715
0.601
0.616
0.307
0.281
0.240
0.174
0.146
0.438
0.390
0.234
0.206
0.135
0.000
0.000
0.000
0.000
0.000
0.000
0.078
0.000
0.000
0.123
0.000
0.055
0.110
0.078
0.078
0.000
0.000
0.000
0.000
0.000
0.055
0.000
0.206
0.000
0.000
0.000
0.000
0.000
0.000
0.000
0.000
0.055
0.000
0.000
0.000
0.110
0.110
0.095
0.000
0.000
0.000
0.000
0.000
0.000
0.000
0.000
0.000
0.000
0.000
0.000
0.000
0.000
0.000
0.000
0.000
0.000
0.000
0.000
0.000
0.000
0.165
0.078
0.000
0.000
0.174
0.174
0.000
0.000
0.000
0.000
0.000
0.000
0.000
0.000
0.000
0.174
0.174
0.146
0.000
0.135
0.000
0.000
0.000
0.000
0.000
0.000
0.000
0.000
0.110
0.000
0.000
0.000
0.000
0.398
0.253
0.394
0.331
0.264
0.378
0.394
0.307
0.532
0.581
0.451
0.529
0.680
0.729
0.810
0.838
0.865
0.936
0.995
0.975
1.008
1.017
0.770
0.624
0.738
0.892
0.832
0.748
0.960
0.995
0.950
0.859
0.477
0.702
0.686
0.810
0.589
0.631
0.693
0.793
0.821
0.821
0.684
0.731
0.710
0.631
0.691
0.825
0.774
0.601
0.444
0.894
0.909
0.995
0.961
0.978
0.991
0.963
1.006
1.012
0.997
0.969
0.972
0.974
0.950
0.859
0.468
0.240
0.591
0.695
0.532
0.691
0.543
0.199
0.156
0.253
0.156
0.174
0.000
0.000
0.174
0.110
0.000
0.000
0.055
0.000
0.000
0.135
0.146
0.055
0.000
0.135
0.000
0.000
0.000
0.146
0.000
0.000
0.000
0.000
0.000
0.000
0.286
0.789
0.535
0.382
0.259
0.227
0.191
0.259
0.214
0.095
0.135
0.000
0.000
0.000
0.000
0.055
0.165
0.123
0.135
0.000
0.000
0.000
0.135
0.000
0.000
0.000
0.135
0.000
0.000
0.135
0.000
0.000
0.055
0.000
0.000
0.000
0.000
0.000
0.000
0.000
0.000
0.000
0.206
0.000
0.000
0.000
0.000
0.000
0.000
0.000
0.398
0.055
0.000
0.000
0.000
0.000
0.000
0.000
0.000
0.000
0.000
0.000
0.000
0.000
0.055
0.000
0.000
0.000
0.000
0.000
0.000
0.123
0.000
0.000
0.000
0.000
0.000
0.000
0.000
0.000
0.000
0.000
0.000
0.000
0.000
0.000
0.000
0.055
0.000
0.055
0.000
0.000
0.000
0.000
0.000
0.000
0.000
0.000
0.000
0.000
0.000
0.000
0.156
0.199
0.156
0.000
0.000
0.000
0.000
0.000
0.000
0.000
0.000
0.000
0.000
0.000
0.000
0.000
0.000
0.000
0.000
0.000
0.000
0.000
0.000
0.000
0.000
0.000
0.000
0.000
0.000
0.000
0.000
0.000
0.000
0.000
0.000
0.000
0.000
0.055
0.000
0.000
0.000
0.000
0.000
0.000
0.000
0.000
0.000
0.000
0.000
0.000
0.000
0.000
0.000
0.000
0.000
0.000
0.000
0.000
0.000
0.000
0.000
0.000
0.000
0.000
0.000
0.055
0.000
0.000
0.000
0.000
0.000
0.000
0.000
0.366
0.055
0.055
0.000
0.000
0.000
0.000
0.000
0.000
0.000
0.000
0.000
0.078
0.000
0.000
0.000
0.000
0.000
0.000
0.000
0.000
0.000
0.000
0.000
0.000
0.000
0.000
0.000
0.000
0.000
0.000
0.000
0.000
0.000
0.000
0.000
0.000
0.000
0.000
0.000
0.000
0.000
0.000
0.000
0.000
0.000
0.000
0.000
0.000
0.000
0.000
0.000
0.000
0.000
0.000
0.000
0.000
0.000
0.000
0.000
0.000
0.000
0.000
0.000
0.000
0.000
0.000
0.000
0.000
0.000
0.000
0.000
0.000
0.000
0.000
0.000
0.000
0.000
0.174
0.095
0.000
0.000
0.000
0.000
0.000
0.000
0.078
0.000
0.000
0.000
0.000
0.000
0.000
0.000
0.000
0.000
0.000
0.078
0.000
0.000
0.000
0.000
0.156
0.000
0.000
0.000
0.000
0.000
0.165
0.000
0.000
0.000
0.110
0.000
0.000
0.000
0.000
0.000
0.000
0.000
0.000
0.000
0.000
0.000
0.000
0.353
0.055
0.055
0.000
0.000
0.000
0.000
0.000
0.000
0.000
0.000
0.000
0.000
0.000
0.000
0.000
0.000
0.000
0.055
0.000
0.000
0.000
0.000
0.000
0.000
0.000
0.000
0.000
0.000
0.000
0.000
0.000
0.000
0.000
0.000
0.000
0.000
0.000
0.000
0.000
0.000
0.000
0.000
0.000
0.000
0.000
0.000
0.000
0.055
0.000
0.000
0.000
0.000
0.000
0.000
0.000
0.000
0.000
0.000
0.000
0.000
0.000
0.000
0.000
0.078
0.078
0.000
0.000
0.000
0.000
0.000
0.000
0.000
0.000
0.000
0.000
0.000
0.000
0.000
0.000
0.000
0.000
0.000
0.000
0.000
0.000
0.000
0.000
0.000
0.000
0.000
0.095
0.000
0.000
0.000
0.191
0.000
0.156
0.000
0.146
0.000
0.000
0.000
0.000
0.000
0.000
0.000
0.000
0.000
0.000
0.000
0.000
0.000
0.000
0.000
0.000
0.000
0.000
0.000
0.000
0.000
0.000
0.000
0.000
0.000
0.297
0.055
0.000
0.000
0.055
0.000
0.000
0.055
0.000
0.000
0.000
0.000
0.000
0.000
0.000
0.000
0.000
0.055
0.000
0.000
0.000
0.000
0.000
0.000
0.000
0.000
0.055
0.000
0.000
0.000
0.000
0.000
0.000
0.000
0.000
0.000
0.000
0.000
0.000
0.000
0.000
0.000
0.000
0.000
0.000
0.000
0.000
0.000
0.000
0.000
0.000
0.000
0.000
0.000
0.000
0.000
0.000
0.000
0.000
0.000
0.000
0.000
0.000
0.000
0.000
0.000
0.000
0.000
0.000
0.000
0.000
0.000
0.000
0.000
0.000
0.000
0.000
0.000
0.000
0.000
0.000
0.000
0.000
0.000
0.000
0.000
0.000
0.000
0.000
0.000
0.000
0.000
0.000
0.000
0.000
0.000
0.000
0.000
0.000
0.000
0.000
0.000
0.000
0.000
0.000
0.000
0.000
0.000
0.000
0.000
0.000
0.000
0.000
0.000
0.000
0.000
0.000
0.000
0.000
0.000
0.000
0.000
0.000
0.000
0.000
0.344
0.146
0.055
0.000
0.000
0.055
0.055
0.000
0.000
0.000
0.156
0.240
0.135
0.000
0.000
0.000
0.000
0.146
0.000
0.000
0.055
0.156
0.000
0.000
0.000
0.000
0.000
0.000
0.000
0.000
0.000
0.000
0.000
0.000
0.000
0.000
0.000
0.000
0.000
0.000
0.000
0.000
0.000
0.000
0.000
0.000
0.000
0.000
0.000
0.055
0.000
0.000
0.055
0.000
0.000
0.000
0.000
0.000
0.000
0.000
0.000
0.000
0.000
0.000
0.000
0.000
0.000
0.000
0.000
0.000
0.000
0.000
0.000
0.000
0.000
0.000
0.000
0.000
0.000
0.000
0.000
0.078
0.000
0.000
0.000
0.000
0.000
0.000
0.000
0.000
0.000
0.000
0.000
0.000
0.000
0.000
0.000
0.146
0.335
0.405
0.394
0.455
0.386
0.366
0.344
0.292
0.146
0.000
0.312
0.206
0.135
0.165
0.312
0.270
0.297
0.174
0.227
0.335
0.253
0.247
0.326
0.340
0.321
0.302
0.221
0.431
0.366
0.366
0.055
0.000
0.123
0.000
0.000
0.000
0.174
0.000
0.055
0.146
0.000
0.000
0.000
0.000
0.000
0.000
0.156
0.286
0.326
0.420
0.451
0.370
0.259
0.378
0.434
0.340
0.529
0.520
0.253
0.286
0.292
0.276
0.191
0.123
0.214
0.000
0.174
0.123
0.055
0.199
0.095
0.000
0.095
0.000
0.000
0.000
0.095
0.078
0.055
0.206
0.214
0.206
0.321
0.673
0.671
0.496
0.680
0.758
0.633
0.717
0.520
0.740
0.712
0.565
0.543
0.708
0.606
1.024
1.075
0.727
0.591
0.736
0.704
0.693
0.906
0.852
0.648
0.894
0.968
0.927
0.887
0.896
0.619
0.879
0.770
0.919
0.700
0.843
0.901
0.955
0.918
0.942
0.916
0.851
0.903
0.929
0.821
0.891
0.725
0.638
0.641
0.586
0.474
0.508
0.570
0.648
0.493
0.297
0.666
0.448
0.427
0.405
0.253
0.123
0.270
0.135
0.264
0.461
0.423
0.286
0.240
0.353
0.409
0.557
0.594
0.568
0.537
0.581
0.611
0.614
0.594
0.398
0.444
0.586
0.591
0.493
0.493
0.793
0.758
0.689
0.606
0.633
0.621
0.549
0.752
0.731
0.782
0.624
0.758
0.725
0.845
0.887
0.961
0.969
0.961
0.875
0.441
0.398
0.721
0.490
0.537
0.427
0.378
0.366
0.276
0.434
0.353
0.156
0.227
0.240
0.234
0.227
0.206
0.183
0.183
0.240
0.165
0.234
0.214
0.214
0.326
0.214
0.165
0.253
0.240
0.110
0.000
0.000
0.165
0.000
0.156
0.146
0.000
0.000
0.123
0.055
0.000
0.000
0.000
0.000
0.000
0.000
0.123
0.227
0.000
0.000
0.000
0.000
0.000
0.000
0.000
0.000
0.000
0.000
0.000
0.000
0.000
0.135
0.000
0.000
0.000
0.000
0.000
0.078
0.000
0.156
0.000
0.000
0.000
0.000
0.135
0.000
0.000
0.174
0.000
0.000
0.000
0.000
0.000
0.000
0.000
0.055
0.000
0.000
0.000
0.000
0.000
0.349
0.000
0.000
0.000
0.000
0.000
0.000
0.078
0.000
0.000
0.000
0.000
0.000
0.000
0.000
0.055
0.078
0.078
0.000
0.000
0.000
0.000
0.146
0.000
0.000
0.000
0.000
0.000
0.000
0.000
0.000
0.000
0.206
0.156
0.000
0.078
0.000
0.000
0.000
0.000
0.000
0.000
0.000
0.000
0.000
0.000
0.000
0.000
0.000
0.095
0.000
0.000
0.000
0.000
0.000
0.000
0.000
0.000
0.000
0.000
0.000
0.000
0.000
0.000
0.000
0.000
0.000
0.000
0.000
0.000
0.000
0.000
0.000
0.000
0.000
0.000
0.000
0.174
0.000
0.000
0.000
0.000
0.000
0.000
0.000
0.000
0.000
0.000
0.000
0.000
0.095
0.000
0.000
0.000
0.000
0.000
0.000
0.000
0.000
0.000
0.000
0.000
0.000
0.000
0.000
0.000
0.000
0.000
0.000
0.000
0.055
0.000
0.000
0.000
0.000
0.000
0.078
0.000
0.000
0.000
0.078
0.000
0.095
0.000
0.000
0.349
0.135
0.000
0.000
0.000
0.000
0.000
0.000
0.000
0.234
0.000
0.000
0.000
0.000
0.000
0.000
0.000
0.000
0.000
0.000
0.000
0.000
0.000
0.156
0.321
0.206
0.227
0.206
0.286
0.264
0.302
0.221
0.214
0.276
0.317
0.191
0.199
0.281
0.297
0.374
0.374
0.214
0.353
0.302
0.270
0.247
0.259
0.078
0.135
0.349
0.206
0.276
0.286
0.331
0.321
0.331
0.240
0.286
0.264
0.259
0.191
0.292
0.240
0.253
0.259
0.240
0.183
0.247
0.240
0.270
0.234
0.206
0.357
0.264
0.270
0.264
0.247
0.240
0.312
0.240
0.390
0.214
0.312
0.191
0.270
0.307
0.191
0.362
0.240
0.276
0.227
0.297
0.312
0.297
0.259
0.253
0.206
0.174
0.234
0.253
0.321
0.174
0.302
0.281
0.214
0.349
0.362
0.321
0.326
0.286
0.297
0.240
0.191
0.401
0.292
0.307
0.264
0.370
0.270
0.227
0.286
0.340
0.344
0.326
0.378
0.409
0.326
0.335
0.156
0.183
0.253
0.374
0.374
0.240
0.292
0.214
0.240
0.259
0.240
0.165
0.221
0.374
0.302
0.234
0.286
0.335
0.321
0.165
0.240
0.247
0.227
0.165
0.234
0.312
0.370
0.259
0.317
0.349
0.331
0.174
0.353
0.110
0.331
0.292
0.146
0.240
0.191
0.240
0.234
0.174
0.146
0.110
0.321
0.259
0.349
0.353
0.135
0.259
0.312
0.297
0.366
0.390
0.366
0.496
0.560
0.335
0.259
0.441
0.000
0.156
0.221
0.000
0.000
0.000
0.146
0.000
0.110
0.191
0.199
0.055
0.000
0.331
0.335
0.344
0.423
0.511
0.444
0.344
0.611
0.465
0.394
0.444
0.609
0.438
0.565
0.416
0.444
0.468
0.413
0.438
0.307
0.477
0.234
0.292
0.441
0.253
0.302
0.362
0.398
0.281
0.292
0.302
0.000
0.078
0.000
0.000
0.000
0.000
0.000
0.000
0.078
0.000
0.000
0.000
0.000
0.000
0.000
0.078
0.000
0.000
0.326
0.000
0.000
0.000
0.000
0.000
0.000
0.000
0.000
0.146
0.000
0.000
0.000
0.000
0.156
0.000
0.000
0.000
0.000
0.000
0.000
0.000
0.000
0.000
0.000
0.000
0.000
0.000
0.000
0.000
0.000
0.000
0.000
0.000
0.000
0.000
0.000
0.000
0.000
0.000
0.000
0.000
0.000
0.000
0.000
0.000
0.000
0.206
0.000
0.000
0.000
0.000
0.214
0.000
0.000
0.000
0.055
0.000
0.000
0.000
0.000
0.000
0.000
0.000
0.095
0.000
0.000
0.000
0.000
0.000
0.000
0.000
0.000
0.000
0.000
0.000
0.000
0.000
0.000
0.000
0.000
0.000
0.000
0.000
0.000
0.000
0.000
0.000
0.000
0.000
0.000
0.000
0.000
0.000
0.000
0.000
0.000
0.000
0.000
0.000
0.000
0.000
0.000
0.000
0.000
0.000
0.000
0.000
0.000
0.000
0.000
0.000
0.000
0.000
0.000
0.000
0.000
0.000
0.000
0.000
0.000
0.000
0.000
0.000
0.000
0.331
0.000
0.000
0.000
0.110
0.000
0.000
0.000
0.000
0.000
0.000
0.000
0.000
0.000
0.000
0.000
0.000
0.000
0.000
0.000
0.000
0.000
0.000
0.000
0.000
0.000
0.000
0.000
0.000
0.000
0.000
0.000
0.000
0.000
0.000
0.000
0.000
0.000
0.000
0.000
0.000
0.000
0.000
0.000
0.000
0.000
0.000
0.000
0.000
0.000
0.000
0.000
0.000
0.000
0.000
0.000
0.000
0.000
0.000
0.191
0.000
0.000
0.000
0.078
0.000
0.146
0.191
0.000
0.095
0.000
0.110
0.000
0.000
0.055
0.000
0.000
0.000
0.000
0.000
0.000
0.000
0.000
0.000
0.000
0.000
0.000
0.000
0.000
0.000
0.000
0.000
0.000
0.000
0.000
0.000
0.000
0.000
0.000
0.110
0.055
0.000
0.000
0.000
0.156
0.174
0.000
0.000
0.000
0.000
0.000
0.000
0.000
0.000
0.000
0.000
0.000
0.000
0.000
0.000
0.000
0.000
0.000
0.000
0.000
0.000
0.326
0.000
0.055
0.000
0.000
0.000
0.000
0.000
0.000
0.000
0.000
0.000
0.000
0.000
0.000
0.000
0.000
0.000
0.000
0.000
0.000
0.000
0.000
0.000
0.000
0.000
0.000
0.000
0.000
0.000
0.000
0.055
0.000
0.000
0.000
0.000
0.000
0.000
0.000
0.000
0.000
0.000
0.000
0.000
0.000
0.000
0.000
0.000
0.000
0.000
0.000
0.000
0.000
0.000
0.000
0.000
0.000
0.000
0.000
0.000
0.000
0.000
0.000
0.000
0.000
0.000
0.000
0.000
0.000
0.000
0.000
0.000
0.000
0.110
0.000
0.000
0.000
0.000
0.000
0.095
0.055
0.000
0.000
0.000
0.000
0.000
0.000
0.000
0.000
0.000
0.000
0.000
0.000
0.000
0.000
0.000
0.000
0.206
0.078
0.000
0.000
0.000
0.000
0.000
0.000
0.000
0.000
0.000
0.000
0.000
0.000
0.000
0.000
0.000
0.000
0.000
0.000
0.000
0.000
0.000
0.000
0.000
0.000
0.000
0.000
0.247
0.000
0.000
0.000
0.078
0.000
0.000
0.000
0.000
0.000
0.000
0.000
0.000
0.000
0.000
0.000
0.000
0.000
0.000
0.000
0.000
0.000
0.000
0.000
0.000
0.000
0.000
0.000
0.000
0.000
0.000
0.000
0.000
0.078
0.000
0.000
0.000
0.000
0.000
0.000
0.000
0.000
0.000
0.000
0.000
0.000
0.000
0.095
0.000
0.000
0.000
0.000
0.000
0.000
0.000
0.000
0.000
0.000
0.110
0.110
0.000
0.095
0.000
0.000
0.110
0.000
0.000
0.000
0.000
0.135
0.000
0.206
0.123
0.095
0.214
0.000
0.000
0.000
0.000
0.110
0.095
0.000
0.000
0.000
0.000
0.000
0.000
0.078
0.000
0.000
0.000
0.000
0.000
0.000
0.000
0.000
0.000
0.000
0.000
0.000
0.000
0.000
0.110
0.000
0.000
0.000
0.000
0.000
0.000
0.000
0.000
0.000
0.110
0.000
0.000
0.000
0.000
0.000
0.000
0.000
0.000
0.000
0.000
0.000
0.000
0.286
0.000
0.000
0.000
0.000
0.000
0.000
0.000
0.000
0.000
0.000
0.000
0.000
0.000
0.000
0.000
0.000
0.000
0.000
0.000
0.000
0.000
0.000
0.000
0.000
0.000
0.000
0.000
0.000
0.000
0.000
0.000
0.000
0.000
0.000
0.000
0.000
0.000
0.000
0.000
0.000
0.000
0.000
0.000
0.000
0.000
0.000
0.000
0.000
0.000
0.000
0.110
0.000
0.000
0.000
0.000
0.000
0.000
0.000
0.000
0.000
0.000
0.000
0.000
0.000
0.000
0.000
0.095
0.000
0.000
0.000
0.000
0.000
0.055
0.000
0.055
0.000
0.000
0.000
0.000
0.000
0.000
0.000
0.123
0.000
0.000
0.000
0.000
0.000
0.000
0.000
0.000
0.000
0.000
0.000
0.000
0.000
0.000
0.000
0.000
0.000
0.000
0.000
0.000
0.000
0.000
0.000
0.000
0.000
0.000
0.000
0.000
0.000
0.095
0.000
0.000
0.000
0.000
0.000
0.000
0.000
0.000
0.000
0.000
0.000
0.331
0.135
0.000
0.000
0.000
0.000
0.000
0.183
0.000
0.000
0.000
0.000
0.000
0.000
0.000
0.000
0.000
0.000
0.000
0.000
0.000
0.000
0.000
0.000
0.000
0.000
0.000
0.000
0.000
0.000
0.000
0.000
0.000
0.000
0.000
0.110
0.135
0.000
0.000
0.000
0.000
0.000
0.000
0.000
0.000
0.000
0.000
0.000
0.000
0.000
0.000
0.000
0.000
0.000
0.000
0.000
0.000
0.000
0.000
0.000
0.000
0.000
0.000
0.000
0.095
0.000
0.000
0.000
0.000
0.078
0.000
0.078
0.000
0.000
0.000
0.000
0.000
0.000
0.000
0.000
0.000
0.000
0.000
0.000
0.000
0.000
0.000
0.000
0.000
0.000
0.000
0.000
0.000
0.000
0.000
0.000
0.000
0.095
0.000
0.000
0.000
0.000
0.000
0.000
0.000
0.000
0.000
0.000
0.000
0.000
0.000
0.000
0.000
0.078
0.000
0.000
0.000
0.000
0.000
0.000
0.000
0.000
0.000
0.000
0.000
0.335
0.000
0.000
0.095
0.000
0.000
0.000
0.000
0.000
0.000
0.000
0.000
0.000
0.000
0.000
0.000
0.110
0.000
0.000
0.000
0.000
0.000
0.000
0.000
0.000
0.000
0.000
0.000
0.000
0.000
0.000
0.000
0.000
0.156
0.000
0.000
0.078
0.000
0.000
0.000
0.000
0.000
0.321
0.378
0.344
0.264
0.259
0.156
0.206
0.183
0.240
0.259
0.264
0.135
0.286
0.335
0.135
0.165
0.191
0.253
0.227
0.240
0.221
0.240
0.286
0.340
0.276
0.183
0.110
0.156
0.221
0.146
0.183
0.191
0.264
0.156
0.240
0.165
0.199
0.227
0.281
0.276
0.078
0.253
0.174
0.174
0.199
0.331
0.270
0.234
0.234
0.165
0.199
0.240
0.000
0.095
0.146
0.000
0.078
0.000
0.000
0.000
0.156
0.183
0.000
0.000
0.000
0.146
0.206
0.297
0.292
0.340
0.487
0.206
0.386
0.221
0.477
0.496
0.526
0.551
0.259
0.214
0.760
0.529
0.493
0.520
0.398
0.490
0.686
0.302
0.259
0.297
0.557
0.370
0.570
0.715
0.405
0.420
0.529
0.581
0.357
0.560
0.565
0.535
0.684
0.514
0.401
0.286
0.357
0.378
0.390
0.374
0.292
0.240
0.165
0.240
0.206
0.214
0.000
0.000
0.000
0.227
0.717
0.631
0.281
0.382
0.165
0.165
0.214
0.206
0.146
0.227
0.247
0.191
0.135
0.095
0.214
0.000
0.000
0.174
0.078
0.135
0.174
0.000
0.264
0.307
0.281
0.123
0.000
0.000
0.110
0.000
0.000
0.000
0.095
0.000
0.000
0.000
0.000
0.165
0.000
0.000
0.123
0.135
0.000
0.156
0.078
0.146
0.000
0.000
0.000
0.000
0.174
0.000
0.000
0.000
0.123
0.000
0.000
0.000
0.000
0.000
0.000
0.000
0.000
0.000
0.000
0.307
0.000
0.302
0.335
0.281
0.199
0.344
0.526
0.366
0.234
0.366
0.214
0.000
0.349
0.362
0.366
0.206
0.490
0.458
0.292
0.374
0.317
0.441
0.465
0.441
0.441
0.390
0.677
0.438
0.591
0.657
0.508
0.708
0.551
0.568
0.496
0.326
0.401
0.499
0.405
0.409
0.474
0.326
0.326
0.378
0.247
0.221
0.253
0.253
0.234
0.568
0.517
0.621
0.420
0.398
0.390
0.520
0.398
0.766
0.297
0.416
0.331
0.302
0.326
0.307
0.247
0.317
0.366
0.420
0.240
0.227
0.206
0.110
0.312
0.247
0.247
0.183
0.095
0.123
0.174
0.146
0.199
0.146
0.349
0.624
0.413
0.302
0.297
0.302
0.420
0.398
0.331
0.526
0.546
0.657
0.416
0.259
0.702
0.416
0.708
0.936
0.601
0.586
0.629
0.636
0.586
0.455
0.490
0.554
0.576
0.423
0.335
0.416
0.496
0.591
0.638
0.619
0.394
0.471
0.606
0.666
0.535
0.353
0.517
0.434
0.490
0.511
0.386
0.551
0.490
0.427
0.578
0.444
0.543
0.378
0.487
0.520
0.562
0.448
0.416
0.451
0.461
0.520
0.540
0.557
0.286
0.292
0.583
0.448
0.502
0.240
0.307
0.374
0.529
0.458
0.302
0.335
0.302
0.335
0.589
0.386
0.502
0.474
0.570
0.382
0.317
0.286
0.270
0.253
0.362
0.394
0.191
0.344
0.353
0.264
0.312
0.253
0.434
0.390
0.448
0.465
0.520
0.413
0.307
0.191
0.191
0.156
0.055
0.123
0.191
0.156
0.146
0.420
0.471
0.409
0.458
0.416
0.357
0.206
0.221
0.183
0.335
0.307
0.458
0.276
0.362
0.349
0.366
0.281
0.353
0.165
0.276
0.259
0.199
0.000
0.357
0.382
0.286
0.270
0.199
0.599
0.394
0.511
0.668
0.481
0.344
0.259
0.321
0.221
0.199
0.055
0.000
0.135
0.481
0.326
0.532
0.423
0.458
0.576
0.520
0.655
0.648
0.487
0.493
0.427
0.532
0.591
0.586
0.549
0.626
0.770
0.657
0.616
0.657
0.508
0.638
0.394
0.549
0.427
0.401
0.493
0.438
0.312
0.374
0.633
0.508
0.756
0.631
0.234
0.441
0.434
0.374
0.455
0.416
0.455
0.594
0.576
0.468
0.554
0.537
0.629
0.502
0.394
0.474
0.493
0.523
0.554
0.570
0.523
0.664
0.657
0.326
0.532
0.517
0.493
0.427
0.259
0.286
0.353
0.199
0.331
0.511
0.702
0.691
0.633
0.382
0.609
0.648
0.657
0.465
0.611
0.664
0.554
0.583
0.508
0.508
0.554
0.458
0.604
0.434
0.554
0.423
0.394
0.710
0.532
0.312
0.511
0.511
0.444
0.508
0.468
0.312
0.413
0.573
0.366
0.281
0.317
0.191
0.247
0.253
0.626
0.511
0.349
0.557
0.508
0.481
0.438
0.353
0.562
0.523
0.292
0.199
0.286
0.455
0.543
0.520
0.416
0.540
0.477
0.583
0.461
0.448
0.448
0.638
0.576
0.546
0.633
0.502
0.666
0.675
0.616
0.560
0.434
0.568
0.636
0.693
0.378
0.427
0.776
0.638
0.543
0.502
0.420
0.362
0.477
0.423
0.487
0.560
0.317
0.455
0.638
0.551
0.394
0.416
0.645
0.560
0.557
0.366
