0.687
0.856
0.856
0.883
0.930
0.893
0.928
0.996
0.956
1.005
0.971
0.991
0.988
0.979
0.887
1.033
0.978
0.914
0.943
0.829
0.873
0.866
0.837
0.852
0.786
0.839
0.767
0.744
0.915
0.882
0.663
0.740
0.394
0.579
0.663
0.516
0.734
0.758
0.715
0.674
0.661
0.477
0.542
0.655
0.809
0.450
0.689
0.859
0.989
1.020
1.001
1.002
1.006
1.017
0.979
0.988
0.951
1.006
0.979
0.993
0.947
1.004
1.000
0.975
0.949
0.967
0.873
0.914
0.732
0.760
0.763
0.909
0.708
0.638
0.579
0.519
0.634
0.697
0.826
0.760
0.625
0.504
0.821
0.771
0.685
0.469
0.401
0.725
0.681
0.652
0.767
0.730
0.797
0.806
0.770
0.784
0.815
0.734
0.757
0.781
0.778
0.793
0.724
0.727
0.553
0.690
0.848
0.810
0.858
0.839
0.851
0.896
0.804
0.856
0.839
0.648
0.839
0.821
0.852
0.853
0.883
0.912
0.919
0.955
0.928
0.818
0.856
0.826
0.763
0.831
0.914
1.012
0.990
0.991
0.951
0.720
0.542
0.734
1.013
0.893
0.846
0.795
0.754
0.792
0.911
0.865
0.943
1.001
0.986
0.970
0.958
0.998
0.994
1.027
1.048
1.004
0.784
0.348
0.310
0.199
0.238
0.735
0.916
0.967
0.940
0.970
0.979
0.952
0.883
0.901
0.941
0.881
0.703
0.815
0.771
0.737
0.813
0.829
0.859
0.648
0.804
0.663
0.524
0.812
0.526
0.542
0.711
0.781
0.727
0.715
0.784
0.781
0.837
0.792
0.696
0.717
0.678
0.758
0.745
0.646
0.650
0.760
0.701
0.667
0.783
0.579
0.615
0.806
0.697
0.575
0.623
0.584
0.631
0.669
0.672
0.681
0.655
0.564
0.803
0.868
0.932
0.961
0.957
0.829
0.926
0.887
0.849
0.889
0.889
0.815
0.809
0.865
0.681
0.853
0.872
0.900
0.837
0.737
0.851
0.887
0.834
0.919
0.972
0.956
1.028
1.018
0.964
1.029
0.920
0.882
0.851
0.826
0.711
0.724
0.696
0.903
1.007
0.996
0.999
0.999
0.958
0.945
0.970
0.935
0.956
0.894
0.943
0.975
0.849
0.672
0.864
0.846
0.755
0.820
0.887
0.856
0.926
0.944
0.934
0.923
0.829
0.862
0.886
0.890
0.865
0.663
0.594
0.542
0.590
0.734
0.687
0.843
0.779
0.871
0.773
0.843
0.469
0.611
0.562
0.663
0.807
0.900
0.717
0.779
0.678
0.801
0.710
0.450
0.775
0.734
0.767
0.646
0.575
0.594
0.681
0.625
0.683
0.638
0.605
0.775
0.754
0.768
0.598
0.625
0.823
0.767
0.858
0.886
0.797
0.866
0.806
0.911
0.754
0.821
0.914
0.943
0.734
0.919
0.919
0.897
0.922
0.948
0.927
0.729
0.896
0.818
0.837
0.945
0.975
0.964
1.021
0.981
1.022
0.961
0.955
0.887
0.871
0.744
0.760
0.912
0.722
0.701
0.404
0.669
0.735
0.672
0.843
0.861
0.706
0.924
1.011
0.988
0.776
0.853
0.749
0.861
1.047
0.862
0.979
1.011
1.034
1.026
0.944
0.915
0.978
0.991
1.018
0.881
0.875
0.795
0.914
0.935
0.909
0.872
0.878
0.915
0.905
0.936
0.934
0.836
0.845
0.813
0.687
0.798
0.729
0.701
0.742
0.497
0.553
0.617
0.657
0.804
0.667
0.876
0.839
0.725
0.676
0.636
0.602
0.703
0.487
0.492
0.600
0.634
0.717
0.787
0.594
0.851
0.732
0.803
0.932
0.934
0.894
0.812
0.862
0.708
0.696
0.742
0.768
0.760
0.865
0.830
0.859
0.816
0.858
0.856
0.861
0.692
0.770
0.873
0.879
0.897
0.886
0.903
0.765
0.852
0.869
0.875
0.843
0.899
0.875
0.779
0.890
0.800
0.827
0.803
0.798
0.831
0.720
0.798
0.934
0.767
0.975
0.868
0.742
0.915
1.002
0.961
0.839
0.889
0.797
0.827
0.793
0.710
0.729
0.839
0.724
0.771
0.912
0.932
1.009
1.002
0.966
0.625
0.908
0.803
0.875
0.931
0.962
0.931
0.947
0.971
0.967
0.971
0.953
0.986
0.952
0.927
0.881
0.919
0.875
0.873
0.869
0.598
0.542
0.713
0.704
0.763
0.890
0.849
0.703
0.768
0.644
0.617
0.737
0.482
0.602
0.745
0.833
0.849
0.760
0.800
0.890
0.922
0.890
0.912
0.905
0.685
0.602
0.537
0.598
0.504
0.509
0.318
0.294
0.222
0.192
0.122
0.306
0.326
0.930
0.957
0.703
0.912
0.931
0.953
0.957
0.931
0.966
0.983
0.947
0.996
0.962
0.985
1.016
0.687
0.864
0.994
0.878
0.385
0.425
0.450
0.416
0.362
0.433
0.504
0.519
0.330
0.238
0.665
0.542
0.471
0.461
0.524
0.444
0.499
0.407
0.362
0.369
0.422
0.416
0.413
0.461
0.290
0.382
0.378
0.509
0.419
0.330
0.577
0.484
0.492
0.455
0.388
0.362
0.439
0.310
0.407
0.613
0.690
0.358
0.497
0.533
0.477
0.430
0.425
0.394
0.306
0.499
0.477
0.179
0.199
0.000
0.186
0.238
0.351
0.000
0.000
0.000
0.000
0.000
0.086
0.238
0.000
0.253
0.000
0.179
0.000
0.179
0.131
0.000
0.000
0.122
0.172
0.131
0.000
0.131
0.000
0.122
0.000
0.165
0.172
0.050
0.000
0.000
0.000
0.000
0.000
0.000
0.111
0.000
0.000
0.000
0.000
0.000
0.000
0.547
0.553
0.318
0.179
0.277
0.290
0.285
0.211
0.281
0.217
0.337
0.211
0.362
0.179
0.205
0.233
0.318
0.351
0.401
0.388
0.404
0.365
0.294
0.285
0.294
0.294
0.348
0.186
0.372
0.310
0.258
0.277
0.330
0.450
0.455
0.141
0.458
0.341
0.382
0.326
0.512
0.648
0.573
0.444
0.436
0.455
0.482
0.302
0.401
0.372
0.372
0.253
0.372
0.382
0.355
0.385
0.433
0.341
0.447
0.344
0.407
0.337
0.494
0.430
0.413
0.248
0.358
0.211
0.385
0.333
0.314
0.228
0.290
0.326
0.272
0.099
0.000
0.050
0.205
0.050
0.000
0.000
0.149
0.099
0.382
0.000
0.000
0.000
0.000
0.422
0.708
0.889
0.931
0.964
0.939
0.916
0.955
0.775
0.975
0.869
0.952
0.876
0.789
0.829
0.757
0.667
0.706
0.837
0.579
0.592
0.715
0.398
0.640
0.404
0.575
0.439
0.398
0.455
0.394
0.607
0.776
0.670
0.790
0.823
0.755
0.571
0.654
0.722
0.678
0.710
0.458
0.494
0.560
0.579
0.514
0.544
0.310
0.734
0.636
0.648
0.638
0.447
0.582
0.542
0.631
0.685
0.646
0.535
0.558
0.627
0.526
0.577
0.306
0.348
0.453
0.385
0.521
0.704
0.375
0.553
0.540
0.757
0.627
0.573
0.827
0.820
0.789
0.949
0.930
0.943
0.967
0.920
0.918
0.923
0.911
0.967
0.993
1.004
0.978
0.855
0.965
0.986
0.978
0.967
0.812
0.936
0.889
0.920
0.887
0.951
0.869
0.899
0.699
0.696
0.667
0.770
0.803
0.734
0.617
0.542
0.521
0.807
0.893
0.815
0.676
0.823
0.855
0.582
0.778
0.752
0.744
0.757
0.588
0.602
0.670
0.447
0.670
0.739
0.768
0.843
0.754
0.735
0.710
0.617
0.657
0.584
0.571
0.638
0.447
0.509
0.619
0.674
0.516
0.605
0.661
0.646
0.602
0.646
0.730
0.752
0.378
0.577
0.623
0.494
0.514
0.560
0.715
0.551
0.602
0.652
0.499
0.665
0.687
0.710
0.789
0.760
0.717
0.750
0.807
0.806
0.813
0.831
0.845
0.792
0.787
0.747
0.778
0.815
0.890
0.833
0.873
0.783
0.804
0.813
0.806
0.843
0.943
0.905
0.940
0.798
0.798
0.792
0.875
0.739
0.837
0.934
0.889
0.986
0.908
0.767
0.615
0.696
0.784
0.886
0.745
0.837
0.893
0.875
0.953
0.842
1.046
1.073
0.972
0.986
0.974
0.994
0.993
0.955
0.858
0.909
0.879
0.812
0.856
0.804
0.905
0.966
0.983
0.972
0.967
0.951
0.912
0.903
0.859
0.892
0.881
0.887
0.582
0.818
0.767
0.762
0.745
0.667
0.602
0.631
0.713
0.598
0.519
0.763
0.703
0.747
0.757
0.479
0.833
0.768
0.775
0.689
0.804
0.784
0.881
0.904
0.956
0.901
0.923
0.952
0.957
0.994
1.004
0.996
1.012
1.009
1.018
1.011
0.994
0.983
1.028
1.010
1.054
0.866
0.970
0.984
0.901
0.778
0.680
0.792
0.886
0.778
0.447
0.330
0.588
0.425
0.413
0.484
0.657
0.778
0.930
0.915
0.801
0.843
0.955
1.007
1.017
1.029
1.016
0.985
0.949
0.914
0.826
0.904
0.926
0.956
0.960
0.956
0.955
0.919
0.909
0.914
0.846
0.899
0.871
0.859
0.855
0.812
0.617
0.678
0.629
0.868
0.773
0.654
0.840
0.720
0.444
0.613
0.652
0.763
0.521
0.868
0.809
0.823
0.730
0.824
0.813
0.611
0.549
0.427
0.487
0.474
0.575
0.654
0.789
0.786
0.594
0.607
0.745
0.813
0.703
0.642
0.744
0.750
0.735
0.710
0.696
0.526
0.507
0.648
0.609
0.646
0.611
0.789
0.795
0.674
0.644
0.762
0.689
0.711
0.776
0.607
0.713
0.598
0.670
0.699
0.369
0.542
0.692
0.757
0.830
0.837
0.922
0.893
0.941
1.001
1.023
0.991
0.918
0.812
0.834
0.821
0.747
0.685
0.737
0.742
0.744
0.665
0.840
0.742
0.752
0.820
0.752
0.783
0.840
0.706
0.971
0.965
0.861
0.882
0.984
0.970
0.908
0.787
0.642
0.683
0.831
0.683
0.701
0.613
0.815
0.807
0.886
0.900
0.896
0.920
0.976
1.011
1.036
1.013
0.986
1.013
0.994
0.949
0.958
0.951
0.923
0.920
0.923
0.952
0.969
0.967
0.956
0.949
0.922
0.846
0.715
0.623
0.749
0.422
0.619
0.575
0.787
0.865
0.786
0.855
0.776
0.623
0.634
0.551
0.453
0.655
0.683
0.648
0.602
0.833
0.872
0.820
0.744
0.815
0.855
0.803
0.806
0.638
0.584
0.821
0.875
0.856
0.866
0.843
0.771
0.848
0.823
0.837
0.852
0.876
0.871
0.840
0.830
0.869
0.878
0.827
0.704
0.678
0.824
0.813
0.862
0.859
0.893
0.932
0.920
0.940
0.839
0.787
0.771
0.806
0.717
0.755
0.755
0.775
0.758
0.760
0.801
0.912
0.781
0.972
0.934
0.985
0.872
0.823
0.745
0.966
0.879
0.758
0.781
0.875
0.881
0.765
0.734
0.908
0.952
0.965
0.934
0.971
0.930
0.577
0.837
0.868
0.562
0.573
0.348
0.351
0.131
0.253
0.248
0.192
0.277
0.268
0.199
0.228
0.243
0.318
0.290
0.233
0.258
0.211
0.205
0.318
0.281
0.351
0.205
0.326
0.272
0.302
0.369
0.463
0.362
0.382
0.314
0.192
0.385
0.398
0.444
0.318
0.385
0.413
0.444
0.333
0.375
0.355
0.358
0.310
0.355
0.310
0.314
0.330
0.372
0.348
0.306
0.298
0.277
0.398
0.378
0.362
0.263
0.310
0.351
0.391
0.277
0.351
0.306
0.263
0.382
0.358
0.442
0.407
0.302
0.337
0.344
0.365
0.310
0.365
0.302
0.306
0.337
0.516
0.427
0.186
0.217
0.205
0.263
0.205
0.070
0.099
0.192
0.149
0.000
0.000
0.131
0.000
0.050
0.099
0.000
0.000
0.410
0.697
0.410
0.489
0.911
0.924
0.775
0.569
0.818
0.781
0.885
0.966
0.999
1.022
0.990
0.962
0.994
0.924
0.931
0.935
0.924
0.923
0.584
0.685
0.900
0.899
0.831
0.770
0.638
0.784
0.833
0.683
0.737
0.607
0.750
0.642
0.701
0.492
0.567
0.708
0.690
0.801
0.886
0.696
0.754
0.742
0.790
0.745
0.640
0.722
0.636
0.619
0.602
0.851
0.851
0.821
0.770
0.897
0.829
0.834
0.882
0.909
0.890
0.952
0.938
0.944
0.866
0.703
0.911
0.930
0.932
0.607
0.667
0.849
0.725
0.489
0.611
0.592
0.722
0.564
0.268
0.211
0.272
0.131
0.211
0.099
0.419
0.760
0.685
0.447
0.365
0.333
0.326
0.369
0.228
0.186
0.000
0.258
0.000
0.000
0.192
0.000
0.050
0.000
0.000
0.868
0.689
0.238
0.192
0.192
0.404
0.499
0.590
0.531
0.416
0.172
0.172
0.199
0.122
0.141
0.157
0.131
0.070
0.050
0.122
0.070
0.000
0.000
0.050
0.149
0.000
0.000
0.000
0.122
0.000
0.000
0.099
0.000
0.000
0.086
0.000
0.141
0.131
0.000
0.000
0.050
0.000
0.272
0.281
0.172
0.310
0.258
0.149
0.199
0.000
0.192
0.165
0.131
0.099
0.285
0.670
0.778
0.734
0.876
0.885
0.718
0.890
0.829
0.881
0.823
0.762
0.823
0.897
0.927
1.042
0.960
0.479
1.007
0.993
0.983
0.853
0.892
0.993
0.955
0.949
0.967
0.971
0.900
0.830
0.861
0.859
0.869
0.739
0.944
0.900
0.763
0.845
0.980
1.016
0.991
0.995
0.961
0.820
0.920
0.896
0.948
0.890
0.930
0.952
0.931
0.961
0.961
0.878
0.928
0.862
0.840
0.771
0.636
0.754
0.876
0.813
0.848
0.852
0.444
0.263
0.050
0.000
0.521
0.442
0.179
0.099
0.502
0.560
0.623
0.582
0.425
0.657
0.692
0.611
0.607
0.710
0.773
0.807
0.650
0.823
0.732
0.820
0.823
0.687
0.750
0.636
0.737
0.763
0.703
0.839
0.783
0.883
0.842
0.872
0.869
0.928
0.926
0.930
0.943
0.953
0.980
0.989
0.984
1.013
0.994
1.011
1.011
1.013
0.989
0.978
0.918
0.964
0.941
0.939
0.916
0.667
0.815
0.789
0.842
0.869
0.829
0.801
0.797
0.873
0.931
0.965
0.990
0.972
1.016
0.971
1.021
1.009
0.994
0.990
0.988
0.956
0.948
0.948
0.956
0.941
0.853
0.818
0.890
0.951
0.871
0.725
0.590
0.771
0.745
0.605
0.690
0.804
0.489
0.786
0.757
0.718
0.730
0.670
0.846
0.853
0.879
0.864
0.871
0.810
0.744
0.742
0.744
0.571
0.685
0.742
0.602
0.720
0.734
0.699
0.760
0.621
0.586
0.836
0.833
0.862
0.826
0.840
0.876
0.883
0.900
0.861
0.859
0.915
0.890
0.927
0.905
0.938
0.907
0.779
0.765
0.839
0.795
0.818
0.849
0.792
0.836
0.789
0.783
0.760
0.720
0.676
0.869
0.760
0.861
0.818
0.755
0.853
0.742
0.812
0.810
0.901
0.905
0.897
0.665
0.619
0.659
0.669
0.703
0.564
0.742
0.717
0.351
0.489
0.605
0.621
0.680
0.790
0.837
1.004
0.983
0.951
0.989
1.016
0.991
0.974
0.985
1.018
0.996
0.981
0.993
0.984
0.974
0.938
0.948
0.955
0.928
0.866
0.855
0.894
0.865
0.858
0.831
0.890
0.713
0.778
0.776
0.875
0.790
0.830
0.609
0.734
0.703
0.699
0.579
0.725
0.659
0.636
0.535
0.754
0.680
0.840
0.776
0.852
0.807
0.818
0.890
0.916
0.801
0.911
0.876
0.922
0.920
0.865
0.879
0.908
0.893
0.915
0.827
0.949
0.955
1.001
0.952
0.882
0.650
0.747
0.809
0.775
0.986
0.970
0.745
0.779
0.879
0.582
0.575
0.683
0.372
0.365
0.348
0.469
0.484
0.899
0.820
0.348
0.348
0.263
0.298
0.298
0.238
0.337
0.433
0.355
0.362
0.365
0.268
0.869
0.957
1.024
1.013
1.042
1.074
1.055
1.069
0.962
0.928
0.815
0.845
0.737
0.810
0.845
0.858
0.883
0.980
0.989
0.875
0.908
0.988
0.965
0.986
0.953
0.936
0.955
0.878
0.615
0.827
0.864
0.904
0.922
0.890
0.908
0.885
0.890
0.868
0.876
0.909
0.807
0.889
0.922
0.938
0.919
0.535
0.665
0.631
0.690
0.655
0.650
0.519
0.670
0.725
0.878
0.642
0.900
0.864
0.749
0.512
0.768
0.843
0.862
0.859
0.887
0.824
0.853
0.815
0.865
0.763
0.813
0.823
0.865
0.836
0.876
0.919
0.871
0.813
0.831
0.911
0.869
0.915
0.903
1.035
0.957
0.940
1.009
0.998
0.990
0.592
0.740
0.842
0.988
0.989
0.957
0.827
0.843
1.000
0.919
0.955
1.015
0.892
0.904
0.868
0.786
0.685
0.553
0.740
0.809
0.806
0.619
0.535
0.394
0.398
0.461
0.535
0.427
0.607
0.663
0.724
0.763
0.479
0.718
0.659
0.600
0.638
0.547
0.461
0.634
0.592
0.619
0.661
0.680
0.755
0.783
0.779
0.556
0.422
0.391
0.407
0.458
0.514
0.372
0.567
0.516
0.489
0.444
0.416
0.378
0.358
0.533
0.416
0.615
0.551
0.582
0.542
0.899
0.652
0.862
0.998
0.994
1.012
0.901
0.965
0.957
0.971
0.896
0.988
0.969
0.993
1.028
1.028
0.994
1.006
0.981
0.994
0.996
0.967
0.928
0.885
0.897
0.851
0.806
0.547
0.526
0.588
0.573
0.598
0.667
0.544
0.793
0.752
0.663
0.732
0.739
0.703
0.754
0.797
0.754
0.661
0.638
0.783
0.813
0.676
0.803
0.642
0.676
0.681
0.507
0.701
0.537
0.784
0.634
0.605
0.771
0.871
0.879
0.823
0.830
0.812
0.732
0.749
0.676
0.742
0.818
0.749
0.362
0.243
0.724
0.861
0.648
0.326
0.172
0.248
0.669
0.596
0.285
0.685
0.661
0.768
0.701
0.848
0.767
0.804
0.858
0.869
0.818
0.865
0.793
0.826
0.787
0.754
0.706
0.732
0.547
0.708
0.771
0.809
0.849
0.758
0.661
0.694
0.631
0.607
0.577
0.596
0.598
0.484
0.540
0.537
0.619
0.692
0.727
0.762
0.556
0.504
0.807
0.699
0.781
0.821
0.793
0.657
0.853
0.824
0.882
0.871
0.911
0.872
0.899
0.876
0.830
0.862
0.885
0.938
0.940
0.962
0.970
0.972
0.908
0.674
0.484
0.394
0.314
0.122
0.298
0.248
0.217
0.238
0.205
0.217
0.099
0.294
0.205
0.243
0.211
0.000
0.243
0.149
0.222
0.186
0.687
0.786
0.824
0.846
0.779
0.840
0.932
0.922
0.988
1.006
0.986
1.011
0.978
0.995
0.988
0.830
0.000
0.648
0.918
0.669
0.233
0.000
0.149
0.149
0.111
0.887
0.919
0.965
0.934
0.833
0.843
0.735
0.787
0.915
1.004
0.890
0.926
0.915
0.980
1.006
1.001
1.010
0.966
0.941
0.964
0.928
0.939
0.801
0.976
0.956
0.957
0.940
0.941
0.964
0.842
0.866
0.804
0.450
0.717
0.560
0.577
0.621
0.657
0.745
0.638
0.783
0.779
0.765
0.749
0.600
0.619
0.661
0.703
0.611
0.676
0.613
0.683
0.855
0.725
0.830
0.770
0.797
0.715
0.757
0.804
0.872
0.845
0.918
0.914
0.869
0.936
0.938
0.957
0.970
0.976
0.991
0.975
0.934
0.952
0.996
0.956
0.883
0.747
0.862
0.775
0.840
0.821
0.781
0.892
0.823
0.907
0.681
0.840
0.915
0.912
0.947
0.881
0.914
0.821
0.793
0.720
0.683
0.609
0.631
0.540
0.730
0.755
0.654
0.729
0.689
0.834
0.644
0.571
0.729
0.447
0.512
0.708
0.562
0.640
0.463
0.447
0.567
0.540
0.494
0.569
0.703
0.824
0.923
1.023
0.979
0.995
0.995
0.965
0.961
0.985
1.002
0.986
0.981
0.936
0.989
0.991
0.974
0.980
0.972
0.952
0.951
0.899
0.887
0.676
0.778
0.737
0.790
0.869
0.818
0.638
0.758
0.613
0.613
0.646
0.752
0.816
0.815
0.818
0.899
0.892
0.890
0.886
0.840
0.905
0.948
0.923
0.965
0.960
1.007
0.892
0.341
0.509
0.407
0.388
0.427
0.477
0.537
0.553
0.302
0.533
0.450
0.469
0.625
0.528
0.458
0.294
0.322
0.631
0.337
0.533
0.302
0.487
0.425
0.469
0.131
0.248
0.238
0.205
0.000
0.131
0.000
0.165
0.000
0.179
0.086
0.233
0.000
0.172
0.111
0.157
0.070
0.238
0.141
0.000
0.157
0.172
0.000
0.000
0.000
0.099
0.000
0.122
0.000
0.050
0.000
0.122
0.000
0.179
0.000
0.122
0.131
0.050
0.000
0.000
0.000
0.000
0.000
0.000
0.000
0.000
0.000
0.000
0.000
0.000
0.099
0.070
0.000
0.000
0.000
0.099
0.000
0.000
0.000
0.000
0.000
0.000
0.000
0.000
0.070
0.000
0.000
0.000
0.000
0.000
0.000
0.000
0.000
0.318
0.000
0.000
0.000
0.000
0.000
0.000
0.000
0.000
0.000
0.000
0.000
0.632
0.623
0.369
0.427
0.571
0.710
0.636
0.461
0.607
0.302
0.407
0.000
0.302
0.199
0.172
0.263
0.000
0.000
0.000
0.000
0.000
0.179
0.000
0.000
0.000
0.050
0.000
0.000
0.000
0.000
0.000
0.000
0.000
0.122
0.070
0.000
0.000
0.000
0.000
0.000
0.122
0.172
0.000
0.172
0.000
0.000
0.000
0.000
0.050
0.000
0.000
0.000
0.000
0.122
0.050
0.000
0.000
0.000
0.070
0.720
0.611
0.482
0.157
0.149
0.453
0.375
0.314
0.141
0.228
0.268
0.419
0.439
0.365
0.425
0.258
0.172
0.165
0.000
0.497
0.444
0.253
0.000
0.281
0.248
0.425
0.253
0.165
0.233
0.248
0.122
0.000
0.000
0.111
0.000
0.000
0.000
0.192
0.157
0.000
0.000
0.000
0.000
0.000
0.000
0.000
0.000
0.000
0.000
0.000
0.000
0.122
0.000
0.000
0.294
0.000
0.000
0.000
0.000
0.000
0.000
0.000
0.000
0.000
0.000
0.000
0.000
0.000
0.000
0.000
0.000
0.000
0.000
0.000
0.000
0.000
0.000
0.000
0.000
0.000
0.000
0.000
0.000
0.000
0.000
0.000
0.192
0.000
0.000
0.000
0.000
0.122
0.000
0.000
0.000
0.000
0.000
0.000
0.000
0.172
0.000
0.000
0.000
0.000
0.000
0.050
0.000
0.000
0.000
0.000
0.000
0.000
0.000
0.000
0.217
0.659
0.763
0.914
0.969
0.966
0.945
1.004
0.974
0.975
0.964
0.842
0.836
0.846
0.798
0.623
0.826
0.978
0.986
0.961
0.829
0.931
0.793
0.869
0.903
0.770
0.797
0.851
0.826
0.840
0.871
0.801
0.827
0.957
1.020
1.018
1.002
0.989
0.967
1.004
1.012
0.975
0.911
0.636
0.070
0.000
0.000
0.000
0.157
0.238
0.086
0.000
0.217
0.070
0.086
0.131
0.000
0.000
0.000
0.157
0.000
0.000
0.000
0.122
0.000
0.337
0.000
0.149
0.141
0.000
0.000
0.000
0.099
0.000
0.111
0.000
0.000
0.000
0.000
0.000
0.638
0.776
0.893
0.941
0.967
0.994
0.943
0.928
0.885
0.927
0.865
0.735
0.885
0.768
0.611
0.492
0.625
0.760
0.562
0.711
0.739
0.556
0.621
0.708
0.674
0.692
0.623
0.484
0.504
0.737
0.663
0.763
0.605
0.871
0.724
0.826
0.869
0.720
0.752
0.724
0.858
0.762
0.683
0.192
0.050
0.131
0.694
0.670
0.609
0.692
0.551
0.711
0.739
0.798
0.858
0.771
0.853
0.833
0.935
0.879
0.932
0.889
0.793
0.789
0.762
0.694
0.735
0.815
0.836
0.890
0.905
0.908
0.981
0.908
0.953
0.976
1.000
0.960
0.821
0.896
0.727
0.804
0.848
0.474
0.871
0.644
0.502
0.272
0.858
0.947
0.795
0.842
0.940
0.931
0.976
0.951
0.903
0.889
0.798
0.776
0.680
0.771
0.938
1.015
0.965
0.924
1.029
1.021
1.030
1.035
1.048
1.033
1.023
0.998
1.006
0.980
0.971
0.953
0.958
0.834
0.886
0.778
0.846
0.694
0.663
0.535
0.685
0.540
0.696
0.776
0.770
0.778
0.889
0.816
0.706
0.638
0.789
0.696
0.627
0.821
0.582
0.718
0.789
0.840
0.861
0.931
0.889
0.893
0.840
0.771
0.711
0.826
0.800
0.833
0.903
0.911
0.945
0.927
0.896
0.887
0.852
0.928
0.900
0.859
0.878
0.864
0.886
0.830
0.881
0.882
0.579
0.394
0.111
0.000
0.000
0.783
0.768
0.577
0.281
0.141
0.358
0.784
0.657
1.027
1.039
0.947
0.833
0.866
0.807
0.830
0.836
0.718
0.864
0.919
0.928
0.955
0.999
1.022
1.013
0.995
0.965
0.958
0.889
0.947
0.938
0.926
0.623
0.463
0.642
0.694
0.732
0.815
0.855
0.708
0.535
0.509
0.727
0.632
0.804
0.725
0.744
0.535
0.694
0.713
0.762
0.820
0.775
0.830
0.793
0.806
0.715
0.821
0.840
0.729
0.787
0.824
0.849
0.809
0.849
0.729
0.789
0.790
0.775
0.837
0.853
0.856
0.849
0.831
0.768
0.862
0.893
0.940
0.931
0.833
0.843
0.827
0.894
0.938
0.882
0.893
0.935
0.944
1.011
0.908
0.928
0.981
0.882
0.694
0.818
0.842
0.856
0.809
0.661
0.725
0.734
0.715
0.466
0.372
0.217
0.149
0.228
0.131
0.699
0.692
0.433
0.382
0.272
0.358
0.351
0.502
0.502
0.263
0.222
0.211
0.070
0.070
0.000
0.217
0.099
0.149
0.099
0.131
0.111
0.070
0.141
0.000
0.122
0.000
0.179
0.000
0.000
0.141
0.205
0.000
0.111
0.000
0.050
0.318
0.436
0.575
0.646
0.654
0.569
0.540
0.725
0.509
0.537
0.667
0.512
0.439
0.607
0.674
0.560
0.685
0.696
0.685
0.708
0.681
0.717
0.611
0.556
0.750
0.849
0.945
0.996
1.018
1.024
0.981
1.013
0.991
1.015
0.995
1.007
1.006
1.005
0.964
0.949
0.953
0.704
0.831
0.976
0.962
0.966
0.846
0.960
0.849
0.820
0.816
0.690
0.592
0.571
0.654
0.823
0.674
0.634
0.703
0.826
0.689
0.701
0.740
0.302
0.233
0.179
0.050
0.829
0.737
0.484
0.598
0.344
0.416
0.131
0.000
0.000
0.000
0.111
0.000
0.070
0.611
0.661
0.729
0.665
0.818
0.560
0.575
0.692
0.732
0.789
0.779
0.824
0.683
0.812
0.767
0.749
0.757
0.795
0.807
0.804
0.846
0.839
0.823
0.892
0.866
0.909
0.901
0.894
0.908
0.871
0.812
0.876
0.859
0.869
0.830
0.803
0.827
0.918
0.883
0.763
0.846
0.875
0.619
0.763
0.823
0.778
0.845
0.755
0.872
0.936
0.939
0.957
0.893
0.941
0.767
0.648
0.740
0.734
0.494
0.433
0.238
0.253
0.211
0.172
0.070
0.000
0.205
0.644
0.575
0.378
0.272
0.243
0.419
0.674
0.310
0.636
0.243
0.407
0.258
0.433
0.427
0.141
0.157
0.111
0.516
0.542
0.404
0.654
0.372
0.000
0.238
0.000
0.248
0.348
0.706
0.706
0.948
0.993
0.998
0.983
0.985
0.962
0.883
0.966
0.965
0.876
0.912
0.834
0.941
0.949
0.725
0.843
0.737
0.920
0.957
0.944
0.980
0.996
0.981
0.978
0.938
0.974
0.928
0.923
0.930
0.864
0.337
0.318
0.258
0.165
0.122
0.165
0.378
0.243
0.228
0.258
0.281
0.205
0.131
0.157
0.233
0.326
0.172
0.211
0.233
0.281
0.199
0.172
0.238
0.131
0.157
0.000
0.111
0.070
0.000
0.086
0.000
0.149
0.070
0.050
0.375
0.833
0.567
0.678
0.672
0.704
0.701
0.795
0.781
0.827
0.533
0.689
0.547
0.701
0.674
0.537
0.642
0.596
0.836
0.829
0.800
0.755
0.866
0.798
0.936
0.909
0.747
0.934
0.915
0.904
0.965
0.969
0.930
0.516
0.211
0.070
0.172
0.186
0.000
0.000
0.070
0.199
0.000
0.149
0.000
0.000
0.070
0.050
0.050
0.000
0.157
0.000
0.000
0.401
0.000
0.070
0.099
0.000
0.000
0.000
0.000
0.141
0.846
0.907
0.983
1.015
1.030
0.999
1.026
0.855
0.413
0.544
0.407
0.542
0.484
0.547
0.436
0.516
0.401
0.351
0.394
0.442
0.416
0.341
0.642
0.277
0.222
0.344
0.310
0.233
0.217
0.205
0.205
0.318
0.302
0.306
0.258
0.186
0.306
0.253
0.285
0.322
0.298
0.322
0.302
0.330
0.330
0.186
0.179
0.253
0.122
0.192
0.228
0.000
0.122
0.165
0.217
0.149
0.211
0.131
0.099
0.157
0.294
0.172
0.192
0.000
0.172
0.000
0.111
0.205
0.099
0.000
0.000
0.122
0.000
0.086
0.050
0.131
0.000
0.000
0.122
0.000
0.000
0.070
0.086
0.000
0.000
0.000
0.179
0.000
0.165
0.000
0.000
0.000
0.122
0.141
0.000
0.000
0.099
0.099
0.000
0.000
0.111
0.000
0.086
0.000
0.000
0.000
0.000
0.000
0.000
0.157
0.000
0.099
0.111
0.000
0.000
0.000
0.407
0.000
0.000
0.453
0.757
0.463
0.745
0.983
1.002
0.994
0.974
0.979
1.009
0.953
0.800
0.771
0.422
0.757
0.669
0.654
0.652
0.699
0.720
0.678
0.533
0.549
0.502
0.453
0.375
0.509
0.611
0.401
0.494
0.922
0.953
0.916
0.940
0.885
1.046
1.029
1.027
1.033
1.038
0.976
0.996
0.986
0.955
0.981
0.926
0.969
0.961
0.927
0.926
0.904
0.923
0.907
0.790
0.638
0.779
0.771
0.770
0.531
0.646
0.598
0.509
0.560
0.594
0.749
0.797
0.507
0.795
0.734
0.535
0.646
0.586
0.632
0.827
0.864
0.831
0.846
0.866
0.820
0.797
0.734
0.657
0.687
0.737
0.706
0.779
0.463
0.551
0.617
0.644
0.704
0.739
0.710
0.786
0.737
0.801
0.773
0.781
0.855
0.882
0.862
0.813
0.882
0.853
0.837
0.878
0.901
0.826
0.864
0.840
0.941
0.873
0.855
0.967
0.875
0.851
0.718
0.678
0.749
0.798
0.862
0.856
0.853
0.843
0.840
0.836
0.908
0.936
0.878
0.789
0.908
0.842
0.665
0.763
0.699
0.632
0.455
0.351
0.694
0.648
0.553
0.592
0.497
0.588
0.745
0.676
0.644
0.744
0.665
0.659
0.512
0.621
0.594
0.672
0.762
0.724
0.694
0.540
0.514
0.474
0.455
0.571
0.672
0.778
0.718
0.540
0.602
0.631
0.846
1.006
0.993
0.901
0.901
0.951
0.961
0.940
0.978
0.964
0.969
1.002
0.920
1.016
0.991
0.952
0.979
0.972
0.930
0.928
0.881
0.928
0.899
0.871
0.778
0.820
0.638
0.646
0.701
0.672
0.715
0.672
0.567
0.613
0.765
0.783
0.697
0.781
0.659
0.444
0.926
0.797
0.795
0.848
0.703
0.717
0.792
0.750
0.765
0.734
0.605
0.627
0.638
0.516
0.586
0.717
0.665
0.711
0.674
0.703
0.715
0.689
0.701
0.758
0.779
0.797
0.849
0.849
0.875
0.858
0.812
0.883
0.821
0.865
0.852
0.956
0.883
0.849
0.839
0.852
0.932
0.871
0.818
0.727
0.784
0.820
0.770
0.789
0.803
0.763
0.717
0.667
0.773
0.955
0.943
0.949
0.875
0.962
0.790
0.722
0.758
0.829
0.882
0.617
0.533
0.623
0.667
0.479
0.444
0.318
0.362
0.463
0.537
0.584
0.502
0.594
0.760
0.678
0.489
0.689
0.484
0.792
0.745
0.547
0.535
0.737
0.879
0.663
0.754
0.642
0.720
0.804
0.804
0.652
0.784
0.820
0.853
0.999
1.010
0.979
1.015
1.035
1.027
0.996
1.022
0.983
1.006
0.974
0.803
0.725
0.964
0.935
0.965
0.971
0.809
0.590
0.362
0.281
0.318
0.192
0.000
0.000
0.192
0.000
0.122
0.654
0.840
0.737
0.815
0.770
0.882
0.790
0.861
0.846
0.724
0.757
0.678
0.564
0.258
0.294
0.401
0.642
0.634
0.720
0.526
0.654
0.444
0.657
0.713
0.744
0.771
0.663
0.790
0.729
0.627
0.779
0.659
0.889
0.773
0.763
0.747
0.812
0.734
0.690
0.755
0.740
0.773
0.760
0.642
0.742
0.771
0.729
0.798
0.845
0.830
0.871
0.939
0.941
0.918
0.876
0.878
0.885
0.903
0.890
0.892
0.966
0.947
0.919
0.927
0.866
0.887
0.915
0.865
0.815
0.661
0.617
0.669
0.882
0.976
0.999
0.797
0.903
0.993
0.827
0.900
0.755
0.831
0.669
0.575
0.754
0.654
0.855
1.021
0.930
1.010
0.984
0.986
0.990
0.945
1.023
1.002
0.964
0.984
0.969
1.009
0.979
0.961
0.940
0.947
0.903
0.848
0.912
0.858
0.724
0.816
0.739
0.813
0.830
0.765
0.886
0.842
0.718
0.809
0.652
0.655
0.640
0.852
0.881
0.749
0.790
0.739
0.875
0.848
0.893
0.837
0.856
0.803
0.735
0.792
0.803
0.763
0.878
0.866
0.878
0.833
0.852
0.858
0.872
0.876
0.768
0.837
0.815
0.864
0.372
0.099
0.165
0.122
0.070
0.050
0.141
0.172
0.000
0.000
0.497
0.936
0.916
0.993
0.958
0.990
1.006
1.036
0.966
0.951
0.944
0.991
0.920
0.665
0.813
0.801
0.672
0.706
0.704
0.715
0.722
0.281
0.670
0.739
0.722
0.533
0.556
0.596
0.567
0.524
0.732
0.773
0.737
0.499
0.497
0.560
0.600
0.770
0.786
0.592
0.768
0.689
0.787
0.730
0.778
0.697
0.562
0.477
0.613
0.427
0.727
0.757
0.685
0.683
0.792
0.729
0.516
0.836
0.584
0.533
0.416
0.549
0.442
0.466
0.487
0.672
0.594
0.521
0.704
0.631
0.450
0.594
0.553
0.739
0.575
0.594
0.757
0.810
0.758
0.786
0.692
0.640
0.711
0.815
0.725
0.657
0.617
0.804
0.544
0.800
0.549
0.442
0.750
0.524
0.482
0.667
0.855
0.864
0.935
0.958
0.981
0.862
0.765
0.410
0.442
0.547
0.482
0.410
0.394
0.458
0.358
0.469
0.294
0.298
0.602
0.556
0.514
0.489
0.382
0.469
0.471
0.461
0.596
0.584
0.427
0.348
0.344
0.531
0.499
0.519
0.433
0.425
0.636
0.378
0.567
0.351
0.318
0.663
0.564
0.477
0.461
0.422
0.659
0.575
0.524
0.433
0.351
0.344
0.205
0.205
0.285
0.157
0.179
0.211
0.401
0.433
0.447
0.533
0.385
0.365
0.298
0.186
0.099
0.000
0.122
0.111
0.000
0.000
0.122
0.000
0.000
0.111
0.165
0.000
0.086
0.000
0.141
0.000
0.000
0.099
0.000
0.000
0.086
0.141
0.000
0.086
0.050
0.000
0.000
0.000
0.000
0.086
0.000
0.111
0.540
0.836
0.701
0.856
0.789
0.800
0.849
0.901
0.939
0.958
0.919
0.922
0.886
0.654
0.873
0.944
0.918
0.938
0.923
0.936
0.953
0.928
0.945
0.965
0.940
0.903
0.845
0.744
0.768
0.739
0.732
0.725
0.683
0.654
0.797
0.776
0.708
0.787
0.945
0.640
0.767
0.827
0.837
0.729
0.885
0.758
0.776
0.807
0.843
0.834
0.905
0.899
0.873
0.816
0.781
0.803
0.918
0.879
0.918
0.907
0.855
0.809
0.875
0.890
0.876
0.720
0.722
0.878
0.916
0.999
0.999
0.856
0.692
0.482
0.605
0.442
0.404
0.492
0.497
0.388
0.584
0.494
0.537
0.571
0.413
0.388
0.492
0.461
0.365
0.355
0.401
0.362
0.358
0.385
0.394
0.199
0.474
0.425
0.358
0.294
0.298
0.602
0.514
0.533
0.531
0.571
0.482
0.499
0.579
0.497
0.514
0.413
0.567
0.450
0.453
0.509
0.526
0.294
0.382
0.243
0.344
0.422
0.422
0.306
0.385
0.436
0.461
0.344
0.407
0.378
0.372
0.298
0.310
0.333
0.479
0.514
0.592
0.497
0.362
0.358
0.382
0.330
0.243
0.450
0.253
0.222
0.281
0.199
0.298
0.186
0.258
0.228
0.560
0.778
0.617
0.609
0.689
0.621
0.981
0.869
1.024
0.672
0.551
0.809
0.919
1.020
0.575
0.351
0.765
0.812
0.362
0.302
0.258
0.372
0.131
0.272
0.829
0.781
0.818
0.786
0.849
0.886
0.871
0.890
0.894
0.957
0.900
0.896
0.864
0.875
0.833
0.901
0.904
0.883
0.839
0.843
0.993
0.981
0.951
0.928
1.000
0.960
0.896
0.934
0.931
0.955
0.923
0.904
0.878
0.878
0.839
0.681
0.762
0.763
0.776
0.824
0.558
0.720
0.747
0.775
0.388
0.285
0.258
0.238
0.571
0.816
0.757
0.713
0.763
0.827
0.812
0.720
0.912
0.893
0.914
0.934
0.931
0.953
0.949
0.980
1.002
1.012
0.996
0.826
0.692
0.528
0.706
0.703
0.659
0.433
0.654
0.450
0.398
0.551
0.864
0.659
0.713
0.790
0.514
0.669
0.560
0.718
0.717
0.419
0.636
0.318
0.306
0.272
0.351
0.172
0.192
0.211
0.172
0.302
0.494
0.964
0.958
0.999
1.035
1.015
1.009
1.016
1.004
1.001
1.038
0.952
0.935
0.807
0.858
0.935
0.689
0.836
0.715
0.277
0.711
0.696
0.717
0.680
0.801
0.840
0.940
0.957
0.972
0.998
0.955
1.004
0.998
1.023
1.023
0.970
1.013
1.010
