0.772
0.313
0.215
0.281
0.313
0.362
0.421
0.291
0.256
0.233
0.117
0.138
0.052
0.228
0.215
0.074
0.000
0.090
0.173
0.000
0.117
0.074
0.677
0.922
0.948
0.698
0.727
0.786
0.967
0.867
0.894
0.941
1.014
1.018
1.003
0.984
1.018
1.043
1.009
0.970
0.986
0.970
0.965
0.963
0.963
0.900
0.408
0.847
0.300
0.250
0.195
0.157
0.228
0.157
0.281
0.652
0.925
0.652
0.631
0.519
0.467
0.769
0.478
0.894
0.829
0.788
0.718
0.708
0.631
0.714
0.615
0.593
0.660
0.696
0.574
0.760
0.668
0.547
0.683
0.716
0.810
0.738
0.579
0.677
0.725
0.652
0.602
0.362
0.540
0.542
0.639
0.503
0.572
0.509
0.398
0.430
0.532
0.532
0.532
0.579
0.362
0.635
0.408
0.322
0.506
0.593
0.668
0.671
0.953
0.872
0.875
0.850
0.932
0.600
0.117
0.780
0.889
0.708
0.834
0.671
0.771
0.955
0.996
0.904
0.793
0.840
0.853
0.769
0.767
0.733
0.609
0.527
0.503
0.792
0.577
0.557
0.700
0.506
0.698
0.793
0.802
0.809
0.542
0.934
0.829
0.922
0.935
0.924
0.875
0.945
0.912
0.873
0.747
0.771
0.765
0.626
0.747
0.704
0.624
0.637
0.662
0.646
0.455
0.633
0.501
0.869
0.783
0.577
0.542
0.700
0.834
0.781
0.855
0.861
0.842
0.887
0.867
0.749
0.783
0.776
0.864
0.895
0.762
0.872
0.935
0.993
1.016
1.003
1.014
1.028
0.955
0.984
1.016
0.906
0.985
1.023
0.981
0.790
0.597
0.929
0.921
0.898
0.870
0.666
0.735
0.795
0.729
0.922
0.915
0.870
0.940
0.870
0.870
0.845
0.848
0.873
0.873
0.749
0.805
0.600
0.935
0.937
0.921
0.889
0.934
0.848
0.912
0.872
0.960
0.974
0.788
0.901
0.710
0.443
0.720
0.560
0.430
0.398
0.644
0.635
0.522
0.487
0.562
0.725
0.567
0.581
0.542
0.522
0.535
0.626
0.622
0.613
0.611
0.484
0.464
0.350
0.574
0.522
0.537
0.562
0.506
0.631
0.509
0.506
0.565
0.562
0.484
0.629
0.487
0.591
0.622
0.658
0.519
0.613
0.358
0.550
0.295
0.117
0.286
0.291
0.181
0.276
0.090
0.221
0.256
0.832
0.993
1.031
0.955
0.881
0.892
0.880
0.758
0.631
0.749
0.900
0.960
0.921
0.904
0.792
0.756
0.545
0.550
0.740
0.648
0.764
0.723
0.805
0.937
0.880
0.898
0.898
0.802
0.702
0.792
0.756
0.633
0.723
0.545
0.530
0.731
0.609
0.532
0.637
0.467
0.503
0.535
0.631
0.532
0.600
0.668
0.611
0.633
0.698
0.747
0.503
0.565
0.685
0.414
0.509
0.503
0.430
0.626
0.552
0.652
0.765
0.758
0.812
0.906
0.550
0.421
0.495
0.525
0.646
0.829
0.795
0.586
0.511
0.461
0.602
0.517
0.506
0.545
0.668
0.738
0.641
0.233
0.291
0.304
0.785
0.700
0.550
0.530
0.618
0.650
0.749
0.783
0.783
0.786
0.710
0.731
0.698
0.666
0.545
0.725
0.593
0.729
0.900
0.912
0.912
0.903
0.937
0.955
0.948
0.955
0.974
0.950
0.965
0.940
0.913
0.783
0.835
0.800
0.641
0.626
0.710
0.887
0.898
0.938
0.986
0.903
0.470
0.804
0.929
0.948
0.986
0.953
1.015
1.026
1.007
0.884
0.971
0.970
0.859
0.895
0.840
0.792
0.401
0.157
0.138
0.819
0.671
0.793
0.769
0.767
0.721
0.671
0.758
0.712
0.714
0.762
0.767
0.664
0.906
0.960
0.928
1.039
0.958
1.014
0.988
0.970
0.955
0.942
0.941
0.968
0.984
0.997
0.907
0.753
0.802
0.772
0.924
0.974
0.942
0.934
0.947
0.938
0.921
0.173
0.591
0.786
0.478
0.157
0.309
0.209
0.181
0.104
0.104
0.138
0.233
0.128
0.157
0.173
0.276
0.276
0.188
0.104
0.148
0.074
0.104
0.165
0.295
0.239
0.188
0.215
0.173
0.000
0.173
0.181
0.052
0.318
0.221
0.000
0.000
0.202
0.000
0.000
0.000
0.000
0.000
0.000
0.000
0.000
0.000
0.000
0.000
0.000
0.000
0.000
0.000
0.000
0.000
0.000
0.148
0.052
0.000
0.000
0.000
0.148
0.000
0.000
0.104
0.723
0.889
0.883
0.414
0.725
0.765
0.894
0.776
0.809
0.790
0.624
0.557
0.668
0.708
0.704
0.694
0.569
0.652
0.646
0.706
0.694
0.654
0.658
0.708
0.781
0.840
0.731
0.859
0.842
0.858
0.889
0.953
0.958
0.934
0.878
0.894
0.903
0.988
0.968
1.005
0.981
0.985
0.615
0.394
0.421
0.452
0.342
0.233
0.000
0.233
0.000
0.188
0.000
0.000
0.090
0.157
0.000
0.148
0.188
0.000
0.000
0.221
0.000
0.000
0.173
0.338
0.887
0.988
1.007
1.001
0.996
0.977
0.990
0.904
0.774
0.838
0.926
0.986
0.988
0.929
0.847
0.398
0.963
0.847
0.894
0.749
0.783
0.892
0.842
0.785
0.771
0.843
0.691
0.778
0.814
0.723
0.950
0.931
0.986
1.050
0.988
0.993
0.993
0.795
0.837
0.957
1.014
0.945
0.979
0.947
0.961
0.984
0.993
0.926
0.904
0.937
0.869
0.845
0.762
0.503
0.710
0.698
0.712
0.809
0.452
0.679
0.540
0.687
0.696
0.650
0.691
0.819
0.624
0.756
0.591
0.662
0.736
0.624
0.595
0.668
0.354
0.542
0.855
0.872
0.869
0.358
0.276
0.202
0.138
0.700
0.862
0.847
0.880
0.774
0.878
0.880
0.924
0.918
0.999
0.953
0.832
0.950
0.878
0.938
0.900
0.870
0.900
0.985
0.900
0.922
0.999
1.037
1.019
0.974
0.912
0.982
0.955
1.003
0.954
0.934
0.941
0.931
0.909
0.922
0.814
0.825
0.637
0.586
0.687
0.646
0.702
0.725
0.738
0.958
0.744
0.928
0.753
0.928
0.890
0.735
0.767
1.014
1.062
0.928
0.982
1.022
1.018
1.011
0.967
1.022
1.009
0.971
0.992
0.977
0.829
0.898
0.935
0.990
0.977
0.985
0.974
0.978
0.898
0.906
0.527
0.764
0.495
0.358
0.309
0.404
0.751
0.473
0.434
0.565
0.560
0.358
0.434
0.503
0.506
0.492
0.511
0.233
0.591
0.245
0.188
0.256
0.245
0.000
0.000
0.239
0.000
0.000
0.188
0.000
0.074
0.276
0.074
0.052
0.074
0.000
0.148
0.165
0.148
0.000
0.090
0.202
0.000
0.074
0.000
0.104
0.000
0.562
0.824
0.922
0.931
0.758
0.718
0.557
0.648
0.545
0.706
0.733
0.704
0.793
0.698
0.652
0.658
0.742
0.716
0.567
0.545
0.738
0.781
0.449
0.666
0.446
0.467
0.490
0.545
0.790
0.654
0.890
0.937
0.909
0.915
1.009
0.666
0.786
0.824
0.873
0.947
0.978
0.907
0.919
0.967
0.929
0.912
0.912
0.953
0.945
0.940
0.948
0.819
0.916
0.968
0.918
1.016
1.007
1.014
0.989
0.992
0.993
0.992
0.982
1.007
0.961
1.004
0.953
0.859
0.760
0.762
0.706
0.557
0.540
0.687
0.706
0.747
0.790
0.812
0.755
0.652
0.981
0.993
1.012
1.035
1.041
1.036
0.904
0.937
0.918
0.961
0.944
0.878
0.793
0.862
0.778
0.758
0.622
0.525
0.530
0.509
0.607
0.569
0.631
0.604
0.855
0.446
0.817
0.765
0.595
0.639
0.421
0.567
0.550
0.704
0.733
0.427
0.666
0.662
0.778
0.687
0.788
0.574
0.593
0.735
0.514
0.591
0.591
0.687
0.733
0.565
0.446
0.631
0.727
0.780
0.793
0.720
0.805
0.622
0.747
0.501
0.514
0.842
0.751
0.602
0.635
0.586
0.574
0.720
1.000
1.112
1.015
0.689
0.832
0.961
0.867
0.906
0.708
0.696
0.530
0.408
0.401
0.338
0.362
0.295
0.330
0.309
0.354
0.181
0.181
0.271
0.215
0.398
0.373
0.342
0.215
0.157
0.330
0.195
0.365
0.281
0.300
0.338
0.338
0.411
0.181
0.239
0.250
0.157
0.261
0.256
0.202
0.291
0.291
0.304
0.271
0.318
0.074
0.398
0.074
0.000
0.000
0.000
0.000
0.000
0.000
0.384
0.165
0.000
0.000
0.772
0.689
0.721
0.654
0.845
0.710
0.668
0.591
0.700
0.635
0.574
0.615
0.461
0.421
0.646
0.797
0.542
0.473
0.738
0.792
0.945
0.618
0.681
0.712
0.611
0.188
0.394
0.622
0.742
0.511
0.552
0.776
0.755
0.545
0.660
0.550
0.602
0.687
0.411
0.602
0.691
0.744
0.635
0.721
0.550
0.658
0.656
0.774
0.597
0.517
0.800
0.700
0.716
0.687
0.586
0.781
0.870
0.765
0.517
0.840
0.735
0.756
0.875
0.706
0.906
0.965
0.881
0.961
0.968
0.926
0.948
0.928
0.850
0.765
0.924
0.953
0.932
1.001
0.960
0.881
0.817
0.894
0.968
0.977
0.990
1.037
0.971
0.881
0.958
0.866
0.771
0.820
0.919
0.858
0.869
0.934
0.845
0.859
0.797
0.760
0.887
0.858
0.851
0.873
0.925
0.925
0.864
0.870
0.830
0.867
0.848
0.786
0.814
0.679
0.804
0.958
1.012
1.020
1.009
0.978
0.947
0.955
0.953
0.913
0.932
0.968
0.972
0.954
0.909
0.829
0.832
0.593
0.778
0.765
0.671
0.693
0.484
0.584
0.631
0.624
0.631
0.693
0.673
0.793
0.591
0.373
0.687
0.588
0.537
0.760
0.562
0.530
0.195
0.181
0.128
0.593
0.620
0.362
0.330
0.295
0.090
0.527
0.708
0.727
0.668
0.687
0.613
0.740
0.602
0.862
0.870
0.572
0.595
0.884
0.938
0.895
0.901
0.960
0.955
0.944
0.985
0.979
0.774
0.354
0.565
0.514
0.342
0.503
0.380
0.304
0.369
0.181
0.239
0.338
0.221
0.261
0.239
0.322
0.376
0.354
0.090
0.281
0.138
0.165
0.233
0.000
0.090
0.173
0.000
0.181
0.000
0.052
0.000
0.000
0.322
0.542
0.281
0.350
0.473
0.313
0.228
0.286
0.281
0.173
0.195
0.338
0.376
0.221
0.334
0.309
0.326
0.300
0.276
0.334
0.188
0.304
0.276
0.209
0.455
0.300
0.309
0.228
0.181
0.188
0.239
0.276
0.291
0.261
0.245
0.300
0.291
0.350
0.338
0.362
0.309
0.322
0.358
0.233
0.326
0.228
0.233
0.271
0.346
0.326
0.295
0.342
0.209
0.250
0.250
0.318
0.369
0.304
0.138
0.165
0.326
0.291
0.128
0.000
0.000
0.000
0.128
0.202
0.000
0.104
0.157
0.000
0.000
0.157
0.090
0.720
0.786
0.792
0.815
0.774
0.909
0.895
0.979
1.027
0.889
0.970
0.875
0.947
0.970
0.999
0.990
1.060
1.077
0.986
0.805
0.963
0.887
0.935
0.604
0.755
0.681
0.749
0.830
0.797
0.631
0.780
0.785
0.929
0.822
0.890
0.910
0.764
0.937
0.931
1.081
1.039
0.982
0.884
0.975
0.968
0.975
0.972
1.005
0.986
0.948
0.974
0.992
0.993
0.886
0.842
0.706
0.804
0.300
0.607
0.872
0.954
0.913
0.838
0.675
0.424
0.825
0.873
0.804
0.767
0.440
0.832
0.677
0.555
0.607
0.729
0.650
0.681
0.506
0.820
0.641
0.797
0.843
0.887
0.767
0.602
0.708
0.626
0.762
0.751
0.851
0.832
0.731
0.825
0.958
0.961
0.989
0.935
0.461
0.898
0.887
0.922
0.940
1.012
0.977
0.928
0.947
0.878
0.995
0.993
0.960
0.945
0.941
0.992
1.003
0.957
0.945
0.985
1.001
0.947
0.965
0.967
0.873
0.747
0.624
0.919
0.819
0.820
0.685
0.853
0.850
0.825
0.795
0.851
0.858
0.984
1.036
1.033
0.974
0.996
0.954
0.960
0.958
0.924
0.892
0.720
0.858
0.825
0.972
0.988
0.907
0.944
1.000
0.963
0.919
0.718
0.809
0.964
0.889
0.781
0.604
0.749
0.901
0.574
0.825
0.738
0.424
0.626
0.633
0.765
0.698
0.815
0.700
0.744
0.652
0.662
0.751
0.593
0.509
0.604
0.555
0.427
0.398
0.401
0.427
0.373
0.338
0.586
0.501
0.350
0.362
0.557
0.470
0.644
0.398
0.767
0.350
0.710
0.639
0.658
0.595
0.569
0.747
0.527
0.484
0.971
0.957
0.792
0.880
0.890
0.972
0.843
0.938
0.897
0.890
0.957
0.967
0.997
0.953
1.009
0.867
0.992
0.990
0.950
0.652
0.609
0.555
0.629
0.595
0.675
0.562
0.809
0.446
0.421
0.362
0.346
0.300
0.261
0.391
0.354
0.373
0.165
0.209
0.090
0.074
0.138
0.000
0.304
0.889
0.950
0.924
0.532
0.725
0.886
0.727
0.809
0.586
0.591
0.579
0.626
0.735
0.800
0.910
0.866
0.822
0.890
0.964
1.007
0.925
0.858
0.679
0.694
0.588
0.729
0.740
0.762
0.873
0.756
0.720
0.924
0.948
0.967
0.990
1.023
1.000
0.963
0.950
0.985
0.912
0.975
0.979
0.921
0.872
0.758
0.793
0.744
0.817
0.671
0.449
0.817
0.855
0.648
0.542
0.555
0.629
0.593
0.446
0.408
0.437
0.411
0.527
0.434
0.781
0.804
1.041
0.970
0.847
0.984
0.957
0.981
0.851
0.894
0.721
0.718
0.837
0.733
0.814
0.618
0.607
0.718
0.611
0.537
0.862
0.685
0.683
0.781
0.635
0.798
0.835
0.797
0.646
0.776
0.809
0.708
0.820
0.733
0.710
0.780
0.822
0.795
0.772
0.883
0.859
0.906
0.926
0.986
0.978
0.938
0.935
0.829
0.797
0.440
0.295
0.157
0.295
0.209
0.271
0.188
0.181
0.256
0.276
0.138
0.250
0.334
0.362
0.256
0.291
0.291
0.304
0.350
0.440
0.900
0.981
0.912
0.762
0.807
0.747
0.834
0.666
0.712
0.817
0.913
0.953
0.940
1.015
0.928
0.995
0.950
0.979
0.903
0.853
0.751
0.867
0.641
0.654
0.800
0.950
1.003
0.666
0.771
0.772
0.819
0.858
0.948
1.003
1.019
1.011
0.979
0.942
0.887
0.961
0.897
0.856
0.929
0.932
0.981
0.941
0.915
0.944
0.919
0.951
0.859
0.944
0.963
0.982
0.958
0.945
0.848
0.740
0.720
0.530
0.611
0.452
0.498
0.774
0.944
0.894
0.913
0.671
0.490
0.790
0.762
0.718
0.434
0.550
0.579
0.644
0.792
0.843
0.509
0.427
0.550
0.639
0.714
0.815
0.565
0.629
0.569
0.633
0.668
0.362
0.481
0.256
0.498
0.484
0.414
0.639
0.362
0.509
0.369
0.671
0.586
0.597
0.365
0.654
0.572
0.452
0.418
0.467
0.391
0.421
0.443
0.552
0.656
0.607
0.693
0.487
0.418
0.326
0.600
0.562
0.404
0.988
0.932
0.898
0.861
0.906
0.233
0.735
0.929
0.963
0.975
0.953
0.965
0.931
0.925
0.931
0.792
0.735
0.729
0.545
0.742
0.714
0.744
0.798
0.913
0.981
1.014
1.005
0.961
1.022
0.999
0.958
0.940
0.937
0.958
0.877
1.005
0.937
0.894
0.950
0.720
0.792
0.895
0.720
0.809
0.897
0.878
0.778
0.764
0.727
0.832
0.765
0.792
0.840
0.729
0.781
0.951
0.859
0.847
0.861
0.858
0.788
0.926
0.975
1.014
1.004
0.979
0.881
0.921
0.919
0.957
0.955
0.961
0.986
0.890
0.859
0.870
0.807
0.747
0.591
0.772
0.721
0.765
0.842
0.815
0.881
0.910
0.948
0.928
0.755
0.687
0.648
0.595
0.731
0.484
0.527
0.593
0.631
0.542
0.738
0.620
0.530
0.581
0.644
0.654
0.639
0.793
0.650
0.751
0.449
0.326
0.221
0.181
0.000
0.271
0.148
0.537
0.600
0.338
0.195
0.000
0.128
0.300
0.104
0.000
0.209
0.117
0.000
0.090
0.000
0.000
0.157
0.000
0.138
0.090
0.104
0.000
0.000
0.104
0.000
0.000
0.000
0.000
0.000
0.000
0.000
0.000
0.000
0.000
0.000
0.788
0.731
0.481
0.387
0.358
0.718
0.694
0.751
0.618
0.509
0.427
0.527
0.430
0.476
0.440
0.611
0.656
0.467
0.631
0.613
0.514
0.581
0.421
0.473
0.652
0.633
0.618
0.517
0.718
0.736
0.781
0.662
0.557
0.611
0.418
0.427
0.978
0.934
0.683
0.128
0.635
0.537
0.762
0.890
0.892
0.984
1.050
0.992
1.004
1.026
1.045
0.972
0.974
0.988
1.020
0.629
0.281
0.276
0.266
0.215
0.000
0.276
0.148
0.239
0.261
0.165
0.000
0.256
0.138
0.128
0.128
0.181
0.215
0.195
0.074
0.000
0.000
0.000
0.209
0.000
0.104
0.000
0.000
0.128
0.000
0.000
0.000
0.000
0.000
0.074
0.074
0.138
0.000
0.074
0.148
0.000
0.148
0.090
0.000
0.000
0.173
0.000
0.000
0.000
0.000
0.104
0.000
0.000
0.090
0.000
0.000
0.000
0.052
0.000
0.128
0.138
0.000
0.104
0.000
0.000
0.000
0.157
0.000
0.000
0.000
0.000
0.000
0.228
0.470
0.771
0.951
0.970
0.872
0.656
0.588
0.593
0.666
0.562
0.706
1.000
0.877
0.934
0.940
0.955
0.900
0.919
0.751
0.736
0.611
1.012
1.045
0.965
1.022
0.988
0.993
0.736
0.824
0.753
0.762
0.522
0.481
0.586
0.495
0.814
0.764
0.924
0.928
0.990
1.037
0.904
0.877
0.944
0.906
0.937
0.944
0.940
0.993
0.992
0.842
0.769
0.931
0.990
0.993
0.964
0.961
0.937
1.024
0.997
0.788
0.481
0.793
0.537
0.626
0.824
0.710
0.760
0.673
0.588
0.635
0.430
0.611
0.615
0.694
0.609
0.749
0.600
0.631
0.772
0.718
0.557
0.677
0.365
0.498
0.758
0.593
0.530
0.704
0.562
0.384
0.481
0.607
0.650
0.778
0.622
0.681
0.503
0.458
0.473
0.671
0.609
0.683
0.650
0.637
0.786
0.609
0.604
0.602
0.588
0.427
0.687
0.650
0.677
0.685
0.662
0.776
0.772
0.478
0.926
0.915
0.837
0.829
0.798
0.746
0.720
0.753
0.718
0.581
0.579
0.898
0.932
0.925
0.755
0.221
0.817
0.798
0.835
0.322
0.271
0.358
0.736
0.842
0.776
0.772
0.785
0.788
0.522
0.478
0.624
0.660
0.633
0.788
0.662
0.673
0.631
0.542
0.522
0.815
0.835
0.473
0.408
0.509
0.720
0.866
0.792
0.822
0.795
0.644
0.550
0.652
0.786
0.540
0.595
0.569
0.629
0.953
0.907
0.792
0.903
0.906
0.832
0.825
0.835
0.681
0.644
0.535
0.514
0.677
0.706
0.658
0.660
0.646
0.805
0.746
0.765
0.869
0.767
0.746
0.861
0.955
0.950
0.954
0.977
1.000
0.970
0.950
0.945
0.953
0.985
0.996
0.953
1.076
1.060
1.030
1.071
1.039
1.043
1.054
0.913
0.666
0.747
0.525
0.729
0.694
0.401
0.434
0.313
0.074
0.165
0.000
0.138
0.104
0.090
0.090
0.209
0.074
0.165
0.157
0.000
0.000
0.165
0.165
0.090
0.165
0.148
0.128
0.128
0.000
0.000
0.128
0.074
0.052
0.157
0.000
0.090
0.000
0.117
0.138
0.271
0.138
0.090
0.000
0.090
0.000
0.000
0.000
0.188
0.000
0.000
0.000
0.052
0.074
0.209
0.104
0.000
0.000
0.000
0.000
0.000
0.000
0.000
0.000
0.074
0.000
0.052
0.074
0.000
0.117
0.000
0.000
0.000
0.128
0.000
0.000
0.000
0.387
0.195
0.052
0.195
0.000
0.000
0.000
0.074
0.202
0.000
0.000
0.000
0.000
0.000
0.000
0.188
0.350
0.074
0.771
0.916
0.964
0.822
0.861
0.921
0.660
0.830
0.641
0.738
0.887
0.953
0.820
0.918
0.535
0.740
0.877
0.817
0.776
0.785
0.751
0.870
0.495
0.819
0.710
0.660
0.855
0.937
0.993
1.019
1.007
0.996
0.979
1.009
0.977
0.960
0.993
0.990
0.978
0.947
0.982
0.963
0.938
0.912
0.941
0.944
0.881
0.800
0.718
0.758
0.805
0.679
0.758
0.716
0.797
0.654
0.677
0.714
0.581
0.579
0.666
0.522
0.611
0.581
0.338
0.729
0.862
0.547
0.418
0.530
0.309
0.706
0.977
0.964
0.929
0.928
0.963
0.915
0.929
0.900
0.913
0.919
0.951
0.997
0.982
0.984
0.965
0.957
0.970
0.924
0.951
0.881
0.795
0.780
0.967
0.877
0.762
0.602
0.449
0.503
0.957
0.886
1.065
1.062
1.003
0.974
0.950
0.921
0.931
0.866
0.664
0.514
0.798
0.932
0.758
0.751
0.718
0.814
1.003
0.978
1.039
1.033
0.968
0.996
0.979
0.999
0.986
0.967
0.974
0.971
0.906
0.970
0.958
0.527
0.565
0.334
0.506
0.394
0.300
0.266
0.309
0.358
0.304
0.188
0.318
0.215
0.202
0.202
0.052
0.276
0.338
0.430
0.354
0.295
0.266
0.380
0.342
0.318
0.295
0.266
0.304
0.202
0.354
0.266
0.233
0.165
0.090
0.052
0.181
0.173
0.157
0.052
0.181
0.000
0.000
0.128
0.000
0.000
0.157
0.104
0.209
0.128
0.052
0.000
0.202
0.000
0.000
0.148
0.000
0.188
0.000
0.052
0.239
0.000
0.000
0.209
0.138
0.000
0.148
0.000
0.074
0.000
0.000
0.000
0.148
0.000
0.000
0.000
0.000
0.239
0.000
0.104
0.000
0.000
0.000
0.000
0.000
0.000
0.000
0.165
0.104
0.000
0.000
0.052
0.000
0.000
0.138
0.052
0.000
0.148
0.000
0.000
0.354
0.000
0.000
0.000
0.000
0.000
0.000
0.000
0.000
0.138
0.000
0.000
0.000
0.000
0.000
0.401
0.495
0.501
0.584
0.712
0.832
0.862
0.567
0.074
0.000
0.000
0.000
0.128
0.000
0.117
0.000
0.128
0.138
0.074
0.165
0.157
0.000
0.128
0.000
0.052
0.117
0.209
0.104
0.074
0.000
0.000
0.000
0.104
0.000
0.000
0.181
0.052
0.000
0.052
0.173
0.074
0.052
0.000
0.000
0.128
0.000
0.000
0.000
0.074
0.000
0.148
0.000
0.000
0.000
0.000
0.074
0.000
0.000
0.157
0.000
0.000
0.000
0.000
0.000
0.000
0.157
0.000
0.000
0.000
0.104
0.000
0.000
0.000
0.000
0.000
0.000
0.000
0.354
0.581
0.765
0.867
0.890
0.957
0.944
0.835
0.501
0.708
0.607
0.829
0.698
0.609
0.633
0.776
0.751
0.765
0.800
0.788
0.774
0.714
0.793
0.776
0.723
0.817
0.907
0.935
0.937
0.957
0.950
0.928
0.880
0.805
0.778
0.886
0.847
0.850
0.954
0.937
0.970
0.968
0.965
0.901
0.872
0.890
0.912
0.967
0.965
0.662
0.128
0.309
0.165
0.452
0.245
0.202
0.452
0.387
0.286
0.334
0.557
0.440
0.648
0.736
0.869
0.862
0.938
0.978
0.993
0.996
0.970
0.968
0.878
0.698
0.800
0.889
0.921
0.912
0.963
0.961
0.894
0.832
0.910
0.704
0.588
0.764
0.735
0.856
0.858
0.815
0.996
0.951
0.941
0.884
0.373
0.326
0.261
0.052
0.797
0.926
0.620
0.618
0.637
0.239
0.687
0.581
0.577
0.723
0.478
0.387
0.300
0.173
0.286
0.000
0.074
0.157
0.117
0.157
0.843
0.712
0.261
0.786
0.693
0.245
0.245
0.209
0.266
0.394
0.261
0.562
0.557
0.000
0.209
0.802
0.756
0.648
0.755
0.618
0.735
0.758
0.862
0.511
0.567
0.600
0.780
0.887
0.807
0.440
0.679
0.866
0.881
0.731
0.281
0.245
0.117
0.117
0.165
0.138
0.330
0.052
0.074
0.181
0.157
0.000
0.173
0.148
0.104
0.188
0.202
0.148
0.090
0.000
0.000
0.000
0.138
0.104
0.148
0.000
0.148
0.000
0.000
0.090
0.000
0.000
0.000
0.090
0.000
0.181
0.173
0.000
0.128
0.215
0.250
0.000
0.090
0.000
0.052
0.000
0.000
0.052
0.000
0.000
0.000
0.000
0.000
0.000
0.157
0.181
0.000
0.000
0.000
0.000
0.000
0.000
0.000
0.000
0.000
0.000
0.000
0.000
0.000
0.000
0.000
0.000
0.000
0.000
0.138
0.000
0.000
0.000
0.000
0.000
0.000
0.000
0.165
0.000
0.157
0.000
0.000
0.000
0.000
0.000
0.000
0.000
0.117
0.000
0.000
0.000
0.090
0.128
0.000
0.138
0.000
0.000
0.000
0.000
0.000
0.000
0.000
0.000
0.000
0.000
0.000
0.104
0.000
0.000
0.000
0.209
0.138
0.000
0.173
0.128
0.000
0.052
0.000
0.000
0.000
0.090
0.000
0.000
0.000
0.074
0.117
0.373
0.281
0.000
0.209
0.000
0.181
0.000
0.000
0.000
0.000
0.138
0.000
0.148
0.000
0.000
0.000
0.090
0.074
0.000
0.000
0.000
0.000
0.000
0.000
0.000
0.000
0.000
0.000
0.000
0.000
0.000
0.000
0.000
0.000
0.000
0.000
0.052
0.000
0.000
0.000
0.000
0.000
0.117
0.000
0.000
0.000
0.000
0.000
0.000
0.000
0.000
0.000
0.000
0.000
0.000
0.165
0.000
0.000
0.165
0.000
0.000
0.173
0.000
0.117
0.000
0.000
0.000
0.000
0.000
0.000
0.128
0.000
0.000
0.000
0.000
0.000
0.000
0.000
0.000
0.000
0.000
0.000
0.074
0.000
0.000
0.000
0.000
0.000
0.000
0.000
0.000
0.000
0.000
0.000
0.000
0.000
0.000
0.000
0.000
0.000
0.000
0.000
0.000
0.000
0.000
0.138
0.000
0.000
0.000
0.090
0.000
0.000
0.000
0.000
0.000
0.000
0.000
0.090
0.000
0.000
0.000
0.000
0.000
0.000
0.000
0.326
0.000
0.000
0.000
0.000
0.000
0.000
0.000
0.000
0.000
0.000
0.000
0.128
0.074
0.000
0.202
0.000
0.000
0.148
0.000
0.000
0.000
0.000
0.000
0.000
0.000
0.104
0.000
0.128
0.000
0.000
0.000
0.000
0.090
0.104
0.000
0.000
0.000
0.000
0.000
0.000
0.000
0.000
0.000
0.000
0.000
0.000
0.000
0.000
0.000
0.117
0.000
0.128
0.000
0.074
0.000
0.000
0.000
0.000
0.000
0.503
0.446
0.586
0.509
0.530
0.373
0.481
0.698
0.870
0.897
0.698
0.291
0.362
0.195
0.215
0.239
0.000
0.165
0.074
0.000
0.209
0.165
0.052
0.052
0.660
0.527
0.648
0.633
0.330
0.666
0.490
0.733
0.660
0.481
0.334
0.286
0.202
0.188
0.188
0.000
0.000
0.117
0.052
0.000
0.593
0.567
0.635
0.681
0.490
0.622
0.421
0.452
0.286
0.424
0.774
0.769
0.731
0.346
0.342
0.662
0.792
0.765
0.591
0.591
0.708
0.611
0.765
0.691
0.577
0.525
0.461
0.729
0.797
0.792
0.900
0.884
0.875
0.881
0.725
0.535
0.817
0.892
0.907
0.978
0.925
0.957
0.881
0.928
0.940
0.925
0.892
0.894
0.919
0.906
0.749
0.228
0.128
0.276
0.644
0.615
0.250
0.228
0.710
0.786
0.858
0.209
0.245
0.138
0.148
0.519
0.401
0.350
0.300
0.195
0.165
0.138
0.165
0.000
0.128
0.074
0.000
0.128
0.000
0.000
0.128
0.128
0.117
0.090
0.000
0.000
0.000
0.117
0.000
0.052
0.000
0.000
0.000
0.173
0.195
0.000
0.733
0.675
0.618
0.535
0.430
0.271
0.300
0.291
0.181
0.000
0.128
0.000
0.000
0.074
0.000
0.173
0.000
0.000
0.000
0.052
0.074
0.138
0.000
0.000
0.000
0.000
0.090
0.052
0.000
0.052
0.000
0.000
0.000
0.000
0.000
0.000
0.000
0.188
0.000
0.090
0.128
0.000
0.000
0.000
0.000
0.181
0.000
0.165
0.000
0.128
0.313
0.090
0.000
0.000
0.000
0.052
0.000
0.000
0.000
0.157
0.000
0.000
0.052
0.000
0.052
0.000
0.052
0.074
0.128
0.000
0.000
0.000
0.000
0.000
0.000
0.000
0.000
0.000
0.000
0.000
0.000
0.117
0.000
0.000
0.000
0.074
0.000
0.000
0.000
0.000
0.052
0.000
0.000
0.000
0.000
0.052
0.000
0.000
0.000
0.000
0.000
0.000
0.000
0.000
0.000
0.000
0.052
0.052
0.117
0.000
0.117
0.000
0.000
0.000
0.000
0.000
0.000
0.074
0.000
0.000
0.000
0.000
0.000
0.000
0.000
0.000
0.000
0.000
0.000
0.000
0.000
0.000
0.000
0.000
0.000
0.000
0.000
0.000
0.000
0.000
0.000
0.000
0.000
0.000
0.215
0.000
0.000
0.000
0.000
0.148
0.195
0.266
0.209
0.138
0.228
0.215
0.181
0.271
0.256
0.239
0.202
0.250
0.181
0.215
0.157
0.256
0.221
0.148
0.000
0.000
0.000
0.104
0.245
0.181
0.318
0.387
0.498
0.731
0.858
0.915
0.907
0.861
0.626
0.829
0.795
0.540
0.662
0.716
0.721
0.550
0.668
0.635
0.550
0.687
0.446
0.586
0.342
0.334
0.492
0.545
0.552
0.569
0.581
0.461
0.424
0.411
0.437
0.641
0.588
0.408
0.749
0.685
0.687
0.593
0.660
0.595
0.671
0.626
0.840
0.721
0.993
0.875
0.858
0.346
0.804
0.767
0.281
0.755
0.721
0.648
0.729
0.644
0.736
0.579
0.760
0.586
0.644
0.522
0.408
0.467
0.668
0.613
0.827
0.845
0.704
0.824
0.662
0.626
0.795
0.776
0.771
0.639
0.607
0.555
0.391
0.446
0.565
0.691
0.708
0.721
0.892
0.781
0.845
0.897
0.929
0.881
0.961
0.963
0.947
0.965
0.960
0.978
0.992
1.014
1.033
0.972
0.916
0.929
0.740
0.915
0.878
0.767
0.689
0.712
0.633
0.714
0.562
0.698
0.611
0.691
1.022
1.094
0.890
0.889
0.866
0.567
0.586
0.530
0.604
0.856
0.954
0.982
1.043
1.033
0.977
0.953
0.951
0.864
0.884
0.938
0.929
0.979
0.953
0.958
0.941
0.955
0.925
0.989
0.985
0.918
0.735
0.790
0.817
0.788
0.756
0.209
0.245
0.138
0.052
0.000
0.000
0.000
0.173
0.387
0.173
0.000
0.090
0.128
0.000
0.195
0.104
0.148
0.256
0.000
0.000
0.490
0.700
0.800
0.835
0.894
0.866
0.880
0.807
0.639
0.607
0.545
0.455
0.487
0.449
0.562
0.398
0.604
0.631
0.537
0.618
0.506
0.658
0.982
0.907
0.906
0.817
0.912
0.944
0.907
0.894
0.984
0.900
0.967
1.011
0.961
1.012
1.026
1.028
0.922
0.720
0.922
0.996
0.978
1.035
1.036
0.915
0.338
0.295
0.800
0.984
0.901
0.866
0.961
0.931
0.864
0.878
0.932
0.286
0.418
0.245
0.783
0.654
0.824
0.765
0.581
0.501
0.731
0.618
0.662
0.685
0.742
0.586
0.519
0.607
0.756
0.618
0.562
0.652
0.635
0.452
0.473
0.588
0.693
0.738
0.700
0.696
0.588
0.565
0.584
0.736
0.890
0.895
0.689
0.600
0.819
0.780
0.652
0.812
0.473
0.600
0.633
0.702
0.637
0.677
0.376
0.781
0.800
0.673
0.629
0.790
0.753
0.666
0.635
0.537
0.567
0.449
0.427
0.772
0.783
0.615
0.953
0.685
0.588
0.872
1.043
0.792
0.904
1.027
1.033
1.012
1.012
0.975
0.934
0.950
0.988
1.003
0.997
0.965
0.932
0.810
0.809
0.819
0.751
0.835
0.615
0.747
0.641
0.637
0.747
0.542
0.689
0.609
0.631
0.613
0.712
0.772
0.522
0.660
0.464
0.567
0.687
0.783
0.718
0.654
0.755
0.646
0.698
0.677
0.735
0.725
0.387
0.675
0.461
0.822
0.819
0.924
0.671
0.501
0.414
0.662
1.001
1.047
0.890
0.820
0.967
0.968
0.904
0.756
0.295
0.000
0.309
0.764
0.832
0.736
0.245
0.440
0.221
0.052
0.090
0.090
0.000
0.000
0.000
0.104
0.440
0.639
0.304
0.394
0.886
0.764
0.685
0.629
0.793
0.837
0.414
0.762
0.778
0.918
0.864
0.916
0.986
0.762
0.414
0.322
0.173
0.188
0.074
0.000
0.000
0.228
0.138
0.000
0.000
0.181
0.074
0.000
0.074
0.052
0.783
0.774
0.408
0.138
0.209
0.138
0.693
0.764
0.788
0.769
0.765
0.727
0.658
0.883
0.889
0.894
0.824
0.658
0.671
0.654
0.629
0.822
0.552
0.869
0.824
0.814
0.862
0.809
0.903
0.867
0.960
0.947
0.965
0.916
0.881
0.807
0.765
0.900
0.925
0.915
0.904
0.855
0.851
0.880
0.887
0.842
0.937
0.886
0.996
0.915
0.819
0.967
0.997
0.957
1.019
1.043
0.989
1.014
0.907
0.941
0.919
1.035
0.862
0.830
0.858
0.809
0.827
0.866
0.602
0.772
0.751
0.673
0.749
0.829
0.622
0.746
0.652
0.720
0.646
0.702
0.511
0.736
0.683
0.664
0.744
0.916
0.953
1.022
0.995
0.971
1.009
1.018
0.922
1.035
1.005
1.022
1.009
0.986
0.985
0.948
0.948
0.996
0.957
0.909
0.880
0.812
0.802
0.834
0.897
0.970
0.858
0.809
0.710
0.597
0.859
0.898
0.675
0.744
0.795
0.786
0.691
0.727
0.633
0.706
0.673
0.602
0.604
0.579
0.597
0.788
0.689
0.755
0.934
0.926
0.945
0.909
1.000
0.958
0.990
1.009
0.978
0.996
0.992
1.019
1.005
1.031
1.012
1.018
1.022
0.838
0.509
0.487
0.418
0.411
0.394
0.557
0.503
0.391
0.430
0.525
0.540
0.440
0.652
0.658
0.473
0.384
0.376
0.511
0.427
0.309
0.391
0.574
0.350
0.487
0.446
0.506
0.525
0.666
0.440
0.440
0.373
0.704
0.704
0.376
0.430
0.550
0.427
0.597
0.501
0.239
0.165
0.522
0.373
0.522
0.552
0.487
0.476
0.209
0.517
0.511
0.522
0.550
0.484
0.449
0.470
0.633
0.525
0.542
0.481
0.511
0.677
0.452
0.401
0.326
0.346
0.358
0.281
0.430
0.362
0.256
0.313
0.165
0.181
0.000
0.228
0.157
0.233
0.411
0.394
0.586
0.369
0.318
0.300
0.785
0.555
0.354
0.354
0.342
0.334
0.326
0.461
0.404
0.245
0.313
0.380
0.291
0.304
0.358
0.586
0.354
0.427
0.391
0.281
0.346
0.215
0.195
0.261
0.384
0.233
0.128
0.934
0.691
0.209
0.304
0.128
0.195
0.215
0.138
0.074
0.000
0.000
0.157
0.000
0.362
0.202
0.173
0.052
0.228
0.181
0.165
0.000
0.138
0.074
0.117
0.052
0.074
0.090
0.000
0.000
0.138
0.000
0.000
0.000
0.000
0.052
0.157
0.052
0.000
0.052
0.000
0.000
0.000
0.052
0.052
0.000
0.000
0.117
0.000
0.181
0.000
0.173
0.148
0.157
0.052
0.104
0.000
0.090
0.000
0.000
0.000
0.000
0.000
0.000
0.165
0.195
0.000
0.000
0.000
0.611
0.832
0.537
0.718
0.650
0.778
0.615
0.545
0.245
0.181
0.281
0.202
0.239
0.256
0.440
0.188
0.000
0.188
0.266
0.228
0.173
0.148
0.188
0.181
0.239
0.266
0.281
0.256
0.286
0.276
0.239
0.342
0.365
0.215
0.295
0.245
0.609
0.736
0.401
0.350
0.418
0.342
0.261
0.394
0.342
0.202
0.318
0.342
0.215
0.215
0.387
0.256
0.411
0.326
0.276
0.256
0.300
0.408
0.354
0.322
0.338
0.233
0.271
0.318
0.326
0.209
0.000
0.322
0.261
0.437
0.233
0.138
0.562
0.591
0.369
0.847
0.951
0.918
0.921
0.881
0.815
0.600
0.611
0.812
0.845
0.919
0.958
0.835
0.929
0.771
0.604
0.815
0.735
0.729
0.774
0.586
0.769
0.843
0.883
0.758
0.736
0.704
0.694
0.884
0.853
0.815
0.880
0.974
1.043
1.033
1.028
1.008
0.938
0.913
0.963
0.951
0.940
0.957
0.950
0.989
0.940
0.855
0.731
0.342
0.322
0.188
0.000
0.824
0.562
0.802
0.550
0.916
0.884
0.774
0.662
0.720
0.542
0.753
0.786
0.740
0.664
0.702
0.781
0.664
0.704
0.644
0.776
0.832
0.895
0.915
0.922
0.957
0.990
0.975
0.964
0.957
1.018
0.907
0.858
0.853
0.804
0.810
0.753
0.776
0.764
0.835
0.870
0.870
0.878
0.884
0.898
0.941
0.955
0.990
0.996
0.802
0.965
1.007
0.848
0.362
0.866
0.883
0.856
0.963
0.995
0.990
0.929
0.875
0.881
0.723
0.476
0.838
0.714
0.742
0.800
0.792
0.666
0.723
0.604
0.756
0.652
0.812
0.817
0.747
0.912
0.913
0.953
0.904
0.880
0.895
0.838
0.567
0.785
0.916
0.853
0.847
0.870
0.764
0.869
0.842
0.804
0.658
0.720
0.886
0.615
0.873
0.689
0.922
0.788
0.685
0.635
0.600
0.618
0.597
0.718
0.870
0.892
1.008
0.864
0.929
0.993
0.950
0.940
0.997
0.965
0.961
0.993
0.990
0.842
0.928
0.855
0.736
0.928
0.958
0.804
0.698
0.658
0.720
0.586
0.532
0.527
0.702
0.829
0.840
