0.675
0.801
0.675
0.721
0.896
0.882
0.884
0.942
0.923
0.830
0.533
0.732
0.779
0.671
0.830
0.808
0.726
0.728
0.747
0.711
0.823
0.688
0.655
0.686
0.816
0.737
0.680
0.724
0.697
0.748
0.736
0.614
0.642
0.629
0.610
0.748
0.713
0.856
0.570
0.512
0.596
0.636
0.705
0.779
0.507
0.724
0.838
0.689
0.366
0.589
0.811
0.808
0.591
0.691
0.794
0.722
0.507
0.705
0.757
0.479
0.659
0.701
0.655
0.830
0.794
0.699
0.722
0.705
0.873
0.796
0.651
0.501
0.745
0.717
0.465
0.536
0.563
0.736
0.649
0.501
0.806
0.612
0.669
0.715
0.663
0.734
0.853
0.875
0.752
0.878
0.724
0.816
0.810
0.808
0.876
0.686
0.669
0.358
0.699
0.811
0.756
0.684
0.841
0.860
0.910
0.941
0.886
0.833
0.983
0.955
0.982
1.014
0.948
0.974
0.878
0.766
0.911
0.836
0.931
0.904
0.728
0.859
1.001
0.926
0.999
1.008
1.040
1.004
1.018
1.020
1.001
0.975
0.997
0.947
0.964
0.941
0.251
0.950
0.976
0.950
0.947
0.961
0.951
0.945
0.910
0.659
0.715
0.705
0.715
0.401
0.202
0.188
0.784
0.699
0.711
0.684
0.663
0.671
0.577
0.747
0.570
0.713
0.647
0.384
0.202
0.779
0.709
0.671
0.825
0.655
0.763
0.815
0.713
0.721
0.686
0.551
0.610
0.543
0.453
0.381
0.456
0.618
0.573
0.523
0.556
0.605
0.568
0.450
0.667
0.431
0.450
0.612
0.730
0.794
0.734
0.801
0.530
0.488
0.520
0.748
0.805
0.803
0.901
0.878
0.841
0.661
0.920
0.889
0.952
0.931
0.932
0.978
0.964
0.975
0.958
0.932
0.647
0.791
0.803
0.695
0.603
0.713
0.649
0.591
0.640
0.501
0.428
0.890
0.355
0.697
0.867
0.798
0.391
0.806
0.401
0.300
0.428
0.556
0.831
0.509
0.826
0.825
0.808
0.580
0.926
0.920
0.826
0.739
0.937
0.941
0.928
0.929
0.944
0.899
0.890
0.870
0.902
0.910
0.904
0.862
0.686
0.431
0.864
0.896
0.859
0.892
0.793
0.551
0.811
0.808
0.822
0.840
0.841
0.625
0.610
0.823
0.879
0.893
0.878
0.907
0.934
0.788
0.825
0.872
0.772
0.732
0.757
0.765
0.713
0.846
0.465
0.691
0.632
0.719
0.772
0.890
0.750
0.788
0.835
0.908
0.929
1.008
1.014
1.035
1.011
1.036
1.027
0.986
0.995
0.976
1.019
0.948
0.896
0.881
0.868
0.788
0.724
0.655
0.901
0.923
0.926
0.992
1.007
0.978
0.974
0.947
1.007
1.035
1.034
1.039
0.988
1.003
0.983
0.964
0.961
0.952
0.876
0.882
0.898
0.647
0.465
0.766
0.616
0.745
0.553
0.701
0.743
0.515
0.892
0.928
0.935
0.938
0.922
0.938
0.803
0.892
0.864
0.838
0.836
0.820
0.867
0.697
0.838
0.756
0.779
0.789
0.649
0.736
0.810
0.794
0.736
0.703
0.779
0.653
0.768
0.857
0.868
0.955
0.961
0.999
1.019
0.999
0.965
0.972
0.950
1.041
1.024
0.938
0.954
0.800
0.823
0.878
0.843
0.782
0.722
0.813
0.952
0.988
0.983
0.864
0.957
0.851
0.663
0.803
0.741
0.754
0.938
0.937
0.957
0.969
0.938
0.841
0.825
0.684
0.825
0.541
0.636
0.887
0.701
0.655
0.651
0.707
0.794
0.786
0.825
0.898
0.993
0.952
0.988
0.986
0.990
0.985
1.060
1.028
1.034
1.008
1.020
0.995
0.960
0.982
0.948
0.981
0.951
0.935
0.873
0.745
0.815
0.822
0.800
0.782
0.538
0.440
0.499
0.629
0.565
0.627
0.741
0.756
0.695
0.601
0.673
0.686
0.618
0.703
0.536
0.752
0.743
0.598
0.719
0.675
0.695
0.669
0.612
0.565
0.358
0.496
0.468
0.408
0.616
0.724
0.752
0.512
0.737
0.671
0.653
0.575
0.479
0.629
0.473
0.695
0.440
0.693
0.730
0.726
0.750
0.689
0.686
0.541
0.594
0.689
0.456
0.453
0.520
0.800
0.594
0.642
0.649
0.488
0.561
0.431
0.682
0.748
0.520
0.667
0.594
0.649
0.724
0.808
0.961
0.961
0.992
0.957
0.935
0.838
0.904
0.895
0.893
0.939
0.923
0.941
0.931
1.014
1.014
0.964
0.955
1.031
1.010
1.060
1.019
1.011
1.034
0.993
0.657
0.848
0.761
0.634
0.721
0.849
0.800
0.941
0.879
0.985
0.989
0.851
0.788
0.781
0.736
0.960
0.818
0.938
0.971
0.873
0.754
0.914
0.808
0.724
0.707
0.580
0.761
0.793
0.655
0.669
0.763
0.741
0.948
0.873
0.750
0.556
0.794
0.473
0.634
0.713
0.603
0.942
1.003
0.925
0.997
0.972
0.951
0.882
0.952
0.974
0.969
0.958
0.955
1.010
1.003
0.974
1.010
1.012
1.003
0.993
0.999
0.995
0.961
0.961
0.952
0.942
0.789
0.750
0.573
0.703
0.794
0.509
0.709
0.428
0.517
0.775
0.838
0.765
0.763
0.823
0.808
0.928
0.806
0.768
0.632
0.594
0.730
0.789
0.765
0.496
0.703
0.825
0.684
0.594
0.840
0.728
0.763
0.623
0.520
0.825
0.636
0.867
0.796
0.784
0.499
0.728
0.920
0.838
0.791
0.873
0.781
0.777
0.752
0.810
0.979
1.079
0.886
0.737
0.865
0.870
0.942
0.913
0.914
0.917
0.846
0.856
0.838
0.836
0.844
0.856
0.800
0.841
0.786
0.794
0.594
0.659
0.659
0.647
0.688
0.632
0.391
0.805
0.663
0.691
0.786
0.810
0.788
0.737
0.675
0.728
0.680
0.431
0.573
0.525
0.853
0.813
0.644
0.763
0.811
0.794
1.056
0.848
0.876
0.841
0.846
0.693
0.833
0.553
0.493
0.745
0.675
0.741
0.840
0.756
0.867
0.895
0.931
0.979
0.995
0.982
0.979
0.934
1.007
1.014
0.750
0.968
0.840
0.872
0.752
0.757
0.828
0.899
0.964
0.954
0.957
0.993
0.965
1.014
1.024
1.026
1.031
1.010
1.032
1.040
0.985
0.993
0.975
1.000
0.961
0.978
0.960
0.942
0.754
0.919
0.754
0.791
0.719
0.820
0.815
0.717
0.536
0.724
0.705
0.815
0.786
0.659
0.601
0.766
0.695
0.750
0.899
0.766
0.638
0.591
0.682
0.768
0.499
0.878
0.765
0.786
0.887
0.661
0.627
0.777
0.610
0.722
0.844
0.816
0.775
0.784
0.701
0.686
0.462
0.580
0.789
0.675
0.669
0.844
0.717
0.673
0.657
0.697
0.689
0.627
0.741
0.726
0.841
0.697
0.759
0.757
0.561
0.777
0.642
0.859
0.754
0.840
0.854
0.543
0.853
0.929
1.026
0.968
0.901
0.950
0.920
0.941
0.982
1.010
1.005
1.049
0.971
0.967
0.969
0.988
0.999
0.846
0.986
0.928
0.766
0.816
0.743
0.784
0.788
0.739
0.765
0.734
0.939
0.974
1.003
1.022
1.012
1.015
1.014
1.008
1.030
1.020
1.024
0.997
0.989
0.928
0.992
0.944
0.957
0.965
0.893
0.961
0.895
0.736
0.779
0.719
0.580
0.737
0.722
0.614
0.782
0.759
0.629
0.844
0.833
0.774
0.770
0.784
0.892
0.865
0.951
0.934
0.952
0.931
0.960
0.955
1.000
0.950
0.979
0.851
0.669
0.589
0.601
0.636
0.625
0.465
0.388
0.281
0.499
0.488
0.450
0.437
0.291
0.408
0.523
0.473
0.482
0.625
0.523
0.543
0.647
0.610
0.584
0.488
0.561
0.525
0.623
0.485
0.490
0.860
0.983
0.741
0.377
0.384
0.251
0.326
0.228
0.277
0.563
0.736
0.543
0.347
0.421
0.722
0.493
0.589
0.584
0.558
0.408
0.355
0.421
0.584
0.565
0.188
0.209
0.173
0.074
0.000
0.074
0.188
0.222
0.188
0.173
0.091
0.000
0.209
0.074
0.202
0.165
0.117
0.000
0.209
0.000
0.117
0.105
0.188
0.314
0.421
0.711
0.808
0.838
0.653
0.765
0.828
0.857
0.895
0.840
0.857
0.796
0.937
0.843
0.805
0.826
0.774
0.748
0.788
0.671
0.697
0.715
0.686
0.803
0.803
0.782
0.801
0.820
0.745
0.825
0.860
0.862
0.865
0.867
0.875
0.931
0.899
0.952
0.854
0.748
0.972
1.010
0.962
0.937
0.986
0.898
0.890
0.777
0.711
0.642
0.831
1.032
1.005
0.910
1.001
1.018
1.024
1.011
1.024
1.011
1.027
1.015
0.995
0.941
0.934
0.932
0.990
0.951
0.913
0.951
0.914
0.756
0.663
0.671
0.779
0.667
0.823
0.781
0.893
0.756
0.775
0.401
0.533
0.757
0.757
0.796
0.873
0.775
0.570
0.669
0.632
0.629
0.699
0.831
0.798
0.561
0.661
0.636
0.713
0.659
0.669
0.515
0.482
0.568
0.587
0.465
0.651
0.798
0.798
0.763
0.496
0.621
0.563
0.485
0.618
0.504
0.501
0.768
0.675
0.536
0.763
0.618
0.434
0.462
0.499
0.543
0.434
0.728
0.728
0.840
0.881
0.786
0.277
0.326
0.715
0.820
0.734
0.805
0.291
0.689
0.872
0.937
0.932
0.922
0.859
0.947
0.979
0.969
0.982
1.003
0.978
1.000
0.610
0.209
0.347
0.296
0.228
0.286
0.358
0.240
0.309
0.291
0.309
0.366
0.277
0.331
0.326
0.418
0.355
0.362
0.314
0.358
0.296
0.157
0.305
0.209
0.300
0.309
0.286
0.453
0.459
0.551
0.318
0.561
0.496
0.358
0.331
0.358
0.188
0.117
0.074
0.074
0.165
0.105
0.000
0.181
0.157
0.000
0.074
0.128
0.000
0.000
0.138
0.091
0.000
0.074
0.105
0.000
0.091
0.000
0.181
0.000
0.000
0.000
0.000
0.128
0.000
0.222
0.196
0.000
0.128
0.000
0.128
0.000
0.553
0.901
0.958
0.996
0.999
1.008
0.999
0.968
0.859
0.833
0.784
0.902
0.892
0.865
0.808
0.781
0.826
0.836
0.908
0.899
0.926
0.678
0.732
0.485
0.343
0.415
0.504
0.739
0.561
0.612
0.538
0.663
0.822
0.726
0.811
0.763
0.711
0.745
0.754
0.860
0.840
0.825
0.868
0.816
0.893
0.929
0.942
0.905
0.993
0.992
0.997
1.018
1.015
1.004
1.004
0.939
0.960
0.889
0.917
0.967
0.948
0.911
0.926
0.934
0.947
0.926
0.754
0.808
0.632
0.667
0.759
0.889
0.914
0.682
0.870
0.835
0.830
0.813
0.715
0.734
0.703
0.811
0.831
0.862
0.904
0.986
0.939
0.934
1.010
1.001
1.001
0.997
0.995
0.996
1.003
0.988
1.004
0.995
1.010
1.022
1.019
1.020
0.941
0.945
0.917
0.772
0.772
0.689
0.405
0.548
0.453
0.781
0.857
0.825
0.951
0.967
0.910
0.983
1.075
1.079
1.049
1.018
0.986
0.997
1.004
1.004
0.990
0.989
1.020
1.016
1.004
0.997
0.941
0.952
0.962
0.957
0.957
0.851
0.736
0.889
0.745
0.691
0.582
0.693
0.745
0.728
0.719
0.649
0.663
0.763
0.793
0.612
0.661
0.594
0.493
0.752
0.584
0.747
0.886
0.879
0.848
0.820
0.794
0.823
0.868
0.813
0.865
0.895
0.931
0.979
0.937
0.889
0.901
0.844
0.843
0.860
0.910
0.944
0.905
0.890
0.794
0.806
0.889
0.879
0.806
0.801
0.960
0.875
0.976
1.024
0.951
0.983
0.989
1.026
1.058
0.995
0.864
0.907
0.928
0.882
0.761
0.823
0.908
0.709
0.684
0.689
0.722
0.575
0.775
0.796
0.865
0.968
0.960
0.917
0.919
0.954
0.983
0.961
0.951
0.928
0.840
0.867
0.854
0.848
0.882
0.902
0.853
0.815
0.892
0.859
0.873
0.848
0.779
0.703
0.786
0.680
0.541
0.351
0.699
0.777
0.828
0.801
0.726
0.759
0.784
0.743
0.800
0.822
0.823
0.830
0.806
0.659
0.745
0.730
0.607
0.724
0.721
0.820
0.747
0.707
0.688
0.661
0.591
0.476
0.655
0.251
0.570
0.610
0.568
0.811
0.811
0.763
0.798
0.665
0.629
0.765
0.811
0.867
0.815
0.823
0.828
0.923
0.941
0.904
0.955
0.686
0.815
0.965
0.868
0.841
0.932
0.854
0.967
0.985
1.020
0.999
0.986
1.026
1.041
1.022
1.012
1.036
0.972
0.982
0.983
0.947
0.965
0.976
0.896
0.931
0.801
0.788
0.665
0.138
0.272
0.543
0.343
0.798
0.756
0.781
0.577
0.739
0.774
0.808
0.659
0.904
0.950
0.975
1.035
1.035
0.981
1.008
1.005
1.015
0.992
0.985
1.004
0.975
0.942
0.942
0.990
0.969
0.952
0.711
0.682
0.618
0.515
0.632
0.421
0.347
0.305
0.473
0.251
0.377
0.465
0.335
0.261
0.196
0.234
0.251
0.314
0.256
0.281
0.256
0.291
0.138
0.318
0.222
0.222
0.261
0.261
0.277
0.296
0.391
0.300
0.322
0.388
0.309
0.309
0.281
0.335
0.440
0.381
0.309
0.267
0.366
0.322
0.256
0.322
0.296
0.256
0.314
0.322
0.322
0.251
0.261
0.291
0.314
0.300
0.286
0.300
0.300
0.322
0.456
0.347
0.267
0.091
0.251
0.173
0.245
0.277
0.251
0.128
0.202
0.196
0.148
0.240
0.653
0.878
0.922
0.914
0.865
0.649
0.612
0.811
0.721
0.627
0.680
0.563
0.351
0.788
0.721
0.841
0.856
0.856
0.811
0.793
0.935
0.859
0.794
0.782
0.682
0.794
0.699
0.640
0.806
0.879
0.736
0.841
0.752
0.836
0.747
0.793
0.707
0.791
0.638
0.616
0.703
0.745
0.901
0.884
0.908
0.865
0.864
0.986
0.761
0.859
0.916
0.860
0.947
0.989
1.000
1.019
1.022
1.062
1.056
1.045
1.012
1.030
0.979
1.001
1.032
0.982
0.800
0.932
0.810
0.789
0.717
0.823
0.908
0.794
0.507
0.272
0.418
0.561
0.665
0.747
0.644
0.671
0.887
0.823
0.835
0.806
0.818
0.989
1.023
0.979
1.005
1.005
1.007
1.010
1.011
1.004
1.015
0.992
0.995
0.979
0.962
0.979
0.982
0.954
0.978
0.913
0.926
0.686
0.705
0.752
0.784
0.789
0.761
0.781
0.754
0.739
0.736
0.705
0.689
0.623
0.501
0.570
0.673
0.667
0.434
0.805
0.678
0.548
0.582
0.355
0.216
0.335
0.623
0.625
0.000
0.000
0.541
0.657
0.476
0.711
0.705
0.610
0.632
0.669
0.558
0.682
0.543
0.719
0.543
0.309
0.703
0.768
0.796
0.748
0.649
0.636
0.786
0.793
0.825
0.825
0.849
0.840
0.882
0.925
0.841
0.747
0.788
0.693
0.431
0.754
0.777
0.857
0.736
0.781
0.686
0.647
0.816
0.862
0.815
0.803
0.865
0.857
0.899
0.892
0.950
0.968
0.964
0.999
0.974
0.979
1.016
1.014
1.011
0.899
0.972
0.823
0.434
0.820
0.867
0.737
0.373
0.745
0.709
0.739
0.747
0.721
0.528
0.267
0.347
0.556
0.719
0.775
0.415
0.490
0.741
0.726
0.381
0.587
0.878
0.975
0.962
0.965
0.978
1.007
1.019
1.011
0.978
0.989
0.997
0.990
0.935
0.968
0.981
0.982
0.999
0.950
0.941
0.938
0.541
0.485
0.256
0.305
0.286
0.339
0.355
0.286
0.245
0.277
0.165
0.272
0.391
0.256
0.256
0.105
0.267
0.318
0.309
0.240
0.216
0.228
0.222
0.763
0.947
0.902
0.889
0.969
0.938
0.854
0.754
0.713
0.659
0.680
0.732
0.748
0.810
0.840
0.775
0.831
0.686
0.759
0.822
0.823
0.836
0.841
0.728
0.844
0.724
0.805
0.849
0.765
0.843
0.828
0.803
0.757
0.789
0.634
0.719
0.793
0.655
0.616
0.737
0.818
0.730
0.612
0.546
0.625
0.695
0.717
0.512
0.659
0.701
0.793
0.754
0.763
0.551
0.520
0.678
0.629
0.501
0.632
0.647
0.879
0.810
0.669
0.717
0.899
0.810
0.782
0.779
0.810
0.794
0.865
0.945
0.770
0.663
0.872
1.044
0.805
1.003
1.015
0.961
1.001
0.988
0.979
0.955
1.053
1.030
0.870
0.808
0.684
0.682
0.864
0.853
0.722
0.944
0.997
1.038
1.043
1.010
0.995
0.993
0.992
0.989
0.982
0.997
0.989
0.958
0.960
0.958
0.976
0.887
0.854
0.739
0.750
0.730
0.789
0.826
0.872
0.722
0.629
0.703
0.682
0.621
0.825
0.914
0.898
0.815
0.849
0.872
0.836
0.759
0.826
0.860
0.777
0.876
0.872
0.899
0.969
0.974
0.988
0.997
0.983
1.010
0.988
0.957
0.914
0.859
0.911
0.947
0.985
0.989
0.978
0.993
0.996
0.986
0.948
0.981
0.745
0.747
0.919
0.582
0.948
0.928
0.786
0.351
0.488
0.596
0.741
0.916
0.886
0.678
0.870
0.610
0.499
0.730
0.715
0.657
0.781
0.810
0.879
0.947
0.908
0.969
1.018
1.008
0.993
1.008
0.997
1.008
1.016
1.026
0.985
0.954
0.919
0.919
0.914
0.902
0.952
0.865
0.971
0.954
0.961
0.892
0.899
0.879
0.473
0.750
0.810
0.835
0.509
0.818
0.948
0.836
0.808
0.954
0.913
0.747
0.697
0.553
0.553
0.607
0.759
0.719
0.667
0.705
0.401
0.846
0.794
0.811
0.661
0.548
0.796
0.794
0.752
0.739
0.759
0.577
0.632
0.598
0.684
0.707
0.512
0.634
0.793
0.568
0.803
0.841
0.889
0.896
0.904
0.851
0.910
0.934
0.849
0.928
0.902
0.889
0.925
0.899
0.983
1.004
0.954
0.846
0.892
0.960
0.947
1.010
0.765
0.148
0.105
0.261
0.128
0.234
0.181
0.188
0.091
0.165
0.181
0.209
0.228
0.000
0.000
0.331
0.901
0.989
0.902
0.917
0.975
1.028
0.954
0.942
0.995
0.962
0.955
0.957
0.990
0.890
0.796
0.893
0.867
0.779
0.661
0.504
0.601
0.734
0.835
0.879
0.848
0.860
0.954
0.976
0.968
1.010
0.979
1.005
1.005
1.018
0.993
0.944
0.944
0.974
0.992
0.962
0.983
0.978
1.010
0.864
0.879
0.846
0.934
0.823
0.713
0.781
0.752
0.745
0.408
0.955
0.766
0.754
0.870
0.777
0.786
0.825
0.707
0.479
0.810
0.836
0.859
0.856
0.841
0.726
0.890
0.828
0.990
0.870
0.862
0.836
0.945
0.969
0.957
0.948
0.957
1.000
0.948
0.925
0.216
0.971
0.986
0.988
1.019
1.011
0.997
0.558
0.512
0.625
0.665
0.607
0.563
0.507
0.401
0.468
0.496
0.515
0.351
0.412
0.678
0.856
0.605
0.398
0.862
0.910
0.989
0.931
0.945
1.039
0.993
1.007
0.972
0.934
1.005
0.928
0.818
0.627
0.408
0.470
0.326
0.573
0.523
0.752
0.421
0.823
0.813
0.828
0.734
0.538
0.815
0.859
0.642
0.825
0.747
0.627
0.748
0.719
0.779
0.651
0.642
0.942
1.003
1.010
0.905
1.004
0.983
1.018
0.989
1.023
1.019
1.016
0.985
0.999
1.001
1.003
0.957
0.945
0.916
0.899
0.960
0.932
0.920
0.649
0.680
0.741
0.934
0.779
0.726
0.831
0.823
0.754
0.811
0.825
0.717
0.820
0.678
0.642
0.715
0.761
0.482
0.756
0.791
0.530
0.691
0.739
0.902
0.886
0.691
0.563
0.591
0.675
0.705
0.811
0.691
0.756
0.596
0.743
0.848
0.808
0.765
0.789
0.651
0.826
0.757
0.722
0.715
0.587
0.849
0.675
0.616
0.659
0.759
0.642
0.737
0.763
0.899
0.655
0.680
0.774
0.833
0.784
0.761
0.752
0.734
0.644
0.798
0.642
0.541
0.881
0.952
0.822
0.788
0.935
0.965
0.904
0.862
0.770
0.748
0.709
0.893
0.945
0.752
0.941
0.881
0.882
0.860
0.944
0.952
0.951
0.957
0.923
0.820
0.823
0.825
0.651
0.838
0.798
0.625
0.761
0.743
0.732
0.784
0.530
0.669
0.813
0.741
0.878
0.899
0.788
0.913
0.925
0.902
0.895
0.854
0.820
0.916
0.882
0.908
0.929
0.948
0.944
0.899
0.955
0.893
0.986
1.030
0.997
1.052
1.007
1.047
1.018
0.944
1.000
1.000
0.986
0.879
0.523
0.917
0.974
0.955
0.899
0.908
0.830
0.736
0.856
0.904
0.843
0.917
0.568
0.596
0.509
0.412
0.470
0.724
0.736
0.932
0.857
0.932
0.935
0.929
0.884
0.673
0.763
0.934
0.999
0.997
0.985
1.039
1.000
1.022
0.981
1.018
1.012
1.011
0.996
0.983
0.982
0.947
0.955
0.938
0.873
0.923
0.721
0.848
0.612
0.647
0.675
0.743
0.791
0.754
0.848
0.870
0.591
0.728
0.788
0.838
0.857
0.864
0.899
0.895
0.848
0.884
0.899
0.942
0.870
0.941
0.890
0.979
0.937
0.988
0.975
0.954
0.741
0.625
0.437
0.732
0.713
0.437
0.453
0.434
0.326
0.281
0.343
0.428
0.568
0.553
0.688
0.551
0.734
0.932
0.504
0.507
0.682
0.543
0.362
0.395
0.256
0.165
0.000
0.209
0.000
0.000
0.188
0.216
0.138
0.091
0.251
0.216
0.000
0.074
0.165
0.000
0.000
0.000
0.000
0.052
0.105
0.000
0.117
0.000
0.000
0.157
0.761
0.875
0.957
0.951
0.975
1.010
1.010
0.752
0.919
0.962
1.014
1.005
1.008
0.989
1.027
0.941
0.896
0.865
0.820
0.806
0.801
0.669
0.775
0.908
0.968
0.873
0.688
0.570
0.803
0.934
0.919
0.985
0.826
0.916
0.752
0.889
0.950
1.005
0.925
0.870
0.999
1.001
1.048
1.016
1.030
1.031
0.985
1.012
0.971
1.008
0.971
0.999
0.972
0.932
0.955
0.923
0.890
0.853
0.848
0.665
0.713
0.703
0.757
0.798
0.715
0.623
0.512
0.577
0.644
0.811
0.772
0.910
0.867
0.892
0.859
0.826
0.722
0.784
0.895
0.857
0.961
0.979
0.916
0.876
0.840
0.739
0.796
0.697
0.450
0.786
0.482
0.625
0.632
0.682
0.669
0.872
0.916
0.950
1.028
1.001
0.968
1.035
1.041
1.001
1.019
1.005
0.993
1.003
1.001
0.908
0.759
0.875
0.800
0.750
0.713
0.691
0.835
0.905
1.005
0.983
0.663
0.629
0.465
0.836
0.565
0.961
0.870
0.969
0.886
0.916
1.003
1.047
1.048
1.019
1.015
1.000
0.989
0.995
1.014
1.018
0.997
0.989
0.964
0.955
0.975
0.974
0.768
0.719
0.800
0.848
0.784
0.577
0.813
0.806
0.717
0.722
0.788
0.734
0.875
0.788
0.663
0.860
0.612
0.752
0.691
0.594
0.517
0.680
0.772
0.665
0.759
0.245
0.281
0.782
0.823
0.859
0.857
0.763
0.623
0.689
0.781
0.793
0.759
0.715
0.616
0.570
0.697
0.741
0.748
0.501
0.831
0.794
0.756
0.761
0.851
0.794
0.791
0.813
0.820
0.816
0.726
0.831
0.765
0.838
0.801
0.786
0.826
0.748
0.707
0.632
0.596
0.649
0.575
0.774
0.722
0.621
0.473
0.757
0.536
0.614
0.625
0.657
0.548
0.770
0.629
0.703
0.421
0.724
0.667
0.558
0.697
0.697
0.756
0.653
0.653
0.533
0.916
0.971
0.499
0.565
0.636
0.479
0.831
0.761
0.770
0.598
0.612
0.621
0.632
0.831
0.774
0.788
0.796
0.784
0.680
0.509
0.825
0.789
0.892
0.979
1.005
0.997
0.972
0.838
0.957
0.838
0.732
0.825
0.965
1.010
1.000
0.999
1.012
1.005
0.989
1.020
1.012
1.000
0.993
1.000
1.010
0.951
0.968
0.976
0.975
0.948
0.934
0.830
0.421
0.339
0.732
0.815
0.695
0.573
0.789
0.828
0.765
0.653
0.761
0.803
0.788
0.884
0.886
0.873
0.904
0.854
0.870
0.964
0.926
0.822
0.351
0.222
0.836
0.870
0.793
0.896
0.896
0.841
0.765
0.813
0.916
0.896
0.859
0.772
0.793
0.793
0.856
0.822
0.828
0.743
0.843
0.754
0.779
0.772
0.759
0.621
0.745
0.695
0.688
0.541
0.528
0.488
0.689
0.663
0.841
0.412
0.496
0.623
0.717
0.485
0.853
0.614
0.699
0.678
0.657
0.806
0.859
0.954
1.028
1.038
0.995
1.016
0.844
0.873
0.937
0.875
0.782
0.835
0.948
0.732
0.388
0.548
0.737
0.673
0.644
0.836
0.825
0.655
0.398
0.721
0.673
0.868
0.968
1.034
1.022
0.867
0.986
1.023
1.012
0.954
1.007
0.957
1.034
1.022
0.982
0.971
1.005
1.003
0.958
0.948
0.967
0.948
0.958
0.726
0.743
0.730
0.688
0.709
0.818
0.594
0.553
0.640
0.838
0.761
0.719
0.695
0.757
0.667
0.541
0.761
0.612
0.490
0.473
0.551
0.902
0.591
0.756
0.865
0.745
0.745
0.754
0.811
0.747
0.591
0.715
0.456
0.565
0.605
0.784
0.638
0.605
0.741
0.682
0.689
0.752
0.625
0.732
0.791
0.659
0.682
0.810
0.768
0.408
0.667
0.580
0.680
0.721
0.431
0.437
0.741
0.612
0.659
0.450
0.493
0.343
0.748
0.618
0.717
0.736
0.777
0.684
0.697
0.794
0.734
0.745
0.584
0.770
0.786
0.843
0.558
0.743
0.618
0.730
0.784
0.673
0.774
0.951
0.890
0.697
0.689
0.553
0.655
0.884
0.870
0.667
0.667
0.541
0.719
0.705
0.709
0.757
0.836
0.594
0.561
0.873
0.788
0.774
0.784
0.541
0.314
0.589
0.759
0.509
0.766
0.699
0.777
0.798
0.815
0.830
0.923
0.876
0.957
0.989
0.695
0.366
0.245
0.157
0.305
0.309
0.621
0.848
0.920
0.752
0.756
0.713
0.395
0.388
0.741
0.381
0.300
0.267
0.272
0.558
0.886
0.848
0.899
0.737
0.736
0.867
0.768
0.561
0.830
0.864
0.958
0.892
0.843
0.860
0.939
0.942
0.974
0.825
0.904
0.951
0.917
0.990
0.954
1.007
0.986
1.020
1.016
1.012
0.995
0.964
0.992
0.974
0.972
0.962
0.929
0.961
0.968
0.899
0.944
0.910
0.680
0.818
0.848
0.840
0.721
0.530
0.766
0.761
0.651
0.546
0.673
0.697
0.663
0.853
0.856
0.865
0.791
0.818
0.826
0.938
0.910
0.818
0.905
0.848
0.892
0.822
0.831
0.798
0.786
0.784
0.843
0.657
0.384
0.453
0.737
0.695
0.456
0.351
0.711
0.673
0.657
0.886
0.623
0.558
0.640
0.707
0.730
0.523
0.791
0.644
0.794
0.724
0.605
0.638
0.782
0.788
0.577
0.612
0.873
0.684
0.682
0.616
0.737
0.772
0.728
0.732
0.840
0.836
0.770
0.625
0.775
0.972
0.705
0.638
1.076
0.935
0.881
0.942
1.012
0.957
1.008
0.995
0.990
0.919
0.528
0.657
0.862
0.591
0.507
0.632
0.594
0.601
0.465
0.286
0.267
0.181
0.117
0.256
0.202
0.165
0.188
0.188
0.000
0.173
0.105
0.196
0.105
0.209
0.000
0.196
0.181
0.854
0.745
0.794
0.736
0.682
0.818
0.405
0.828
0.775
0.644
0.401
0.300
0.450
0.610
0.450
0.314
0.300
0.412
0.440
0.251
0.277
0.188
0.373
0.305
0.582
0.479
0.347
0.245
0.117
0.234
0.267
0.281
0.286
0.286
0.277
0.434
0.366
0.730
0.331
0.261
0.339
0.296
0.173
0.234
0.296
0.202
0.261
0.707
0.779
0.358
0.669
0.975
0.610
0.388
0.750
0.686
0.536
0.864
0.782
0.707
0.717
0.688
0.830
0.623
0.625
0.671
0.734
0.887
0.947
1.026
1.014
0.989
0.955
0.961
0.983
0.976
1.005
0.962
1.001
0.993
1.000
0.999
0.967
0.965
0.958
0.964
0.934
0.358
0.351
0.732
0.296
0.351
0.584
0.717
0.362
0.091
0.188
0.165
0.157
0.355
0.117
0.000
0.165
0.000
0.105
0.128
0.117
0.272
0.000
0.000
0.128
0.105
0.000
0.105
0.091
0.715
0.638
0.868
0.911
0.811
0.568
0.808
0.512
0.680
0.689
0.640
0.669
0.623
0.920
0.831
0.818
0.757
0.830
0.800
0.551
0.625
0.717
0.625
0.816
0.816
0.838
0.748
0.823
0.935
0.879
0.893
0.873
0.944
0.757
0.865
0.759
0.823
0.881
0.916
0.941
0.920
0.904
0.788
0.745
0.614
0.786
0.682
0.728
0.808
0.831
0.663
0.836
0.719
0.920
0.901
0.925
1.018
0.945
0.990
0.988
0.967
0.983
1.018
0.965
0.995
0.929
0.955
0.981
0.979
0.860
0.969
0.860
0.748
0.627
0.305
0.202
0.222
0.234
0.138
0.188
0.000
0.188
0.000
0.209
0.105
0.000
0.000
0.000
0.128
0.222
0.148
0.091
0.074
0.117
0.165
0.000
0.148
0.000
0.000
0.000
0.428
0.844
0.575
0.605
0.322
0.358
0.314
0.196
0.128
0.347
0.717
0.678
0.815
0.496
0.479
0.440
0.686
0.355
0.523
0.831
0.649
0.625
0.616
0.864
0.691
0.793
0.810
0.689
0.636
0.775
0.634
0.793
0.689
0.730
0.803
0.750
0.879
0.881
0.734
0.705
0.875
0.914
0.935
0.911
0.934
0.932
0.981
0.955
0.925
0.899
0.929
0.958
0.988
0.975
0.979
0.992
0.997
0.968
0.944
0.961
0.932
0.954
0.962
0.859
0.318
0.699
0.722
0.756
0.853
0.786
0.730
0.680
0.591
0.561
0.805
0.659
0.777
0.757
0.766
0.623
0.701
0.831
0.754
0.721
0.644
0.844
0.840
0.825
0.596
0.580
0.558
0.684
0.605
0.779
0.707
0.890
0.875
0.826
0.777
0.896
0.958
0.905
0.901
0.908
0.925
0.822
0.854
0.815
0.791
0.794
0.745
0.711
0.695
0.757
0.570
0.822
0.728
0.789
0.853
0.801
0.801
0.816
0.867
0.853
0.811
0.693
0.846
0.836
0.875
0.810
0.846
0.766
0.584
0.721
0.818
0.351
0.808
0.691
0.890
0.917
0.968
0.986
1.032
1.028
0.939
0.816
0.828
0.796
0.878
0.916
0.825
0.825
0.726
0.808
0.793
0.851
0.774
0.971
0.931
0.968
0.904
0.979
1.008
0.999
0.996
0.975
0.917
0.975
1.015
1.020
1.028
1.030
1.012
1.016
0.983
0.992
1.001
0.995
0.958
0.972
0.941
0.889
0.757
0.882
0.813
0.401
0.719
0.851
0.831
0.784
0.627
0.741
0.701
0.709
0.876
0.798
0.770
0.830
0.759
0.763
0.775
0.616
0.777
0.763
0.867
0.836
0.737
0.717
0.777
0.697
0.761
0.805
0.610
0.699
0.699
0.655
0.715
0.822
0.846
0.618
0.610
0.717
0.722
0.717
0.530
0.709
0.686
0.563
0.607
0.587
0.548
0.476
0.763
0.688
0.730
0.488
0.640
0.843
0.661
0.627
0.610
0.796
0.601
0.621
0.734
0.835
0.872
0.675
0.625
0.512
0.705
0.707
0.447
0.784
0.833
0.616
0.957
0.563
0.808
0.625
0.517
0.548
0.512
0.781
0.603
0.728
0.577
0.591
1.022
0.967
1.016
0.990
0.995
0.945
0.925
0.972
0.981
0.931
0.931
0.931
0.990
1.010
0.972
1.045
1.012
0.964
0.914
0.873
0.830
0.421
0.680
0.853
0.490
0.575
0.707
0.431
0.789
0.745
0.761
0.862
0.868
1.100
0.996
0.938
0.969
0.993
0.603
0.920
0.945
0.822
0.856
0.833
0.728
0.833
0.857
0.791
0.811
0.781
0.717
0.671
0.734
0.705
0.857
0.686
0.640
0.673
0.768
0.775
0.782
0.644
0.745
0.673
0.747
0.647
0.761
0.625
0.846
0.904
0.642
0.693
0.703
0.745
0.536
0.759
0.669
0.520
0.546
0.607
0.803
0.589
0.659
0.653
0.736
0.596
0.695
0.673
0.691
0.815
0.575
0.558
0.638
0.476
0.610
0.669
0.728
0.743
0.561
0.699
0.665
0.553
0.616
0.728
0.667
0.703
0.565
0.693
0.686
0.707
0.730
0.634
0.736
0.651
0.682
0.774
0.598
0.468
0.601
0.779
0.580
0.573
0.551
0.515
0.748
0.675
0.705
0.724
0.548
0.730
0.688
0.775
0.558
0.732
0.689
0.789
0.756
0.561
0.473
0.281
0.202
0.181
0.196
0.000
0.196
0.000
0.052
0.052
0.000
0.000
0.091
0.000
0.000
0.614
0.625
0.326
0.713
0.743
0.724
0.603
0.504
0.428
0.655
0.570
0.736
0.612
0.765
0.934
0.876
0.309
0.216
0.644
0.724
0.889
0.743
0.768
0.684
0.699
0.806
0.636
0.786
0.838
0.889
0.913
0.955
0.979
0.967
0.982
0.990
1.018
0.981
0.459
0.138
0.157
0.251
0.165
0.245
0.117
0.209
0.181
0.000
0.074
0.105
0.000
0.188
0.000
0.138
0.209
0.000
0.157
0.105
0.000
0.000
0.091
0.128
0.000
0.000
0.000
0.000
0.000
0.105
0.843
0.605
0.768
0.647
0.770
0.673
0.763
0.859
0.919
0.910
0.816
0.726
0.828
0.745
0.779
0.794
0.793
0.782
0.770
0.960
0.983
0.979
1.020
1.104
1.074
0.948
0.815
0.922
0.788
0.653
0.440
0.713
0.686
0.644
0.789
0.774
0.793
0.833
0.741
0.711
0.993
1.007
1.036
0.976
0.972
0.981
0.989
0.846
0.993
1.012
1.020
1.012
1.011
1.004
1.000
0.988
0.983
0.950
0.954
0.958
0.972
0.657
0.719
0.794
0.736
0.705
0.701
0.825
0.856
0.661
0.922
0.882
0.796
0.688
0.803
0.801
0.770
0.848
0.853
0.782
0.726
0.781
0.816
0.902
0.901
0.893
0.781
0.655
0.828
0.958
0.925
0.905
0.945
0.907
0.952
0.939
0.920
0.972
0.948
0.982
0.971
1.012
0.986
1.012
0.964
0.825
0.796
0.598
0.405
0.607
0.580
0.810
0.582
0.277
0.300
0.188
0.202
0.291
0.366
0.202
0.251
0.173
0.196
0.603
0.616
0.331
0.391
0.281
0.418
0.256
0.277
0.222
0.245
0.245
0.196
0.105
0.165
0.202
0.138
0.165
0.318
0.300
0.216
0.202
0.138
0.381
0.000
0.052
0.148
0.188
0.000
0.052
0.000
0.157
0.074
0.222
0.373
0.575
0.335
0.490
0.196
0.256
0.228
0.234
0.148
0.138
0.157
0.138
0.117
0.173
0.401
0.388
0.331
0.128
0.398
0.470
0.373
0.277
0.326
0.267
0.251
0.638
0.889
0.975
1.016
1.034
1.027
0.999
0.999
1.028
0.997
0.875
0.905
0.642
0.865
0.818
0.543
0.444
0.551
0.768
0.757
0.612
0.587
0.582
0.653
0.835
0.629
0.825
1.014
0.999
0.947
0.935
0.896
0.937
1.035
1.004
1.051
1.000
0.976
0.982
1.001
1.000
0.982
0.974
0.951
0.838
0.806
0.972
0.952
0.412
0.456
0.395
0.395
0.412
0.391
0.339
0.391
0.074
0.000
0.148
0.000
0.272
0.188
0.000
0.000
0.138
0.000
0.000
0.000
0.551
0.596
0.748
0.846
0.913
0.952
0.920
0.931
0.820
0.691
0.775
0.523
0.820
0.726
0.408
0.701
0.473
0.902
0.831
0.836
0.816
0.954
0.913
0.748
0.605
0.745
0.649
0.688
0.707
0.800
0.789
0.671
0.849
0.813
0.777
0.886
0.743
0.775
0.770
0.754
0.703
0.673
0.879
0.748
0.879
0.737
0.826
0.649
0.896
0.822
0.974
0.926
0.715
0.864
0.843
0.815
0.859
0.759
0.781
0.868
0.603
0.661
0.632
0.447
0.296
0.165
0.173
0.234
0.091
0.128
0.165
0.000
0.000
0.000
0.401
0.665
0.565
0.688
0.768
0.715
0.820
0.634
0.601
0.779
0.476
0.810
0.697
0.202
0.647
0.775
0.730
0.772
0.754
0.806
0.879
0.823
0.865
0.905
0.893
0.916
0.840
0.810
0.860
0.945
0.962
0.942
0.911
0.931
0.982
1.011
0.999
1.016
0.989
1.000
1.000
1.036
1.011
0.989
1.004
0.957
0.967
0.988
0.975
0.905
0.831
0.833
0.919
0.851
0.777
0.686
0.565
0.815
0.798
0.788
0.801
0.878
0.901
1.036
0.876
0.911
0.971
0.985
1.011
1.011
1.049
1.052
1.018
0.988
1.026
0.995
0.985
0.952
0.942
0.965
0.964
0.975
0.868
0.884
0.775
0.705
0.659
0.766
0.831
0.739
0.757
0.515
0.788
0.875
0.841
0.867
0.691
0.649
0.680
0.623
0.697
0.703
0.707
0.728
0.667
0.757
0.517
0.667
0.661
0.591
0.653
0.686
0.695
0.770
0.748
0.538
0.711
0.536
0.724
0.722
0.813
0.741
0.682
0.745
0.661
0.473
0.512
0.591
0.517
0.515
0.584
0.596
0.614
0.605
0.561
0.673
0.701
0.398
0.765
0.737
0.509
0.587
0.565
0.693
0.739
0.634
0.612
0.651
0.691
0.594
0.434
0.577
0.551
0.437
0.528
0.947
0.893
0.757
0.816
0.872
0.548
0.459
0.748
0.919
0.800
0.507
0.459
0.395
0.408
0.256
0.517
0.482
0.561
0.553
0.580
0.556
0.366
0.515
0.251
0.618
0.543
0.401
0.418
0.418
0.754
0.717
0.596
0.370
0.538
0.607
0.401
0.610
0.614
0.305
0.272
0.642
0.543
