0.679
0.000
0.000
0.000
0.000
0.000
0.000
0.000
0.000
0.000
0.000
0.093
0.000
0.054
0.000
0.000
0.000
0.000
0.000
0.120
0.000
0.000
0.000
0.000
0.000
0.076
0.000
0.000
0.000
0.000
0.000
0.142
0.120
0.000
0.132
0.000
0.093
0.000
0.000
0.000
0.000
0.000
0.000
0.000
0.000
0.000
0.000
0.000
0.000
0.000
0.000
0.000
0.000
0.000
0.000
0.000
0.000
0.170
0.000
0.000
0.108
0.000
0.000
0.000
0.000
0.054
0.000
0.076
0.000
0.000
0.000
0.000
0.000
0.000
0.000
0.000
0.000
0.000
0.000
0.000
0.093
0.000
0.054
0.000
0.000
0.000
0.000
0.000
0.000
0.000
0.000
0.000
0.000
0.093
0.076
0.000
0.000
0.076
0.000
0.120
0.000
0.000
0.000
0.000
0.000
0.108
0.000
0.000
0.000
0.000
0.000
0.000
0.000
0.000
0.000
0.000
0.000
0.000
0.000
0.170
0.000
0.000
0.000
0.000
0.000
0.142
0.142
0.000
0.000
0.093
0.000
0.054
0.000
0.000
0.000
0.000
0.000
0.000
0.093
0.093
0.000
0.054
0.000
0.000
0.000
0.000
0.000
0.000
0.000
0.000
0.000
0.076
0.152
0.000
0.000
0.000
0.000
0.000
0.000
0.000
0.000
0.000
0.000
0.000
0.000
0.000
0.000
0.000
0.000
0.000
0.000
0.000
0.000
0.000
0.000
0.000
0.054
0.000
0.000
0.000
0.000
0.000
0.000
0.000
0.000
0.000
0.000
0.000
0.000
0.000
0.000
0.000
0.000
0.000
0.000
0.000
0.000
0.000
0.000
0.000
0.000
0.000
0.000
0.000
0.000
0.000
0.000
0.000
0.000
0.000
0.000
0.000
0.000
0.000
0.000
0.000
0.000
0.000
0.000
0.000
0.000
0.000
0.000
0.000
0.000
0.000
0.000
0.000
0.108
0.000
0.000
0.000
0.000
0.000
0.000
0.000
0.000
0.000
0.000
0.000
0.000
0.120
0.108
0.120
0.000
0.000
0.000
0.000
0.000
0.000
0.142
0.000
0.000
0.000
0.000
0.000
0.000
0.000
0.000
0.000
0.000
0.000
0.000
0.170
0.000
0.000
0.142
0.132
0.000
0.000
0.000
0.000
0.000
0.000
0.000
0.000
0.000
0.152
0.093
0.000
0.000
0.108
0.162
0.201
0.108
0.000
0.093
0.000
0.235
0.209
0.108
0.353
0.201
0.152
0.247
0.314
0.241
0.357
0.410
0.472
0.623
0.431
0.479
0.275
0.305
0.290
0.222
0.253
0.353
0.209
0.241
0.179
0.258
0.482
0.434
0.493
0.538
0.466
0.482
0.565
0.611
0.600
0.511
0.499
0.431
0.505
0.552
0.546
0.635
0.600
0.562
0.516
0.662
0.720
0.750
0.590
0.635
0.565
0.580
0.373
0.597
0.528
0.357
0.560
0.675
0.657
0.670
0.463
0.516
0.552
0.414
0.560
0.587
0.642
0.795
0.838
0.730
0.771
0.437
0.406
0.672
0.592
0.475
0.630
0.414
0.309
0.434
0.863
0.928
0.414
0.275
0.621
0.597
0.508
0.493
0.295
0.488
0.557
0.575
0.714
0.388
0.369
0.567
0.567
0.630
0.616
0.466
0.332
0.424
0.309
0.502
0.399
0.726
0.611
0.771
0.868
0.920
0.902
0.945
1.001
0.929
0.898
0.179
0.482
0.365
0.475
0.748
0.508
0.475
0.786
0.797
0.832
0.679
0.666
0.644
0.651
0.720
0.732
0.626
0.511
0.345
0.479
0.522
0.450
0.349
0.482
0.457
0.319
0.247
0.410
0.533
0.514
0.466
0.514
0.300
0.319
0.384
0.290
0.369
0.357
0.258
0.264
0.327
0.314
0.323
0.388
0.280
0.323
0.253
0.209
0.295
0.314
0.305
0.295
0.381
0.469
0.341
0.609
0.567
0.323
0.427
0.275
0.275
0.314
0.222
0.264
0.377
0.305
0.300
0.361
0.508
0.424
0.235
0.280
0.345
0.290
0.290
0.444
0.528
0.392
0.479
0.536
0.460
0.290
0.170
0.222
0.258
0.546
0.538
0.388
0.533
0.300
0.314
0.567
0.490
0.332
0.349
0.514
0.460
0.332
0.424
0.357
0.247
0.241
0.349
0.410
0.222
0.544
0.361
0.332
0.381
0.345
0.420
0.414
0.420
0.341
0.336
0.388
0.475
0.592
0.396
0.349
1.079
0.621
0.670
0.726
0.628
0.235
0.417
0.314
0.505
0.479
0.632
0.611
0.434
0.396
0.410
0.485
0.450
0.730
0.575
0.820
0.822
0.788
0.614
0.345
0.285
0.424
0.431
0.457
0.635
0.475
0.560
0.616
0.683
0.720
0.771
0.580
0.565
0.756
0.775
0.748
0.773
0.804
0.800
0.918
0.925
0.907
0.848
0.670
0.730
0.734
0.804
0.651
0.607
0.832
0.575
0.590
0.609
0.541
0.642
0.570
0.410
0.687
0.399
0.392
0.514
0.793
0.698
0.607
0.187
0.258
0.275
0.132
0.228
0.228
0.000
0.247
0.054
0.000
0.132
0.241
0.280
0.269
0.187
0.000
0.000
0.093
0.076
0.093
0.093
0.349
0.000
0.381
0.590
0.672
0.811
0.742
0.536
0.679
0.546
0.528
0.305
0.934
0.546
0.280
0.567
0.414
0.516
0.565
0.675
0.349
0.201
0.533
0.431
0.241
0.659
0.496
0.384
0.258
0.570
0.597
0.546
0.365
0.565
0.377
0.349
0.332
0.447
0.388
0.314
0.314
0.241
0.434
0.179
0.300
0.447
0.485
0.549
0.447
0.357
0.396
0.258
0.388
0.215
0.502
0.450
0.336
0.369
0.384
0.804
0.668
0.450
0.552
0.736
0.683
0.881
0.771
0.839
0.883
0.666
0.132
0.708
0.917
1.017
1.056
1.022
1.077
1.075
1.090
1.062
1.065
0.910
0.985
1.037
0.996
0.894
0.765
0.839
0.639
0.619
0.672
0.662
0.488
0.463
0.309
0.424
0.616
0.619
0.516
0.332
0.560
0.614
0.609
0.525
0.345
0.469
0.349
0.305
0.275
0.420
1.118
0.813
0.734
0.567
0.851
0.824
0.866
0.815
0.769
0.782
0.923
0.795
0.786
0.740
0.694
0.677
0.460
0.687
0.736
0.724
0.776
0.811
0.628
0.769
0.804
0.875
0.891
0.928
0.974
0.988
0.962
0.846
0.808
0.215
0.602
0.784
0.763
0.827
0.685
0.767
0.441
0.437
0.258
0.552
0.541
0.516
0.441
0.406
0.388
0.567
0.769
0.683
0.475
0.482
0.716
0.689
0.714
0.839
0.841
0.706
0.595
0.657
0.496
0.469
0.549
0.502
0.434
0.533
0.724
0.670
0.978
0.694
0.642
0.609
0.679
0.873
0.786
0.776
0.644
0.778
0.912
0.915
0.841
0.754
0.309
0.668
0.765
0.881
1.022
1.041
1.037
0.795
0.323
0.802
0.806
0.808
0.623
0.611
0.505
0.651
0.280
0.349
0.437
0.626
0.677
0.403
0.597
0.653
0.575
0.361
0.607
0.587
0.670
0.369
0.179
0.209
0.519
0.427
0.685
0.675
0.490
0.914
0.560
0.434
0.585
0.290
0.816
0.765
0.756
0.546
0.457
0.565
0.730
0.809
0.765
0.861
0.587
0.502
0.441
0.702
0.788
0.926
0.748
0.454
0.630
0.327
0.552
0.644
0.646
0.780
1.024
0.769
0.825
0.782
0.846
0.851
0.894
0.832
0.692
0.841
0.732
0.767
0.756
0.853
0.980
0.728
0.108
0.295
0.194
0.000
0.170
0.336
0.054
0.808
0.748
0.824
0.759
0.722
0.544
0.592
0.488
0.406
0.384
0.544
0.791
0.910
0.694
0.319
0.132
0.611
0.718
0.724
0.668
0.742
0.710
0.466
0.454
0.319
0.241
0.336
0.403
0.502
0.496
0.444
0.549
0.614
0.264
0.327
0.392
0.264
0.410
0.332
0.209
0.560
0.365
0.619
0.991
0.670
0.789
0.746
0.987
1.026
0.994
1.059
0.997
0.420
0.490
0.648
1.000
1.047
1.063
1.095
1.034
0.963
1.052
0.816
0.831
0.696
0.345
0.388
0.572
0.662
0.590
0.758
0.582
0.536
0.575
0.488
0.582
0.519
0.706
0.505
0.528
0.469
0.309
0.657
0.349
0.552
0.417
0.771
0.585
0.427
0.314
0.786
0.626
0.575
0.460
0.447
0.384
0.490
0.490
0.444
0.469
0.269
0.475
0.388
0.365
0.280
0.209
0.269
0.222
0.420
0.431
0.309
0.373
0.258
0.403
0.275
0.694
0.765
0.323
0.327
0.179
0.170
0.054
0.000
0.132
0.108
0.108
0.120
0.253
0.399
0.414
0.388
0.538
0.522
0.420
0.403
0.562
0.381
0.332
0.499
0.552
0.466
0.528
0.437
0.560
0.332
0.718
0.670
0.681
0.655
0.704
0.544
0.692
0.664
0.662
0.716
0.851
0.708
0.808
0.829
0.943
0.786
0.804
0.754
0.818
0.679
0.742
0.831
0.891
0.974
0.818
0.865
0.681
0.630
0.687
0.653
0.607
0.623
0.437
0.341
0.472
0.490
0.923
0.894
0.424
0.431
0.450
0.309
0.290
0.222
0.469
0.587
0.508
0.369
0.420
0.264
0.488
0.365
0.609
0.490
0.554
0.475
0.519
0.700
0.740
0.662
0.514
0.724
0.793
0.580
0.630
0.754
0.806
0.758
0.653
0.541
0.597
0.704
0.505
0.851
1.000
1.049
1.055
1.013
0.851
1.020
0.977
0.756
0.793
0.936
0.993
0.960
0.963
0.846
0.844
0.732
0.614
0.758
0.851
0.557
0.269
0.562
0.454
0.275
0.450
0.258
0.505
0.258
0.264
0.502
0.434
0.475
0.406
0.269
0.280
0.499
0.508
0.460
0.410
0.577
0.381
0.345
0.567
0.496
0.502
0.388
0.567
0.475
0.490
0.280
0.365
0.247
0.290
0.295
0.460
0.657
0.424
0.228
0.247
0.431
0.258
0.460
0.441
0.604
0.552
0.628
0.538
0.349
0.560
0.434
0.538
0.424
0.437
0.493
0.502
0.309
0.427
0.336
0.327
0.305
0.399
0.258
0.327
0.377
0.460
0.482
0.323
0.522
0.538
0.525
0.538
0.336
0.336
0.290
0.549
0.414
0.295
0.345
0.323
0.469
0.357
0.466
0.353
0.399
0.341
0.215
0.235
0.142
0.000
0.000
0.000
0.222
0.000
0.000
0.162
0.093
0.000
0.000
0.076
0.000
0.000
0.000
0.000
0.120
0.120
0.000
0.000
0.000
0.000
0.000
0.000
0.000
0.000
0.000
0.000
0.000
0.000
0.201
0.000
0.000
0.000
0.000
0.000
0.000
0.000
0.000
0.000
0.000
0.000
0.000
0.000
0.000
0.000
0.000
0.000
0.000
0.000
0.000
0.000
0.000
0.000
0.000
0.000
0.000
0.000
0.000
0.000
0.000
0.000
0.000
0.000
0.000
0.000
0.000
0.000
0.000
0.000
0.093
0.076
0.132
0.000
0.000
0.000
0.000
0.000
0.000
0.000
0.000
0.000
0.000
0.000
0.000
0.000
0.000
0.000
0.000
0.054
0.142
0.000
0.000
0.000
0.000
0.000
0.000
0.000
0.000
0.000
0.000
0.000
0.000
0.000
0.000
0.000
0.000
0.000
0.000
0.000
0.000
0.000
0.000
0.000
0.000
0.000
0.000
0.000
0.000
0.000
0.000
0.000
0.000
0.000
0.000
0.000
0.000
0.000
0.000
0.000
0.132
0.000
0.000
0.187
0.000
0.000
0.000
0.000
0.000
0.000
0.000
0.000
0.000
0.000
0.000
0.000
0.000
0.000
0.108
0.000
0.000
0.054
0.194
0.179
0.000
0.201
0.201
0.000
0.000
0.162
0.179
0.142
0.209
0.285
0.194
0.076
0.120
0.076
0.000
0.054
0.000
0.054
0.000
0.000
0.000
0.000
0.000
0.093
0.194
0.000
0.108
0.000
0.000
0.054
0.000
0.152
0.000
0.108
0.000
0.000
0.000
0.000
0.132
0.170
0.000
0.000
0.000
0.000
0.000
0.000
0.000
0.054
0.000
0.209
0.209
0.000
0.000
0.000
0.000
0.000
0.000
0.000
0.000
0.000
0.000
0.000
0.000
0.000
0.000
0.000
0.000
0.000
0.000
0.000
0.000
0.000
0.093
0.000
0.000
0.000
0.000
0.000
0.000
0.000
0.000
0.000
0.120
0.000
0.000
0.000
0.000
0.000
0.000
0.000
0.000
0.000
0.000
0.000
0.000
0.000
0.000
0.000
0.000
0.000
0.000
0.000
0.000
0.000
0.000
0.000
0.000
0.000
0.000
0.142
0.000
0.000
0.000
0.000
0.000
0.000
0.000
0.076
0.000
0.000
0.000
0.054
0.000
0.000
0.000
0.000
0.187
0.000
0.000
0.187
0.187
0.000
0.000
0.000
0.000
0.000
0.000
0.000
0.000
0.000
0.000
0.000
0.000
0.000
0.000
0.000
0.000
0.000
0.000
0.000
0.000
0.000
0.000
0.000
0.000
0.000
0.000
0.000
0.000
0.000
0.000
0.000
0.000
0.000
0.000
0.000
0.000
0.000
0.000
0.000
0.000
0.000
0.000
0.000
0.000
0.000
0.000
0.000
0.000
0.000
0.000
0.000
0.000
0.000
0.000
0.000
0.000
0.000
0.000
0.000
0.000
0.000
0.000
0.000
0.000
0.000
0.000
0.000
0.000
0.000
0.000
0.000
0.000
0.000
0.000
0.000
0.000
0.000
0.000
0.000
0.000
0.000
0.000
0.000
0.000
0.076
0.000
0.000
0.000
0.000
0.000
0.054
0.000
0.000
0.000
0.000
0.000
0.000
0.000
0.000
0.000
0.000
0.000
0.000
0.000
0.000
0.000
0.000
0.000
0.000
0.000
0.000
0.093
0.000
0.132
0.000
0.000
0.000
0.000
0.000
0.000
0.152
0.228
0.228
0.000
0.000
0.000
0.000
0.000
0.000
0.000
0.000
0.000
0.000
0.000
0.000
0.000
0.000
0.000
0.000
0.000
0.000
0.000
0.000
0.000
0.000
0.000
0.000
0.000
0.000
0.000
0.000
0.000
0.000
0.000
0.000
0.000
0.000
0.000
0.000
0.000
0.000
0.000
0.000
0.000
0.000
0.000
0.000
0.000
0.000
0.000
0.000
0.000
0.000
0.000
0.000
0.000
0.000
0.000
0.000
0.000
0.000
0.000
0.000
0.000
0.000
0.000
0.000
0.000
0.000
0.000
0.000
0.215
0.120
0.142
0.209
0.194
0.142
0.170
0.179
0.215
0.162
0.222
0.152
0.152
0.170
0.152
0.222
0.247
0.142
0.120
0.162
0.000
0.000
0.000
0.000
0.000
0.000
0.000
0.000
0.162
0.000
0.000
0.000
0.000
0.179
0.000
0.000
0.000
0.000
0.000
0.132
0.000
0.093
0.000
0.000
0.000
0.076
0.000
0.076
0.000
0.000
0.000
0.000
0.000
0.000
0.241
0.000
0.000
0.000
0.000
0.000
0.000
0.000
0.000
0.000
0.000
0.000
0.000
0.000
0.000
0.000
0.000
0.000
0.000
0.000
0.000
0.000
0.000
0.000
0.000
0.000
0.093
0.000
0.000
0.000
0.000
0.000
0.000
0.000
0.000
0.000
0.000
0.000
0.000
0.000
0.000
0.000
0.000
0.000
0.000
0.000
0.000
0.000
0.000
0.000
0.000
0.000
0.000
0.000
0.000
0.000
0.000
0.000
0.000
0.000
0.076
0.000
0.000
0.000
0.000
0.000
0.000
0.000
0.000
0.093
0.000
0.000
0.000
0.000
0.000
0.000
0.000
0.000
0.000
0.000
0.000
0.000
0.000
0.000
0.120
0.000
0.000
0.000
0.000
0.000
0.000
0.000
0.194
0.194
0.000
0.000
0.000
0.000
0.000
0.000
0.000
0.000
0.000
0.076
0.000
0.000
0.000
0.000
0.000
0.000
0.000
0.000
0.108
0.000
0.000
0.000
0.000
0.000
0.000
0.000
0.000
0.000
0.000
0.000
0.000
0.209
0.000
0.000
0.000
0.000
0.000
0.000
0.000
0.000
0.000
0.000
0.000
0.000
0.000
0.000
0.000
0.000
0.000
0.000
0.000
0.000
0.000
0.000
0.000
0.000
0.000
0.000
0.000
0.000
0.000
0.000
0.000
0.000
0.000
0.000
0.000
0.000
0.000
0.000
0.000
0.000
0.000
0.000
0.000
0.000
0.000
0.000
0.000
0.000
0.000
0.000
0.000
0.000
0.000
0.000
0.000
0.000
0.000
0.000
0.000
0.000
0.000
0.000
0.000
0.000
0.000
0.000
0.000
0.000
0.000
0.000
0.000
0.000
0.000
0.000
0.000
0.000
0.000
0.000
0.000
0.000
0.000
0.000
0.000
0.000
0.000
0.000
0.000
0.000
0.000
0.000
0.000
0.000
0.000
0.000
0.000
0.000
0.000
0.093
0.000
0.108
0.000
0.108
0.000
0.000
0.000
0.000
0.000
0.000
0.132
0.000
0.000
0.000
0.000
0.000
0.000
0.000
0.000
0.000
0.000
0.000
0.000
0.000
0.000
0.108
0.132
0.000
0.000
0.000
0.179
0.170
0.000
0.000
0.000
0.000
0.000
0.000
0.000
0.000
0.000
0.000
0.000
0.000
0.000
0.000
0.000
0.000
0.000
0.000
0.000
0.000
0.000
0.000
0.000
0.000
0.000
0.000
0.000
0.000
0.000
0.000
0.000
0.000
0.000
0.000
0.000
0.000
0.000
0.000
0.000
0.000
0.000
0.000
0.000
0.093
0.076
0.000
0.000
0.000
0.000
0.000
0.000
0.000
0.000
0.000
0.000
0.000
0.000
0.000
0.000
0.000
0.000
0.000
0.000
0.000
0.000
0.000
0.000
0.000
0.000
0.000
0.000
0.000
0.000
0.000
0.000
0.000
0.000
0.000
0.000
0.000
0.000
0.000
0.000
0.000
0.000
0.000
0.000
0.000
0.000
0.000
0.000
0.000
0.000
0.000
0.000
0.000
0.000
0.000
0.000
0.000
0.000
0.000
0.000
0.000
0.000
0.000
0.000
0.000
0.000
0.000
0.000
0.000
0.000
0.000
0.000
0.000
0.000
0.000
0.000
0.162
0.162
0.142
0.093
0.000
0.000
0.000
0.000
0.000
0.000
0.000
0.000
0.000
0.000
0.000
0.000
0.000
0.000
0.000
0.000
0.000
0.000
0.076
0.000
0.000
0.000
0.000
0.000
0.000
0.000
0.000
0.000
0.000
0.000
0.000
0.000
0.076
0.000
0.000
0.000
0.000
0.000
0.000
0.000
0.000
0.000
0.000
0.000
0.000
0.000
0.000
0.000
0.093
0.000
0.000
0.000
0.000
0.000
0.000
0.000
0.000
0.000
0.000
0.000
0.000
0.000
0.000
0.000
0.000
0.000
0.000
0.000
0.000
0.000
0.000
0.000
0.000
0.000
0.000
0.000
0.000
0.000
0.000
0.000
0.000
0.000
0.000
0.000
0.000
0.000
0.000
0.142
0.108
0.162
0.201
0.209
0.247
0.000
0.120
0.120
0.314
0.275
0.305
0.577
0.463
0.444
0.353
0.493
0.450
0.323
0.222
0.332
0.463
0.450
0.253
0.314
0.388
0.522
0.549
0.653
0.681
0.485
0.490
0.698
0.427
0.431
0.635
0.538
0.399
0.466
0.525
0.469
0.466
0.488
0.388
0.384
0.414
0.309
0.345
0.215
0.179
0.222
0.142
0.215
0.142
0.194
0.179
0.152
0.162
0.120
0.093
0.142
0.142
0.132
0.152
0.142
0.120
0.076
0.054
0.108
0.132
0.093
0.179
0.132
0.054
0.108
0.093
0.108
0.132
0.076
0.162
0.162
0.132
0.142
0.152
0.215
0.187
0.194
0.194
0.228
0.319
0.264
0.179
0.269
0.222
0.142
0.108
0.247
0.228
0.179
0.162
0.132
0.285
0.241
0.275
0.170
0.209
0.170
0.269
0.222
0.253
0.170
0.235
0.162
0.142
0.142
0.162
0.170
0.132
0.228
0.170
0.054
0.120
0.132
0.179
0.142
0.170
0.215
0.162
0.179
0.108
0.290
0.201
0.120
0.194
0.162
0.093
0.314
0.152
0.201
0.194
0.076
0.132
0.235
0.269
0.162
0.108
0.241
0.269
0.142
0.209
0.264
0.170
0.215
0.170
0.194
0.215
0.108
0.152
0.120
0.264
0.179
0.142
0.132
0.000
0.142
0.142
0.319
0.228
0.152
0.152
0.132
0.120
0.142
0.162
0.142
0.187
0.076
0.162
0.300
0.295
0.120
0.108
0.235
0.152
0.132
0.093
0.142
0.170
0.187
0.222
0.228
0.142
0.076
0.000
0.000
0.120
0.000
0.093
0.000
0.000
0.000
0.000
0.054
0.000
0.000
0.142
0.120
0.000
0.000
0.000
0.000
0.000
0.000
0.000
0.000
0.000
0.000
0.000
0.132
0.054
0.000
0.000
0.000
0.000
0.000
0.000
0.000
0.054
0.000
0.000
0.000
0.000
0.000
0.000
0.000
0.076
0.108
0.000
0.000
0.120
0.000
0.000
0.000
0.093
0.000
0.000
0.000
0.000
0.000
0.000
0.000
0.000
0.000
0.000
0.000
0.000
0.000
0.132
0.179
0.179
0.357
0.336
0.437
0.514
0.357
0.341
0.222
0.258
0.209
0.388
0.332
0.392
0.187
0.420
0.437
0.353
0.357
0.377
0.488
0.447
0.447
0.485
0.528
0.209
0.508
0.724
0.441
0.519
0.602
0.642
0.681
0.687
0.694
0.479
0.614
0.565
0.508
0.659
0.672
0.873
0.843
0.873
0.974
0.926
0.880
0.832
0.668
0.406
0.247
0.319
0.369
0.300
0.505
0.485
0.444
0.466
0.580
0.496
0.685
0.466
0.549
0.681
0.485
0.554
0.479
0.388
0.488
0.511
0.557
0.319
0.525
0.290
0.406
0.431
0.530
0.644
0.600
0.771
0.702
0.585
0.863
0.752
0.677
0.718
0.700
0.679
0.742
0.659
0.475
0.626
0.648
0.508
0.602
0.724
0.538
0.771
0.730
0.871
0.904
0.831
0.985
0.865
0.836
0.808
0.773
0.866
0.855
0.815
0.815
0.437
0.635
0.696
0.824
0.742
0.775
0.522
0.718
0.522
0.557
0.403
0.621
0.765
0.577
0.457
0.514
0.720
0.557
0.639
0.536
0.744
0.702
0.809
0.863
0.923
0.906
0.831
0.616
0.457
0.215
0.132
0.934
0.954
1.059
1.070
1.071
1.030
1.059
0.993
0.427
0.258
0.434
0.327
0.323
0.187
0.247
0.447
0.399
0.485
0.434
0.499
0.734
0.505
0.194
0.410
0.353
0.187
0.560
0.912
1.051
0.712
0.851
0.742
0.258
0.490
0.635
0.687
0.784
0.496
0.275
0.132
0.201
0.746
0.626
0.595
0.756
0.776
0.730
0.856
0.607
0.600
0.567
0.345
0.528
0.788
0.679
0.825
0.716
0.843
0.734
0.726
0.806
0.639
0.775
0.716
0.653
0.797
0.698
0.582
0.511
0.565
0.679
0.710
0.767
0.648
0.557
0.264
0.685
0.756
0.716
0.786
0.831
0.740
0.780
0.881
0.848
0.839
0.687
0.646
0.637
0.754
0.782
0.572
0.384
0.235
0.628
0.580
0.572
0.290
0.377
0.533
0.604
0.488
0.424
0.742
0.572
0.604
0.956
0.706
0.522
0.332
0.538
0.538
0.592
0.685
0.788
0.936
1.013
1.070
1.033
0.782
0.381
0.802
0.832
0.689
0.795
0.912
0.881
0.454
0.557
0.357
0.490
0.841
0.933
0.965
0.906
1.012
0.890
0.827
0.876
0.748
0.648
0.496
0.575
0.361
0.332
0.536
0.228
0.417
0.609
0.327
0.460
0.609
0.508
0.681
0.399
0.341
0.499
0.587
0.434
0.600
0.614
0.560
0.567
0.552
0.357
0.258
0.194
0.300
0.194
0.392
0.295
0.247
0.264
0.349
0.592
0.365
0.290
0.332
0.327
0.247
0.228
0.215
0.341
0.490
0.639
0.493
0.187
0.410
0.437
0.514
0.460
0.541
0.369
0.450
0.417
0.215
0.349
0.357
0.392
0.341
0.479
0.414
0.392
0.361
0.450
0.541
0.546
0.493
0.499
0.377
0.472
0.460
0.557
0.482
0.619
0.726
0.700
0.642
0.670
0.726
0.732
0.901
0.878
0.873
0.765
0.759
0.855
0.648
0.373
0.365
0.275
0.332
0.327
0.454
0.290
0.235
0.475
0.361
0.472
0.179
0.187
0.381
0.305
0.194
0.253
0.187
0.187
0.093
0.162
0.132
0.108
0.194
0.384
0.290
0.396
0.392
0.519
0.454
0.530
0.441
0.388
0.209
0.414
0.399
0.587
0.493
0.609
0.637
0.567
0.704
0.637
0.580
0.592
0.597
0.621
0.628
0.611
0.644
0.557
0.653
0.632
0.623
0.710
0.756
0.870
0.744
0.868
0.754
0.808
0.831
0.597
0.417
0.714
0.850
0.662
0.712
0.406
0.300
0.522
0.502
0.479
0.511
0.323
0.466
0.285
0.341
0.314
0.546
0.552
0.392
0.541
0.590
0.319
0.290
0.399
0.247
0.514
0.590
0.437
0.290
0.381
0.349
0.300
0.275
0.424
0.427
0.187
0.991
0.706
0.341
0.332
0.209
0.253
0.496
0.264
0.264
0.479
0.700
0.479
0.496
0.410
0.668
0.655
0.644
0.499
0.475
0.675
0.361
0.541
0.396
0.567
0.508
0.472
0.466
0.447
0.345
0.552
0.361
0.396
0.479
0.353
0.485
0.314
0.538
0.575
0.565
0.508
0.546
0.546
0.740
0.381
0.546
0.630
0.427
0.683
0.437
0.585
0.499
0.604
0.775
0.818
0.797
0.710
0.572
0.655
0.734
0.560
0.670
0.644
0.742
0.736
0.786
0.720
0.142
0.611
0.694
0.651
0.508
0.463
0.580
0.668
0.519
0.775
0.831
0.861
0.619
0.813
0.824
0.300
0.120
0.275
0.332
0.209
0.377
0.054
0.054
0.000
0.093
0.000
0.000
0.000
0.132
0.000
0.162
0.162
0.152
0.194
0.187
0.187
0.132
0.093
0.162
0.076
0.179
0.076
0.142
0.132
0.093
0.142
0.179
0.170
0.162
0.093
0.076
0.120
0.170
0.170
0.076
0.108
0.142
0.194
0.000
0.093
0.132
0.162
0.000
0.170
0.076
0.209
0.194
0.132
0.162
0.000
0.054
0.152
0.170
0.152
0.000
0.132
0.000
0.093
0.093
0.132
0.179
0.093
0.142
0.108
0.093
0.162
0.093
0.152
0.152
0.162
0.120
0.170
0.120
0.142
0.152
0.142
0.076
0.120
0.108
0.000
0.142
0.142
0.108
0.132
0.000
0.120
0.179
0.120
0.132
0.093
0.076
0.162
0.162
0.054
0.120
0.120
0.215
0.108
0.108
0.132
0.000
0.170
0.000
0.076
0.000
0.054
0.120
0.093
0.162
0.000
0.194
0.264
0.132
0.194
0.241
0.000
0.093
0.076
0.000
0.000
0.108
0.000
0.076
0.076
0.000
0.093
0.000
0.000
0.000
0.000
0.132
0.000
0.000
0.000
0.000
0.000
0.000
0.000
0.000
0.108
0.000
0.000
0.000
0.000
0.108
0.000
0.142
0.000
0.076
0.000
0.000
0.000
0.000
0.000
0.000
0.000
0.000
0.000
0.000
0.000
0.000
0.000
0.000
0.000
0.000
0.000
0.000
0.000
0.000
0.000
0.000
0.000
0.000
0.000
0.000
0.000
0.000
0.000
0.170
0.120
0.132
0.000
0.000
0.000
0.000
0.000
0.132
0.000
0.000
0.000
0.000
0.000
0.000
0.000
0.000
0.000
0.000
0.000
0.000
0.000
0.000
0.000
0.000
0.000
0.000
0.000
0.000
0.108
0.108
0.000
0.000
0.000
0.000
0.000
0.000
0.000
0.000
0.000
0.000
0.000
0.000
0.209
0.054
0.000
0.000
0.000
0.000
0.000
0.000
0.000
0.093
0.152
0.120
0.000
0.000
0.000
0.000
0.000
0.000
0.269
0.247
0.179
0.000
0.108
0.349
0.424
0.417
0.567
0.475
0.700
0.644
0.502
0.450
0.314
0.396
0.142
0.269
0.511
0.295
0.332
0.341
0.441
0.365
0.444
0.614
0.698
0.791
0.742
0.424
0.628
0.437
0.554
0.519
0.549
0.677
0.710
0.776
0.406
0.319
0.565
0.635
0.460
0.541
0.644
0.740
0.775
0.651
0.377
0.488
0.275
0.300
0.493
0.514
0.533
0.319
0.228
0.152
0.327
0.327
0.280
0.194
0.000
0.000
0.000
0.000
0.142
0.054
0.235
0.162
0.108
0.384
0.414
0.549
0.396
0.290
0.142
0.076
0.616
0.554
0.525
0.850
0.865
0.809
0.502
0.323
0.793
0.918
0.985
1.014
1.027
0.891
0.901
0.560
0.694
0.815
0.888
0.954
0.587
0.827
0.928
0.778
0.943
0.996
0.942
0.945
1.066
1.085
0.679
0.666
0.525
0.875
0.732
0.775
0.677
0.710
0.570
0.403
0.431
0.361
0.253
0.637
0.469
0.657
0.275
0.280
0.444
0.269
0.546
0.361
0.247
0.454
0.544
0.469
0.582
0.659
0.827
0.802
0.831
0.562
0.718
0.614
0.552
0.704
0.626
0.776
0.732
0.871
0.712
0.595
0.704
0.714
0.773
0.734
0.795
0.776
0.899
0.891
0.906
0.902
0.712
0.341
0.215
0.730
0.659
0.502
0.587
0.786
0.846
0.795
0.915
0.902
0.893
0.865
0.728
0.848
0.522
0.815
0.651
0.797
0.712
0.700
0.632
0.580
0.659
0.585
0.290
0.264
0.399
0.000
0.120
0.327
0.460
0.384
0.410
0.332
0.235
0.264
0.295
0.179
0.108
0.323
0.365
0.209
0.209
0.142
0.247
0.258
0.222
0.332
0.201
0.142
0.253
0.162
0.187
0.253
0.194
0.275
0.319
0.201
0.280
0.305
0.420
0.336
0.437
0.179
0.427
0.349
0.490
0.365
0.275
0.187
0.285
0.247
0.388
0.341
0.580
0.582
0.565
0.590
0.377
0.496
0.582
0.463
0.585
0.577
0.365
0.590
0.280
0.457
0.557
0.377
0.706
0.689
0.431
0.235
0.264
0.269
0.108
0.194
0.258
0.132
0.120
0.152
0.000
0.076
0.120
0.235
0.194
0.431
0.269
0.466
0.399
0.381
0.341
0.406
0.353
0.406
0.600
0.502
0.496
0.519
0.215
0.427
0.327
0.544
0.530
0.420
0.349
0.677
0.635
0.544
0.668
0.793
0.827
0.734
0.653
0.508
0.305
0.269
0.646
0.720
0.565
0.822
0.759
0.804
0.611
0.758
0.609
0.851
0.616
0.562
0.626
0.672
0.628
0.585
0.600
0.651
0.687
0.554
0.349
0.499
0.463
0.454
0.514
0.381
0.490
0.361
0.228
0.361
0.247
0.417
0.285
0.345
0.300
0.388
0.300
0.280
0.399
0.388
0.417
0.420
0.228
0.285
0.345
0.194
0.357
0.327
0.496
0.365
0.482
0.275
0.552
0.463
0.784
0.602
0.824
0.786
0.748
0.572
0.546
0.806
0.651
0.590
0.718
0.856
0.838
0.789
0.866
0.813
0.836
0.939
0.750
0.722
0.795
0.662
0.549
0.336
0.700
0.577
0.502
0.590
0.479
0.616
0.396
0.384
0.414
0.724
0.646
0.651
0.516
0.466
0.493
0.597
0.738
0.639
0.582
0.414
0.441
0.420
0.427
0.554
0.437
0.611
0.600
0.619
0.514
0.600
0.454
0.771
0.582
0.736
0.767
0.718
0.800
0.782
0.861
0.850
0.815
0.611
0.637
0.657
0.758
0.782
0.756
0.836
0.878
0.928
0.855
0.722
0.898
0.898
0.915
0.399
0.392
0.357
0.399
0.454
0.327
0.187
0.194
0.228
0.228
0.235
0.215
0.228
0.305
0.264
0.235
0.201
0.264
0.187
0.187
0.269
0.264
0.275
0.269
0.222
0.000
0.093
0.000
0.076
0.000
0.000
0.108
0.000
0.209
0.215
0.162
0.162
0.170
0.253
0.285
0.120
0.336
0.285
0.247
0.228
0.215
0.332
0.120
0.323
0.142
0.152
0.076
0.152
0.093
0.076
0.120
0.132
0.194
0.132
0.187
0.179
0.179
0.108
0.201
0.201
0.152
0.170
0.194
0.247
0.247
0.142
0.179
0.194
0.120
0.179
0.179
0.241
0.264
0.275
0.222
0.290
0.323
0.327
0.290
0.290
0.323
0.319
0.179
0.280
0.285
0.241
0.228
0.108
0.369
0.269
0.295
0.258
0.327
0.332
0.247
0.345
0.349
0.365
0.345
0.332
0.327
0.269
0.300
0.336
0.235
0.241
0.215
0.093
0.187
0.280
0.228
0.280
0.152
0.093
0.162
0.162
0.132
0.241
0.253
0.209
0.093
0.162
0.152
0.076
0.209
0.305
0.290
0.235
0.258
0.361
0.345
0.295
0.290
0.247
0.247
0.253
0.194
0.269
0.201
0.247
0.309
0.332
0.235
0.264
0.336
0.187
0.228
0.323
0.341
0.305
0.142
0.093
0.054
0.108
0.000
0.120
0.120
0.162
0.132
0.000
0.000
0.000
0.000
0.000
0.000
0.142
0.000
0.054
0.000
0.179
0.000
0.076
0.000
0.000
0.000
0.152
0.054
0.076
0.152
0.054
0.000
0.000
0.000
0.000
0.000
0.187
0.247
0.170
0.247
0.209
0.000
0.132
0.187
0.300
0.275
0.247
0.441
0.644
0.228
0.142
0.377
0.209
0.280
0.361
0.345
0.264
0.295
0.235
0.437
0.295
0.241
0.309
0.305
0.253
0.447
0.585
0.441
0.179
0.215
0.241
0.744
0.392
0.142
0.253
0.179
0.201
0.179
0.258
0.222
0.241
0.152
0.194
0.209
0.142
0.194
0.142
0.093
0.179
0.093
0.142
0.120
0.054
0.152
0.076
0.142
0.187
0.108
0.120
0.108
0.000
0.000
0.054
0.170
0.187
0.194
0.264
0.093
0.000
0.093
0.076
0.000
0.093
0.000
0.000
0.000
0.000
0.054
0.179
0.247
0.399
0.424
0.675
0.742
0.694
0.767
0.587
0.381
0.597
0.577
0.414
0.444
0.406
0.940
0.776
0.646
0.295
0.295
0.327
0.295
0.349
0.319
0.373
0.406
0.499
0.447
0.427
0.431
0.516
0.420
0.275
0.417
0.490
0.417
0.681
0.607
0.692
0.763
0.804
0.786
0.956
0.602
0.689
0.761
0.902
0.915
0.949
1.029
1.043
0.595
0.687
0.619
0.738
0.832
0.493
0.689
0.891
0.831
1.010
0.736
0.635
0.850
0.788
0.716
0.870
0.996
0.907
0.582
0.759
0.712
0.511
0.479
0.472
0.619
0.519
0.431
0.392
0.357
0.209
0.488
0.417
0.546
0.577
0.949
0.679
0.778
0.917
0.616
0.666
0.466
0.630
0.519
0.825
0.917
0.922
0.878
0.773
0.773
0.896
0.811
0.896
0.844
0.912
0.875
0.890
0.831
0.966
0.952
0.904
0.839
0.639
0.655
0.716
0.441
0.420
0.655
0.637
0.822
0.861
0.704
0.228
0.132
0.424
0.592
0.672
0.788
0.759
0.666
0.516
0.361
0.485
0.496
0.511
0.600
0.689
0.899
0.804
0.602
0.716
0.789
0.956
1.012
1.047
1.017
1.052
0.899
0.657
0.850
0.915
0.668
0.657
0.820
0.655
0.619
0.630
0.552
0.570
0.692
0.873
0.728
0.898
0.861
0.929
0.851
0.816
0.700
0.683
0.410
0.460
0.336
0.417
0.493
0.253
0.454
0.285
0.406
0.600
0.475
0.392
0.314
0.381
0.357
0.538
0.381
0.424
0.396
0.648
0.541
0.365
0.475
0.369
0.441
0.275
0.552
0.683
0.460
0.607
0.585
0.549
0.444
0.357
0.657
0.780
0.700
0.384
0.816
0.441
0.642
0.791
0.677
0.696
0.681
0.716
0.853
0.637
0.720
0.639
0.687
0.698
0.806
0.732
0.635
0.811
0.759
0.850
0.929
0.929
0.951
0.855
0.738
0.714
0.791
0.875
0.623
0.771
0.587
0.482
0.841
0.763
0.818
0.511
0.469
0.720
0.466
0.565
0.664
0.948
0.546
0.475
0.694
0.767
0.726
0.687
0.557
0.592
0.522
0.353
0.873
0.639
0.775
0.896
0.981
0.820
0.815
0.925
0.898
0.736
0.756
0.956
0.424
0.194
0.758
0.666
0.499
0.806
0.873
0.381
0.247
0.460
0.469
0.170
0.544
0.604
0.754
0.767
0.587
0.595
0.585
0.653
0.460
0.403
0.332
0.341
0.514
0.345
0.258
0.228
0.142
0.314
0.434
0.341
0.162
0.314
0.536
0.496
0.437
0.309
0.357
0.434
0.406
0.562
0.377
0.672
0.444
0.388
0.410
0.437
0.502
0.441
0.431
0.353
0.319
0.361
0.305
0.410
0.194
0.907
0.590
0.630
0.332
0.420
0.258
0.417
0.609
0.570
0.399
0.264
0.275
0.427
0.538
0.642
0.738
0.809
0.728
0.662
0.689
0.698
0.604
0.541
0.570
0.742
0.538
0.628
0.809
0.786
0.928
0.885
0.797
0.843
0.528
0.885
0.718
0.978
0.860
0.876
0.957
0.993
0.969
1.013
0.769
0.327
0.300
0.305
0.349
0.222
0.295
0.247
0.142
0.179
0.305
0.194
0.120
0.076
0.187
0.132
0.285
0.179
0.201
0.076
0.000
0.120
0.142
0.179
0.108
0.000
0.093
0.241
0.253
0.264
0.000
0.194
0.000
0.000
0.152
0.300
0.410
0.447
0.345
0.485
0.490
0.590
0.575
0.475
0.530
0.557
0.357
0.410
0.323
0.392
0.544
0.332
0.490
0.619
0.651
0.679
0.621
0.795
0.541
0.722
0.621
0.818
0.502
0.580
0.454
0.544
0.511
0.447
0.309
0.269
0.341
0.414
0.648
0.396
0.460
0.369
0.488
0.485
0.410
0.463
0.388
0.222
0.327
0.410
0.170
0.384
0.247
0.384
0.410
0.565
0.511
0.621
0.502
0.399
0.499
0.572
0.716
0.724
0.763
0.730
0.683
0.827
0.893
0.891
0.920
0.775
0.871
0.746
0.838
0.963
0.957
1.019
0.914
0.888
0.804
0.878
0.855
0.866
0.851
0.937
0.975
0.990
0.846
0.873
0.698
0.592
0.463
0.447
0.309
0.466
0.280
0.479
0.472
0.644
0.469
0.327
0.357
0.280
0.533
0.516
0.369
0.295
0.541
0.194
0.152
0.142
0.000
0.076
0.093
0.054
0.093
0.054
0.170
0.000
0.000
0.108
