0.635
0.000
0.000
0.103
0.155
0.000
0.335
0.362
0.532
0.362
0.599
0.514
0.457
0.362
0.480
0.480
0.387
0.433
0.465
0.430
0.376
0.354
0.288
0.454
0.414
0.433
0.530
0.509
0.749
0.737
0.179
0.578
0.269
0.248
0.517
0.826
0.835
0.903
0.973
0.974
1.024
0.532
0.213
0.545
0.763
0.832
0.995
0.848
0.278
0.522
0.278
0.566
0.423
0.784
0.789
0.564
0.155
0.171
0.127
0.090
0.103
0.103
0.000
0.000
0.000
0.103
0.186
0.394
0.225
0.358
0.763
0.737
0.926
1.026
1.052
1.034
0.590
0.471
0.542
0.638
0.445
0.274
0.501
0.445
0.468
0.186
0.605
0.562
0.700
0.462
0.527
0.445
0.207
0.293
0.387
0.504
0.433
0.225
0.283
0.373
0.522
0.417
0.451
0.327
0.716
0.676
0.404
0.351
0.468
0.670
0.755
0.818
0.851
0.905
0.496
0.594
0.612
0.690
0.794
0.774
0.916
1.021
0.873
0.491
0.491
0.542
0.439
0.660
0.769
0.827
0.928
0.796
0.941
0.935
0.804
0.310
0.770
0.966
0.822
0.278
0.477
0.164
0.213
0.186
0.103
0.343
0.474
0.213
0.146
0.420
0.373
0.179
0.465
0.225
0.433
0.580
0.576
0.436
0.532
0.614
0.471
0.552
0.462
0.592
0.654
0.512
0.731
0.559
0.278
0.306
0.231
0.225
0.155
0.213
0.137
0.090
0.103
0.302
0.155
0.504
0.564
0.532
0.468
0.373
0.670
0.680
0.580
0.485
0.535
0.179
0.278
0.433
0.468
0.605
0.555
0.520
0.493
0.656
0.718
0.786
0.509
0.696
0.674
0.552
0.323
0.278
0.387
0.445
0.501
0.380
0.474
0.253
0.485
0.618
0.545
0.809
0.945
0.899
1.019
0.729
0.397
0.186
0.369
0.213
0.420
0.623
0.674
0.315
0.200
0.231
0.219
0.380
0.231
0.237
0.293
0.550
0.733
0.913
1.043
1.011
0.362
0.520
0.882
1.060
1.052
0.726
0.658
0.269
0.847
0.995
0.770
0.269
0.471
0.213
0.454
0.527
0.225
0.530
0.676
0.601
0.501
0.465
0.522
0.439
0.471
1.043
0.465
0.633
0.454
0.514
0.414
0.583
0.580
0.496
0.482
0.512
0.380
0.902
0.774
0.552
0.512
0.417
0.354
0.715
0.809
0.726
0.760
0.887
0.840
0.952
0.934
0.973
1.008
0.907
0.709
0.358
0.748
0.824
0.614
0.720
0.654
0.705
0.715
0.808
0.564
0.445
0.713
0.854
0.801
0.700
0.862
0.369
0.488
0.274
0.394
0.555
0.729
0.755
0.310
0.564
0.507
0.155
0.137
0.631
0.623
0.390
0.578
0.397
0.283
0.485
0.585
0.297
0.278
0.310
0.274
0.520
0.430
0.522
0.559
0.832
0.808
0.729
0.682
0.315
0.293
0.457
0.557
0.694
0.829
0.767
0.504
0.756
0.765
0.366
0.460
0.373
0.480
0.362
0.420
0.390
0.362
0.179
0.709
0.897
0.977
0.358
0.380
0.692
0.423
0.383
0.362
0.283
0.248
0.380
0.394
0.488
0.949
0.703
0.542
0.644
0.692
0.477
0.454
0.323
0.618
0.680
0.231
0.662
0.537
0.627
0.578
0.662
0.493
0.315
0.430
0.193
0.127
0.278
0.596
0.590
0.618
0.631
0.562
0.625
0.635
0.585
0.454
0.564
0.545
0.259
0.288
0.264
0.417
0.269
0.366
0.354
0.302
0.253
0.302
0.288
0.193
0.146
0.179
0.103
0.103
0.331
0.269
0.264
0.225
0.225
0.269
0.283
0.293
0.343
0.335
0.339
0.243
0.248
0.394
0.306
0.237
0.354
0.369
0.137
0.073
0.090
0.137
0.000
0.000
0.155
0.090
0.000
0.073
0.000
0.000
0.193
0.000
0.000
0.103
0.000
0.146
0.103
0.116
0.000
0.000
0.103
0.000
0.000
0.000
0.052
0.000
0.000
0.000
0.000
0.186
0.155
0.200
0.259
0.146
0.146
0.171
0.090
0.171
0.146
0.155
0.127
0.000
0.164
0.127
0.127
0.155
0.052
0.137
0.103
0.164
0.116
0.155
0.146
0.090
0.103
0.200
0.052
0.103
0.103
0.164
0.127
0.164
0.179
0.274
0.283
0.339
0.186
0.219
0.200
0.253
0.179
0.248
0.207
0.248
0.225
0.231
0.387
0.354
0.219
0.373
0.193
0.200
0.253
0.207
0.179
0.073
0.103
0.193
0.269
0.213
0.103
0.052
0.155
0.127
0.052
0.354
0.335
0.319
0.186
0.207
0.380
0.171
0.164
0.073
0.052
0.000
0.052
0.000
0.090
0.137
0.000
0.000
0.000
0.000
0.052
0.000
0.000
0.000
0.000
0.000
0.000
0.116
0.073
0.164
0.000
0.000
0.000
0.000
0.000
0.000
0.000
0.000
0.000
0.000
0.000
0.000
0.000
0.000
0.000
0.000
0.000
0.000
0.000
0.000
0.103
0.000
0.052
0.000
0.146
0.103
0.052
0.504
0.571
0.417
0.514
0.517
0.963
0.871
0.631
0.713
0.722
0.907
0.806
0.709
0.638
0.302
0.491
0.724
0.861
0.740
0.751
0.870
0.876
0.818
0.915
0.977
0.896
0.902
1.005
0.969
0.827
0.865
0.694
0.302
0.763
0.893
0.906
0.722
0.590
0.527
0.331
0.578
0.477
0.465
0.369
0.351
0.462
0.373
0.605
0.656
0.264
0.509
0.573
0.559
0.569
0.557
0.566
0.535
0.468
0.480
0.315
0.562
0.460
0.583
0.694
0.652
0.678
0.686
0.705
0.781
0.763
0.827
0.903
0.793
0.808
0.848
0.847
0.890
0.868
0.798
0.504
0.729
0.809
0.948
0.941
0.932
1.017
0.939
0.514
0.485
0.658
0.809
0.803
0.762
0.648
0.631
0.594
0.635
0.658
0.642
0.623
0.417
0.468
0.488
0.465
0.616
0.711
0.678
0.707
0.946
0.837
0.842
0.737
0.633
0.390
0.445
0.587
0.592
0.288
0.480
0.642
0.718
0.621
0.488
0.451
0.530
0.625
0.826
0.583
0.601
0.592
0.627
0.720
0.545
0.439
0.288
0.454
0.514
0.387
0.590
0.690
0.726
0.811
0.942
0.859
0.454
0.612
0.818
0.859
0.471
0.635
0.799
0.733
0.698
0.658
0.924
0.984
0.735
0.414
0.916
0.827
0.896
0.985
1.056
1.008
0.960
0.808
0.818
0.686
0.726
0.426
0.380
0.552
0.580
0.648
0.676
0.765
0.806
0.737
0.527
0.580
0.514
0.682
0.642
0.650
0.684
0.633
0.535
0.573
0.430
0.614
0.562
0.339
0.297
0.293
0.225
0.315
0.414
0.259
0.278
0.243
0.302
0.171
0.288
0.410
0.493
0.420
0.414
0.562
0.439
0.522
0.310
0.512
0.310
0.293
0.225
0.335
0.200
0.387
0.462
0.448
0.578
0.366
0.283
0.390
0.436
0.471
0.380
0.351
0.339
0.407
0.457
0.410
0.633
0.532
0.540
0.638
0.477
0.293
0.237
0.179
0.146
0.116
0.000
0.090
0.073
0.000
0.052
0.000
0.073
0.073
0.103
0.103
0.000
0.000
0.000
0.000
0.090
0.090
0.103
0.000
0.000
0.000
0.000
0.000
0.000
0.052
0.090
0.000
0.103
0.000
0.000
0.164
0.000
0.052
0.052
0.259
0.248
0.380
0.401
0.430
0.269
0.383
0.504
0.436
0.383
0.366
0.569
0.678
0.650
0.618
0.552
0.383
0.430
0.631
0.471
0.707
0.709
0.832
0.932
0.867
0.867
0.397
0.274
0.253
0.471
0.248
0.666
0.794
0.822
0.664
0.323
0.525
0.676
0.283
0.618
0.171
0.680
0.640
0.788
0.454
0.397
0.496
0.660
0.596
0.890
0.640
0.404
0.590
0.603
0.728
0.803
0.851
0.662
0.499
0.530
0.853
0.921
0.915
0.992
0.992
0.945
1.034
1.050
1.047
0.981
0.993
1.030
1.025
0.648
0.798
0.776
0.530
0.259
0.576
0.701
0.722
0.652
0.672
0.903
0.760
0.610
0.496
0.468
0.545
0.358
0.417
0.407
0.540
0.442
0.394
0.358
0.347
0.269
0.219
0.410
0.612
0.323
0.493
0.347
0.323
0.445
0.468
0.293
0.397
0.362
0.433
0.186
0.354
0.269
0.225
0.335
0.274
0.460
0.404
0.253
0.362
0.397
0.376
0.362
0.445
0.442
0.315
0.499
0.509
0.390
0.376
0.237
0.358
0.278
0.297
0.509
0.507
0.373
0.474
0.646
0.700
0.749
0.931
0.966
0.959
0.569
0.155
0.376
0.264
0.319
0.420
0.323
0.442
0.343
0.207
0.243
0.225
0.000
0.146
0.000
0.000
0.000
0.000
0.090
0.179
0.000
0.000
0.090
0.219
0.269
0.186
0.137
0.193
0.207
0.127
0.414
0.578
0.542
0.397
0.390
0.674
0.596
0.420
0.306
0.573
0.569
0.457
0.448
0.362
0.426
0.269
0.477
0.601
0.482
0.219
0.426
0.507
0.791
0.903
0.887
0.840
0.874
0.816
0.731
0.811
0.758
0.781
0.735
0.638
0.535
0.397
0.654
0.623
0.550
0.542
0.545
0.485
0.499
0.457
0.339
0.552
0.707
0.646
0.488
0.674
0.753
0.791
0.674
0.555
0.445
0.462
0.573
0.485
0.373
0.323
0.474
0.514
0.354
0.193
0.213
0.283
0.347
0.343
0.401
0.407
0.387
0.376
0.366
0.468
0.404
0.397
0.369
0.387
0.237
0.433
0.373
0.462
0.454
0.445
0.499
0.310
0.327
0.366
0.417
0.288
0.331
0.306
0.376
0.283
0.331
0.394
0.264
0.448
0.417
0.397
0.397
0.164
0.302
0.369
0.310
0.278
0.193
0.323
0.278
0.468
0.369
0.504
0.335
0.383
0.264
0.373
0.347
0.445
0.343
0.331
0.327
0.430
0.376
0.339
0.557
0.397
0.442
0.343
0.283
0.146
0.259
0.237
0.351
0.454
0.358
0.274
0.253
0.207
0.369
0.200
0.269
0.207
0.485
0.474
0.306
0.207
0.297
0.231
1.032
0.676
0.414
0.404
0.243
0.569
0.383
0.394
0.769
0.603
0.369
0.410
0.700
0.618
0.397
0.343
0.264
0.439
0.193
0.319
0.417
0.376
0.507
0.596
0.545
0.540
0.562
0.607
0.650
0.410
0.358
0.520
0.445
0.417
0.274
0.451
0.587
0.293
0.283
0.404
0.269
0.454
0.394
0.423
0.522
0.269
0.362
0.323
0.310
0.248
0.207
0.231
0.213
0.231
0.269
0.369
0.569
0.596
0.404
0.535
0.525
0.566
0.629
0.718
0.576
0.652
0.686
0.660
0.698
0.465
0.401
0.545
0.420
0.457
0.293
0.366
0.457
0.501
0.283
0.343
0.380
0.462
0.404
0.383
0.339
0.373
0.707
0.433
0.417
0.351
0.618
0.253
0.302
1.009
1.020
0.504
0.603
0.832
0.684
0.767
0.614
0.343
0.749
0.713
0.733
0.530
0.658
0.720
0.791
0.614
0.587
0.583
0.631
0.545
0.631
0.578
0.485
0.525
0.327
0.564
0.369
0.339
0.358
0.237
0.310
0.293
0.327
0.259
0.629
0.417
0.339
0.445
0.537
0.509
0.457
0.293
0.496
0.404
0.323
0.274
0.376
0.493
0.369
0.319
0.327
0.648
0.664
0.401
0.231
0.354
0.243
0.219
0.237
0.401
0.527
0.259
0.442
0.401
0.278
0.331
0.623
0.394
0.351
0.380
0.343
0.569
0.703
0.471
0.705
0.758
0.718
0.781
0.758
0.394
0.629
0.642
0.404
0.394
0.530
0.680
0.557
0.488
0.387
0.327
0.213
0.073
0.116
0.137
0.052
0.200
0.073
0.000
0.073
0.164
0.073
0.000
0.127
0.127
0.000
0.116
0.116
0.137
0.884
0.507
0.493
0.471
0.253
0.343
0.366
0.354
0.520
0.527
0.293
0.362
0.915
0.680
0.682
0.794
0.811
0.862
0.918
0.874
0.781
0.859
0.959
1.007
0.814
0.798
1.008
1.048
1.016
0.963
0.997
0.913
0.850
0.922
0.831
0.850
0.540
0.468
0.335
0.414
0.302
0.520
0.662
0.728
0.635
0.654
0.460
0.507
0.462
0.559
0.454
0.477
0.517
0.253
0.347
0.401
0.791
0.433
0.485
0.401
0.414
0.592
0.302
0.315
0.283
0.959
0.776
0.864
0.430
0.243
0.116
0.073
0.310
0.207
0.171
0.116
0.116
0.000
0.090
0.000
0.073
0.000
0.237
0.000
0.103
0.347
0.599
0.557
0.537
0.451
0.537
0.383
0.369
0.552
0.420
0.327
0.200
0.474
0.323
0.439
0.525
0.420
0.414
0.439
0.278
0.401
0.646
0.491
0.550
0.376
0.451
0.482
0.335
0.335
0.491
0.358
0.644
0.468
0.297
0.366
0.501
0.739
0.770
0.552
0.605
0.658
0.804
0.803
0.861
0.755
0.798
0.767
0.707
0.788
0.808
0.696
0.711
0.865
0.758
0.278
0.772
0.862
0.882
0.729
0.327
0.264
0.090
0.164
0.000
0.000
0.103
0.000
0.000
0.052
0.052
0.193
0.090
0.073
0.000
0.171
0.000
0.000
0.052
0.090
0.000
0.090
0.000
0.000
0.116
0.000
0.000
0.103
0.000
0.052
0.137
0.073
0.000
0.000
0.000
0.052
0.052
0.000
0.000
0.052
0.127
0.000
0.000
0.000
0.000
0.000
0.073
0.000
0.000
0.000
0.000
0.000
0.073
0.073
0.073
0.000
0.000
0.000
0.000
0.000
0.000
0.000
0.000
0.000
0.000
0.000
0.000
0.000
0.000
0.000
0.000
0.000
0.000
0.000
0.000
0.000
0.000
0.000
0.000
0.000
0.090
0.000
0.000
0.000
0.000
0.231
0.000
0.000
0.000
0.000
0.000
0.000
0.000
0.000
0.000
0.000
0.000
0.000
0.000
0.000
0.000
0.000
0.000
0.000
0.000
0.000
0.155
0.146
0.200
0.171
0.146
0.052
0.426
0.423
0.512
0.462
0.351
0.666
0.701
0.530
0.571
0.545
0.709
0.627
0.590
0.535
0.331
0.525
0.662
0.701
0.726
0.709
0.433
0.698
0.662
0.542
0.703
0.545
0.705
0.540
0.491
0.652
0.603
0.587
0.451
0.465
0.390
0.278
0.213
0.315
0.278
0.171
0.274
0.269
0.243
0.283
0.127
0.278
0.248
0.137
0.103
0.000
0.000
0.000
0.000
0.000
0.000
0.000
0.000
0.000
0.000
0.000
0.000
0.000
0.000
0.000
0.000
0.116
0.171
0.200
0.200
0.213
0.380
0.426
0.397
0.504
0.366
0.578
0.306
0.380
0.423
0.530
0.635
0.542
0.439
0.527
0.468
0.477
0.274
0.278
0.116
0.219
0.436
0.200
0.243
0.052
0.000
0.000
0.000
0.000
0.269
0.638
0.590
0.776
0.879
0.955
0.960
0.973
1.035
0.976
0.902
0.999
0.997
0.867
0.237
0.471
0.369
0.362
0.603
0.638
0.854
0.794
0.366
0.928
1.033
0.962
0.919
1.007
0.931
0.842
0.462
0.573
0.283
0.383
0.499
0.512
0.407
0.527
0.501
0.514
0.457
0.512
0.571
0.351
0.520
0.552
0.599
0.763
0.407
0.718
0.993
0.623
1.005
0.442
0.684
0.692
0.530
0.782
0.809
0.850
0.881
0.716
0.788
0.857
0.701
0.834
0.854
0.448
0.535
0.631
0.843
0.672
0.397
0.433
0.225
0.522
0.674
0.640
0.644
0.460
0.535
0.448
0.656
0.603
0.532
0.922
0.801
0.618
0.731
0.642
0.460
0.401
0.520
0.621
0.480
0.658
0.482
0.499
0.414
0.404
0.376
0.366
0.404
0.535
0.331
0.354
0.436
0.343
0.571
0.430
0.335
0.451
0.557
0.433
0.520
0.610
0.707
0.594
0.629
0.410
0.283
0.414
0.283
0.369
0.306
0.724
0.477
0.358
0.654
0.512
0.430
0.302
0.323
0.179
0.327
0.253
0.200
0.207
0.259
0.358
0.633
0.603
0.700
0.618
0.633
0.625
0.583
0.366
0.362
0.274
0.288
0.278
0.225
0.319
0.358
0.310
0.627
0.460
0.394
0.269
0.358
0.522
0.417
0.269
0.485
0.448
0.310
0.366
0.509
0.652
0.331
0.564
0.448
0.847
0.853
0.789
0.445
0.635
0.633
0.599
0.451
0.522
0.652
0.631
0.739
0.769
0.640
0.616
0.219
0.219
0.171
0.103
0.171
0.237
0.137
0.116
0.073
0.052
0.000
0.103
0.000
0.052
0.000
0.116
0.000
0.116
0.000
0.052
0.000
0.073
0.000
0.000
0.103
0.000
0.000
0.000
0.000
0.000
0.219
0.592
0.552
0.512
0.583
0.537
0.358
0.323
1.001
0.590
0.733
0.859
0.607
0.404
0.193
0.248
0.293
0.288
0.213
0.155
0.179
0.248
0.269
0.259
0.146
0.127
0.248
0.237
0.171
0.283
0.193
0.090
0.231
0.103
0.103
0.127
0.073
0.000
0.137
0.090
0.090
0.137
0.103
0.052
0.137
0.103
0.155
0.103
0.146
0.000
0.000
0.127
0.073
0.000
0.000
0.052
0.000
0.000
0.000
0.000
0.000
0.000
0.000
0.000
0.000
0.000
0.052
0.000
0.090
0.000
0.000
0.000
0.000
0.000
0.000
0.000
0.000
0.000
0.073
0.052
0.000
0.000
0.000
0.000
0.000
0.000
0.000
0.000
0.000
0.000
0.000
0.000
0.000
0.000
0.000
0.000
0.000
0.000
0.000
0.000
0.073
0.000
0.000
0.000
0.000
0.000
0.000
0.000
0.000
0.000
0.000
0.000
0.000
0.000
0.000
0.000
0.000
0.000
0.000
0.000
0.000
0.000
0.000
0.164
0.537
0.530
0.729
0.843
0.806
0.885
0.851
0.666
0.921
0.735
0.856
0.654
0.580
0.801
0.818
0.501
0.465
0.596
0.713
0.576
0.525
0.512
0.397
0.566
0.426
0.557
0.471
0.668
0.610
0.387
0.231
0.896
1.009
0.662
0.784
0.946
0.982
1.037
1.067
1.029
1.080
1.032
1.098
1.101
1.090
1.107
0.698
0.207
0.433
0.243
0.343
0.496
0.354
0.698
0.420
0.705
0.457
0.666
0.650
0.566
0.380
0.499
0.445
0.504
0.566
0.587
0.517
0.530
0.482
0.532
0.477
0.451
0.666
0.791
0.530
0.648
0.462
0.401
0.331
0.648
0.631
0.430
0.339
0.347
0.310
0.436
0.423
0.501
0.339
0.485
0.578
0.442
0.596
0.587
0.731
0.794
0.835
0.831
0.928
1.015
0.696
0.362
0.171
0.146
0.137
0.000
0.155
0.137
0.000
0.127
0.000
0.116
0.000
0.090
0.186
0.465
0.315
0.264
0.499
0.347
0.310
0.213
0.407
0.417
0.407
0.410
0.327
0.394
0.631
0.623
0.288
0.573
0.809
0.902
0.782
0.283
0.225
0.442
0.306
0.362
0.501
0.694
0.335
0.225
0.767
0.776
0.918
0.910
0.811
0.480
0.542
0.915
0.893
0.813
0.658
0.612
0.610
0.674
0.742
0.652
0.436
0.547
0.654
0.660
0.532
0.493
0.635
0.596
0.319
0.499
0.323
0.253
0.213
0.164
0.213
0.179
0.193
0.264
0.193
0.146
0.155
0.274
0.219
0.193
0.297
0.354
0.468
0.627
0.631
0.772
0.596
0.670
0.614
0.514
0.306
0.237
0.477
0.283
0.207
0.327
0.343
0.462
0.713
0.739
0.915
0.865
0.522
0.404
0.682
0.944
1.030
1.039
0.874
0.980
0.991
1.060
0.944
0.343
0.504
0.237
0.614
0.931
0.924
1.025
1.025
1.012
0.929
0.939
0.711
0.545
0.423
0.520
0.420
0.703
0.700
0.496
0.610
0.373
0.288
0.462
0.451
0.414
0.451
0.678
0.537
0.507
0.410
0.442
0.514
0.868
0.583
0.369
0.315
0.545
0.522
0.514
0.603
0.612
0.592
0.496
0.569
0.407
0.652
0.698
0.590
0.646
0.351
0.410
0.426
0.477
0.401
0.564
0.186
0.335
0.404
0.278
0.310
0.293
0.491
0.331
0.465
0.448
0.376
0.550
0.590
0.537
0.274
0.243
0.362
0.347
0.512
0.404
0.323
0.454
0.414
0.445
0.376
0.354
0.542
0.417
0.414
0.601
0.485
0.525
0.248
0.278
0.269
0.482
0.555
0.404
0.404
0.592
0.417
0.253
0.462
0.445
0.397
0.451
0.414
0.488
0.454
0.366
0.433
0.457
0.569
0.426
0.656
0.742
0.618
0.555
0.583
0.625
0.678
0.799
0.801
0.816
0.958
0.989
0.888
0.799
0.829
0.821
0.390
0.339
0.414
0.547
0.269
0.155
0.207
0.090
0.137
0.164
0.127
0.171
0.116
0.219
0.253
0.373
0.306
0.259
0.269
0.179
0.213
0.171
0.164
0.193
0.116
0.000
0.090
0.103
0.052
0.293
0.193
0.090
0.219
0.264
0.231
0.207
0.137
0.225
0.052
0.373
0.509
0.601
0.629
0.737
0.550
0.404
0.627
0.573
0.749
0.720
0.552
0.596
0.525
0.559
0.525
0.448
0.480
0.278
0.555
0.670
0.482
0.509
0.407
0.491
0.454
0.532
0.383
0.532
0.724
0.831
0.999
0.977
0.987
1.032
0.826
0.343
0.306
0.493
0.387
0.401
0.678
0.756
0.822
0.921
1.034
1.066
1.074
1.082
1.086
1.081
1.083
0.984
0.520
0.601
0.791
0.601
0.387
0.315
0.339
0.335
0.477
0.394
0.426
0.426
0.537
0.445
0.562
0.537
0.445
0.302
0.351
0.404
0.323
0.585
0.585
0.767
0.713
0.758
0.559
0.532
0.583
0.758
0.847
0.763
0.794
0.735
0.774
0.629
0.564
0.605
0.555
0.767
0.763
0.799
0.656
0.696
0.857
0.861
0.894
0.666
0.193
0.155
0.090
0.351
0.179
0.200
0.073
0.000
0.103
0.137
0.000
0.000
0.000
0.137
0.000
0.000
0.000
0.423
0.474
0.735
0.818
0.769
0.491
0.512
0.410
0.253
0.293
0.928
0.814
0.535
0.562
0.749
0.794
0.696
0.809
0.718
0.688
0.739
0.952
0.944
1.025
0.974
0.897
0.703
0.638
0.642
0.585
0.864
0.748
0.576
0.480
0.327
0.306
0.527
0.755
0.426
0.485
0.373
0.259
0.514
0.664
0.959
0.488
0.439
0.676
0.650
0.373
0.283
0.555
0.684
0.682
0.540
0.387
0.394
0.868
0.462
0.656
0.499
0.694
0.744
0.339
0.767
0.339
0.623
0.562
0.564
0.722
0.485
0.601
0.585
0.407
0.306
0.442
0.283
0.253
0.474
0.642
0.306
0.366
0.488
0.460
0.404
0.610
0.414
0.471
0.297
0.358
0.200
0.387
0.436
0.310
0.442
0.293
0.520
0.532
0.383
0.383
0.354
0.559
0.550
0.436
0.607
0.327
0.366
0.339
0.404
0.688
0.362
0.347
0.842
0.803
0.477
0.474
0.499
0.781
0.690
0.701
0.762
0.587
0.373
0.327
0.451
0.366
0.493
0.302
0.297
0.302
0.347
0.383
0.573
0.387
0.331
0.302
0.253
0.186
0.366
0.319
0.407
0.426
0.248
0.253
0.193
0.137
0.297
0.417
0.283
0.451
0.219
0.614
0.594
0.557
0.696
0.724
0.758
0.656
0.569
0.596
0.656
0.701
0.590
0.383
0.552
0.751
0.793
0.884
0.925
0.903
0.746
0.448
0.462
0.297
0.668
0.562
0.480
0.433
0.612
0.585
0.448
0.404
0.520
0.629
0.559
0.439
0.482
0.509
0.507
0.540
0.387
0.179
0.462
0.707
0.420
0.474
0.724
0.605
0.501
0.596
0.576
0.390
0.562
0.426
0.335
0.394
0.335
0.430
0.430
0.319
0.339
0.442
0.335
0.454
0.562
0.436
0.397
0.520
0.512
0.362
0.404
0.200
0.264
0.310
0.193
0.417
0.339
0.283
0.288
0.397
0.347
0.373
0.253
0.423
0.507
0.530
0.297
0.288
0.562
0.327
0.343
0.522
0.442
0.225
0.231
0.460
0.550
0.477
0.351
0.439
0.347
0.420
0.351
0.331
0.253
0.331
0.315
0.480
1.074
0.897
0.376
0.729
0.767
0.660
0.774
0.493
0.763
0.755
0.728
0.654
0.818
0.670
0.700
0.635
0.690
0.729
0.670
0.769
0.853
0.740
0.362
0.401
0.248
0.052
0.219
0.164
0.000
0.186
0.116
0.155
0.127
0.186
0.171
0.103
0.200
0.155
0.164
0.179
0.146
0.269
0.116
0.073
0.090
0.200
0.243
0.283
0.219
0.248
0.186
0.193
0.155
0.155
0.200
0.171
0.179
0.213
0.193
0.200
0.200
0.231
0.243
0.171
0.219
0.186
0.127
0.237
0.200
0.171
0.179
0.090
0.116
0.186
0.213
0.155
0.207
0.200
0.052
0.237
0.200
0.127
0.090
0.193
0.000
0.000
0.000
0.000
0.310
0.504
0.354
0.343
0.648
0.686
0.583
0.748
0.713
0.861
0.763
0.716
0.496
0.557
0.369
0.512
0.654
0.585
0.720
0.319
0.610
0.599
0.666
0.477
0.335
0.471
0.451
0.448
0.347
0.394
0.433
0.562
0.585
0.480
0.809
0.782
0.718
0.733
0.537
0.824
0.735
0.856
0.902
0.981
1.017
0.894
0.762
0.748
0.742
0.726
0.796
0.756
0.887
1.008
0.921
0.724
0.283
0.155
0.571
0.843
1.022
1.032
0.666
0.259
0.751
0.826
0.916
0.818
0.776
0.557
0.323
0.414
0.501
0.171
0.278
0.278
0.278
0.845
0.756
0.471
0.646
0.583
0.537
0.724
0.614
0.507
0.504
0.527
0.493
0.460
0.369
0.426
0.569
0.592
0.578
0.436
0.550
0.351
0.491
0.496
0.638
0.788
0.457
0.794
0.347
0.373
0.711
0.555
0.310
0.430
0.410
0.482
0.504
0.571
0.596
0.592
0.587
0.477
0.525
0.482
0.507
0.448
0.278
0.394
0.283
0.477
0.488
0.231
0.376
0.306
0.323
0.594
0.278
0.297
0.293
0.310
0.380
0.468
0.410
0.448
0.436
0.559
0.480
0.351
0.358
0.442
0.471
0.485
0.583
0.462
0.451
0.380
0.587
0.499
0.426
0.351
1.039
0.517
0.248
0.243
0.259
0.457
0.442
0.171
0.127
0.164
0.000
0.200
0.000
0.116
0.155
0.504
0.562
0.728
0.522
0.369
0.274
0.171
0.179
0.116
0.603
0.676
0.811
0.952
0.890
0.801
0.700
0.635
0.525
0.442
0.488
0.390
0.369
0.578
0.423
0.436
0.219
0.193
0.219
0.410
0.471
0.387
0.306
0.288
0.517
0.207
0.237
0.237
0.243
0.253
0.537
0.302
0.390
0.380
0.278
0.243
0.331
0.259
0.213
0.517
0.509
0.339
0.397
0.488
0.552
0.517
0.507
0.601
0.390
0.448
0.436
0.274
0.331
0.278
0.243
0.293
0.383
0.306
0.297
0.474
0.485
0.237
0.248
0.319
0.407
0.397
0.465
0.530
0.462
0.362
0.323
0.358
0.426
0.451
0.468
0.596
0.347
0.306
0.155
0.164
0.155
0.000
0.155
0.000
0.103
0.000
0.103
0.000
0.000
0.000
0.390
0.557
0.854
0.676
0.672
0.587
0.540
0.426
0.387
0.423
0.420
0.921
0.688
0.726
0.474
0.594
0.646
0.703
0.540
0.648
0.573
0.635
0.504
0.237
0.351
0.193
0.327
0.127
0.323
0.200
0.219
0.179
0.253
0.193
0.213
0.347
0.351
0.335
0.404
0.373
0.423
0.590
0.599
0.599
0.514
0.627
0.590
0.397
0.658
0.493
0.488
0.525
0.514
0.887
0.709
0.485
0.672
0.709
0.809
0.871
0.763
0.868
0.874
0.711
0.676
0.351
0.509
0.460
0.601
0.448
0.742
0.794
0.900
0.959
0.977
1.043
1.016
1.015
0.784
0.765
0.758
0.879
0.910
0.928
0.970
0.945
0.794
0.587
0.684
0.420
0.468
0.552
0.748
0.735
0.545
0.480
0.248
0.331
0.607
0.557
0.566
0.542
0.471
0.373
0.306
0.383
0.373
0.433
0.293
0.580
0.692
0.380
0.658
1.024
0.614
0.590
0.688
0.471
0.610
0.801
0.705
0.726
0.542
0.664
0.674
0.698
0.907
0.668
0.742
0.789
0.573
0.457
0.390
0.274
0.310
0.225
0.186
0.186
0.243
0.200
0.116
0.052
0.127
0.207
0.283
0.315
0.354
0.237
0.327
0.171
0.278
0.302
0.237
0.231
0.343
0.264
0.278
0.323
0.315
0.278
0.164
0.310
0.259
0.310
0.327
0.339
0.347
0.315
0.288
0.331
0.248
0.288
0.231
0.376
0.335
0.283
0.383
0.460
0.000
0.090
0.155
0.193
0.179
0.179
0.052
0.127
0.000
0.052
0.052
0.000
0.090
0.116
0.000
0.073
0.000
0.000
0.000
0.116
0.090
0.127
0.073
0.000
0.000
0.137
0.000
0.127
0.000
0.146
0.213
0.243
0.596
0.514
0.482
0.499
0.566
0.454
0.278
0.397
0.302
0.358
0.306
0.319
0.445
0.532
0.537
0.592
0.711
0.798
0.857
0.635
0.493
0.616
0.781
0.826
0.716
0.737
0.465
0.703
0.753
0.530
0.614
0.744
0.694
0.760
0.648
0.788
0.742
0.557
0.552
0.660
0.751
0.532
0.599
0.739
0.700
0.351
0.376
0.530
0.327
0.306
0.633
0.618
0.891
0.532
0.564
0.718
0.733
0.882
0.682
0.555
0.959
0.982
0.629
0.576
0.782
0.873
0.944
0.856
0.935
0.956
0.848
0.932
0.919
0.952
0.969
0.962
1.048
1.020
1.069
1.053
0.668
0.315
0.401
0.491
0.740
0.545
0.186
0.724
0.522
0.654
0.535
0.319
0.362
0.410
0.605
0.369
0.590
0.692
0.633
0.362
0.293
0.596
0.666
0.410
0.331
0.373
0.366
0.460
0.306
0.945
0.720
0.876
0.678
0.666
0.718
0.648
0.806
1.007
0.840
0.868
0.854
0.840
0.918
0.762
0.794
0.799
0.583
0.644
0.799
0.826
0.850
0.907
0.822
0.496
0.248
0.264
0.354
0.358
0.179
0.253
0.127
0.179
0.164
0.137
0.179
0.207
0.237
0.146
0.116
0.146
0.171
0.146
0.164
0.164
0.186
0.103
0.073
0.116
0.146
0.127
0.116
0.000
0.000
0.116
0.000
0.000
0.000
0.000
0.000
0.000
0.073
0.000
0.000
0.000
0.207
0.559
0.566
0.660
0.786
0.862
0.945
0.826
0.769
0.756
0.724
0.631
0.662
0.358
0.580
0.457
0.564
0.633
0.635
0.562
0.380
0.387
0.616
0.578
0.537
0.666
0.501
0.668
0.383
0.351
0.293
0.186
0.264
0.219
0.200
0.331
0.351
0.315
0.225
0.310
0.417
0.213
0.127
0.457
0.527
0.535
0.527
0.583
0.599
0.448
0.460
0.530
0.644
0.410
0.740
0.813
0.935
0.974
0.974
1.008
1.041
1.034
0.915
0.814
0.840
0.944
1.012
1.039
0.991
0.808
0.824
0.902
0.913
0.439
0.171
0.248
0.179
0.179
0.127
0.000
0.000
0.000
0.127
0.103
0.000
0.000
0.052
0.000
0.090
0.146
0.146
0.000
0.000
0.000
0.103
0.103
0.000
0.052
0.000
0.000
0.052
0.073
0.000
0.000
0.073
0.000
0.116
0.000
0.000
0.000
0.000
0.000
0.213
0.052
0.073
0.073
0.000
0.000
0.000
0.090
0.000
0.000
0.103
0.000
0.000
0.090
0.000
0.000
0.116
0.000
0.000
0.000
0.000
0.103
0.248
0.545
0.648
0.678
0.664
0.417
0.404
0.603
0.625
0.696
0.788
0.829
0.718
0.420
0.573
0.656
0.376
0.594
0.293
0.527
0.522
0.509
0.480
0.430
0.509
0.474
0.451
0.462
0.369
0.253
0.369
0.394
0.480
0.319
0.762
0.635
0.569
0.493
0.618
0.722
0.658
0.603
0.594
0.716
0.796
0.913
0.881
0.749
0.769
0.824
0.942
0.522
0.373
0.420
0.601
0.433
0.496
0.401
0.601
0.414
0.397
0.569
0.557
0.288
0.491
0.550
0.517
0.599
0.404
0.522
0.621
0.763
0.806
0.770
0.881
0.583
0.819
0.816
0.814
0.859
0.729
0.278
0.171
0.259
0.571
0.585
0.542
0.387
0.373
0.705
0.698
0.578
0.397
0.522
0.601
0.707
0.514
0.894
0.436
0.557
0.694
0.545
0.532
0.646
0.614
0.640
0.474
0.564
0.297
0.834
0.633
0.564
0.454
0.335
0.200
0.164
0.248
0.193
0.480
0.436
0.566
0.278
0.477
0.488
0.585
0.698
0.439
0.243
0.640
0.672
0.662
0.705
0.843
0.781
0.625
0.532
0.310
0.485
0.297
0.566
0.436
0.331
0.607
0.410
0.662
0.694
0.770
0.818
0.733
0.861
0.707
0.672
0.707
0.786
0.789
0.909
0.897
0.803
0.788
0.824
0.720
0.816
0.621
0.612
0.390
0.394
0.373
0.474
0.383
0.545
0.779
0.929
0.919
0.407
0.315
0.146
0.090
0.090
0.376
0.633
0.740
0.873
0.936
0.882
0.935
0.707
0.522
0.306
0.327
0.394
0.327
0.358
0.442
0.433
0.666
0.585
0.537
0.522
0.433
0.420
0.629
0.460
0.590
0.997
0.744
0.784
0.650
0.552
0.749
0.562
0.383
0.728
0.770
0.926
0.865
0.876
0.938
0.965
0.885
0.540
0.462
0.599
0.550
0.784
0.900
0.806
0.682
0.383
0.366
0.407
0.654
0.654
0.767
0.755
0.633
0.488
0.751
0.864
0.789
0.618
0.601
0.644
0.414
0.678
0.718
0.821
0.861
0.772
0.707
0.646
0.451
0.331
0.688
0.803
0.678
0.698
0.485
0.451
0.116
0.137
0.137
0.248
0.237
0.171
0.358
0.225
0.306
0.155
0.306
0.231
0.488
0.537
0.460
0.527
0.614
0.545
0.488
0.662
0.614
0.540
0.612
0.629
0.660
0.569
0.525
0.605
0.493
0.698
0.740
0.912
0.906
0.913
0.856
0.779
0.720
0.658
0.724
0.465
0.726
0.658
0.751
0.813
0.955
1.066
1.075
1.062
1.033
0.840
0.788
0.893
0.912
0.912
0.861
0.460
0.514
0.493
0.547
0.430
0.547
0.302
0.509
0.652
0.501
0.474
0.587
0.354
0.680
0.631
0.480
0.354
0.351
0.578
0.851
0.580
0.806
0.753
0.890
0.881
0.931
0.854
0.781
0.843
0.955
0.922
0.973
0.991
0.865
0.354
0.566
0.656
0.631
0.674
0.407
0.485
0.562
0.716
0.811
0.929
0.941
0.980
0.555
0.585
0.684
0.834
0.755
0.474
0.390
0.442
0.638
0.493
0.430
0.310
0.522
0.362
0.578
0.709
0.618
0.781
0.827
0.848
0.776
0.839
0.537
0.935
0.809
0.423
0.293
0.237
0.269
0.343
0.315
0.306
0.213
0.306
0.376
0.460
0.439
0.315
0.351
0.491
0.465
0.576
0.664
0.310
0.603
0.259
0.288
0.562
0.709
0.737
0.485
0.698
0.857
0.876
0.763
0.888
0.678
0.414
0.380
0.782
0.864
0.660
0.769
0.763
0.847
0.794
0.788
0.718
0.682
0.772
0.700
0.873
0.868
0.992
0.984
1.026
1.062
0.767
0.682
0.881
0.896
0.509
0.462
0.843
0.977
0.988
0.491
0.562
0.213
0.417
0.540
0.522
0.517
0.504
0.501
0.410
0.644
0.713
0.583
0.327
0.380
0.433
0.777
0.445
0.462
0.477
0.454
0.703
0.662
0.362
0.407
0.339
0.339
0.213
0.237
0.512
0.625
0.798
0.744
0.868
0.777
0.726
0.848
0.891
0.970
0.984
0.726
0.327
0.457
0.331
0.414
0.410
0.454
0.347
0.179
0.269
0.315
0.179
0.390
0.207
0.269
0.293
0.179
0.213
0.269
0.090
0.146
0.231
0.323
0.454
0.219
0.248
0.213
0.264
0.219
0.090
0.259
0.310
0.248
0.327
0.248
0.343
0.219
0.225
0.362
0.248
0.323
0.354
0.430
0.315
0.243
0.274
0.293
0.243
0.259
0.310
0.302
0.269
0.213
0.351
0.331
0.283
0.243
0.259
0.323
0.310
0.193
0.259
0.293
0.207
0.248
0.327
0.302
0.200
0.358
0.315
0.259
0.315
0.193
0.315
0.274
0.351
0.369
0.264
0.248
0.171
0.171
0.253
0.278
0.073
0.146
0.090
0.127
0.000
0.200
0.225
0.460
0.527
0.616
0.550
0.583
0.477
0.373
0.540
0.358
0.274
0.253
0.562
0.493
0.460
0.420
0.614
0.678
0.765
0.614
0.164
0.179
0.297
0.383
0.253
0.339
0.587
0.306
0.504
0.278
0.319
0.331
0.580
0.569
0.672
0.638
0.537
0.625
0.808
0.848
0.794
0.885
0.887
0.826
0.535
0.718
0.612
0.362
0.547
0.462
0.485
0.623
0.724
0.678
0.414
0.740
0.578
0.733
0.594
0.631
0.310
0.404
0.733
0.724
0.711
0.477
0.480
0.327
0.504
0.530
0.616
0.491
0.542
0.680
0.890
0.972
1.017
1.046
1.056
1.058
1.047
1.038
1.082
1.026
1.032
0.951
1.066
0.909
0.867
0.873
0.684
0.635
0.358
0.339
0.387
0.423
0.259
1.028
0.496
0.625
0.633
0.493
0.335
0.407
0.468
0.335
0.339
0.327
0.404
0.278
0.471
0.451
0.512
0.477
0.566
0.496
0.493
0.557
0.578
0.269
0.576
0.569
0.729
0.465
0.410
0.288
0.517
0.448
0.929
0.970
0.731
0.737
0.535
0.514
0.666
0.436
0.243
0.485
0.674
0.726
0.607
0.678
0.614
0.646
0.791
0.654
0.594
0.737
0.873
0.960
0.777
0.728
0.514
0.401
0.547
0.668
0.876
0.871
0.835
0.862
0.772
0.696
0.186
0.742
0.735
0.801
0.457
0.401
0.354
0.517
0.390
0.650
0.448
0.537
0.445
0.436
0.623
0.335
0.436
0.550
0.520
0.571
0.666
0.616
0.445
0.171
0.436
0.599
0.480
0.474
0.537
0.387
0.532
0.527
0.682
0.638
0.269
0.323
0.193
0.137
