0.724
0.000
0.000
0.075
0.000
0.000
0.000
0.053
0.000
0.000
0.000
0.000
0.000
0.000
0.168
0.000
0.000
0.159
0.000
0.140
0.000
0.000
0.000
0.000
0.000
0.000
0.159
0.000
0.092
0.053
0.000
0.000
0.000
0.000
0.000
0.000
0.000
0.000
0.000
0.000
0.000
0.000
0.000
0.000
0.000
0.000
0.000
0.000
0.000
0.000
0.000
0.000
0.000
0.000
0.000
0.000
0.000
0.000
0.000
0.000
0.000
0.159
0.075
0.130
0.000
0.000
0.000
0.000
0.000
0.000
0.053
0.000
0.000
0.000
0.191
0.000
0.106
0.075
0.000
0.000
0.000
0.000
0.075
0.000
0.000
0.000
0.000
0.000
0.000
0.000
0.000
0.000
0.053
0.000
0.000
0.000
0.000
0.000
0.000
0.000
0.000
0.053
0.300
0.281
0.191
0.305
0.255
0.309
0.401
0.276
0.987
0.434
0.390
0.659
0.593
0.706
0.600
0.331
0.401
0.276
0.368
0.276
0.265
0.231
0.249
0.344
0.641
0.418
0.348
0.305
0.255
0.375
0.260
0.404
0.469
0.386
0.528
0.296
0.504
0.331
0.300
0.340
0.327
0.372
0.383
0.360
0.415
0.356
0.364
0.404
0.318
0.559
0.415
0.386
0.447
0.408
0.286
0.397
0.447
0.504
0.260
0.206
0.249
0.386
0.375
0.512
0.891
0.501
0.438
0.463
0.641
0.637
0.472
0.626
0.706
0.336
0.352
0.418
0.652
0.291
0.438
0.372
0.603
0.546
0.650
0.639
0.572
0.735
0.776
0.708
0.826
0.617
0.793
0.808
0.718
0.716
0.839
0.686
0.650
0.659
0.498
0.626
0.600
0.336
0.243
0.428
0.523
0.411
0.231
0.411
0.340
0.271
0.206
0.168
0.159
0.075
0.140
0.130
0.140
0.150
0.168
0.191
0.000
0.176
0.119
0.159
0.119
0.075
0.106
0.000
0.106
0.053
0.053
0.000
0.092
0.106
0.130
0.053
0.106
0.159
0.000
0.150
0.000
0.000
0.000
0.092
0.000
0.106
0.130
0.106
0.237
0.075
0.000
0.000
0.000
0.075
0.000
0.140
0.106
0.000
0.000
0.000
0.000
0.000
0.000
0.000
0.000
0.000
0.000
0.000
0.379
0.314
0.243
0.219
0.106
0.225
0.472
0.309
0.243
0.305
0.375
0.318
0.411
0.498
0.559
0.379
0.438
0.352
0.199
0.286
0.225
0.364
0.300
0.372
0.260
0.309
0.206
0.092
0.150
0.130
0.106
0.053
0.075
0.092
0.000
0.191
0.092
0.092
0.075
0.000
0.092
0.000
0.130
0.000
0.000
0.119
0.000
0.119
0.075
0.000
0.053
0.000
0.000
0.000
0.000
0.000
0.000
0.000
0.000
0.000
0.000
0.053
0.000
0.000
0.000
0.000
0.106
0.000
0.000
0.000
0.000
0.000
0.092
0.053
0.000
0.000
0.000
0.092
0.000
0.130
0.119
0.075
0.000
0.140
0.000
0.119
0.000
0.000
0.000
0.000
0.000
0.000
0.075
0.000
0.000
0.438
0.212
0.309
0.130
0.140
0.130
0.249
0.231
0.379
0.918
0.478
0.428
0.512
0.484
0.504
0.360
0.472
0.340
0.438
0.415
0.495
0.394
0.348
0.372
0.536
0.323
0.450
0.838
0.912
0.773
0.737
0.708
1.044
0.646
0.623
0.397
0.375
0.501
0.444
0.404
0.336
0.501
0.286
0.305
0.348
0.397
0.360
0.296
0.372
0.225
0.219
0.206
0.348
0.364
0.379
0.271
0.237
0.421
0.212
0.276
0.225
0.331
0.404
0.364
0.327
0.184
0.276
0.260
0.281
0.394
0.401
0.318
0.999
0.478
0.489
0.688
0.460
0.495
0.431
0.428
0.712
0.702
0.509
0.509
0.586
0.533
0.394
0.457
0.450
0.356
0.450
0.520
0.520
0.425
0.397
0.431
0.318
0.276
0.466
0.434
0.475
0.352
0.286
0.309
0.231
0.356
0.231
0.199
0.231
0.276
0.140
0.260
0.249
0.249
0.225
0.368
0.150
0.119
0.191
0.000
0.000
0.176
0.000
0.000
0.000
0.106
0.130
0.000
0.053
0.000
0.000
0.000
0.075
0.000
0.000
0.243
0.000
0.000
0.000
0.000
0.000
0.000
0.106
0.000
0.119
0.092
0.000
0.000
0.000
0.000
0.150
0.000
0.000
0.000
0.000
0.265
0.314
0.255
0.318
0.327
0.206
0.441
0.431
0.421
0.546
0.509
0.517
0.356
0.434
0.296
0.286
0.305
0.260
0.379
0.466
0.598
0.630
0.702
0.739
0.460
0.368
0.360
0.418
0.434
0.472
0.600
0.463
0.536
0.517
0.520
0.478
0.523
0.567
0.492
0.450
0.501
0.603
0.352
0.130
0.255
0.630
0.460
0.495
0.489
0.579
0.523
0.528
0.656
0.484
0.559
0.327
0.515
0.605
0.265
0.415
0.495
0.364
0.336
0.489
0.520
0.438
0.314
0.260
0.255
0.199
0.260
0.265
0.281
0.463
0.276
0.323
0.255
0.231
0.219
0.000
0.231
0.184
0.191
0.092
0.184
0.140
0.140
0.119
0.184
0.140
0.106
0.092
0.168
0.159
0.053
0.053
0.000
0.075
0.000
0.092
0.053
0.106
0.106
0.092
0.000
0.199
0.000
0.000
0.000
0.000
0.000
0.000
0.000
0.000
0.000
0.000
0.000
0.000
0.075
0.000
0.000
0.000
0.000
0.237
0.383
0.415
0.260
0.296
0.168
0.206
0.159
0.281
0.237
0.260
0.431
0.276
0.130
0.291
0.159
0.421
0.276
0.879
0.848
0.890
0.539
0.352
0.559
0.450
0.356
0.219
0.212
0.372
0.619
0.478
0.533
0.411
0.390
0.512
0.610
0.546
0.394
0.199
0.344
0.839
0.678
0.557
0.739
0.567
0.379
0.504
0.517
0.372
0.415
0.368
0.673
0.720
0.438
0.680
0.434
0.404
0.504
0.390
0.444
0.375
0.352
0.219
0.206
0.237
0.368
0.176
0.130
0.168
0.130
0.053
0.119
0.199
0.231
0.231
0.184
0.119
0.053
0.140
0.000
0.191
0.150
0.000
0.000
0.119
0.000
0.159
0.000
0.140
0.000
0.119
0.092
0.000
0.000
0.000
0.000
0.000
0.000
0.159
0.000
0.000
0.000
0.000
0.000
0.364
0.431
0.397
0.305
0.276
0.438
0.428
0.348
0.286
0.515
0.291
0.669
0.676
0.425
0.525
0.720
0.686
0.682
0.635
0.286
0.318
0.546
0.489
0.463
0.486
0.469
0.372
0.225
0.281
0.434
0.276
0.567
0.352
0.249
0.411
0.418
0.404
0.447
0.735
0.463
0.574
0.710
0.572
0.541
0.418
0.450
0.584
0.415
0.523
0.549
0.506
0.486
0.632
0.309
0.591
0.475
0.401
0.383
0.552
0.489
0.509
0.383
0.564
0.525
0.607
0.486
0.336
0.305
0.447
0.549
0.549
0.438
0.453
0.219
0.397
0.305
0.368
0.421
0.281
0.176
0.249
0.119
0.206
0.140
0.184
0.000
0.159
0.000
0.206
0.119
0.000
0.106
0.106
0.159
0.000
0.000
0.000
0.150
0.119
0.000
0.000
0.000
0.168
0.119
0.000
0.000
0.000
0.000
0.000
0.130
0.000
0.140
0.000
0.140
0.000
0.000
0.106
0.000
0.000
0.000
0.000
0.000
0.053
0.000
0.130
0.000
0.000
0.000
0.296
0.150
0.000
0.000
0.000
0.000
0.106
0.000
0.000
0.000
0.000
0.000
0.000
0.000
0.000
0.000
0.000
0.000
0.000
0.000
0.000
0.092
0.000
0.000
0.000
0.000
0.000
0.000
0.000
0.000
0.000
0.119
0.000
0.000
0.000
0.000
0.000
0.000
0.000
0.150
0.000
0.000
0.000
0.000
0.000
0.053
0.000
0.000
0.168
0.000
0.000
0.000
0.000
0.000
0.000
0.000
0.000
0.000
0.000
0.000
0.000
0.053
0.000
0.000
0.000
0.000
0.053
0.000
0.000
0.119
0.000
0.000
0.000
0.000
0.000
0.000
0.000
0.119
0.000
0.000
0.000
0.000
0.000
0.000
0.000
0.000
0.000
0.000
0.000
0.000
0.237
0.260
0.300
0.323
0.296
0.199
0.219
0.199
0.119
0.199
0.199
0.360
0.291
0.255
0.323
0.260
0.386
0.271
0.260
0.199
0.219
0.418
0.418
0.567
0.318
0.425
0.463
0.434
0.478
0.523
0.425
0.438
0.641
0.372
0.564
0.617
0.734
0.598
0.428
0.598
0.441
0.438
0.291
0.260
0.276
0.159
0.484
0.408
0.506
0.481
0.641
0.626
0.411
0.265
0.300
0.255
0.265
0.291
0.053
0.404
0.348
0.421
0.176
0.237
0.364
0.390
0.489
0.469
0.276
0.360
0.528
0.356
0.314
0.390
0.390
0.314
0.512
0.498
0.552
0.686
0.415
0.383
0.291
0.168
0.206
0.286
0.296
0.318
0.309
0.260
0.281
0.159
0.364
0.176
0.140
0.199
0.199
0.092
0.106
0.106
0.000
0.184
0.053
0.000
0.000
0.106
0.000
0.106
0.075
0.119
0.000
0.000
0.000
0.075
0.168
0.000
0.000
0.000
0.184
0.000
0.130
0.000
0.000
0.000
0.000
0.000
0.000
0.000
0.000
0.000
0.000
0.106
0.000
0.000
0.000
0.000
0.176
0.000
0.000
0.000
0.176
0.000
0.000
0.000
0.176
0.206
0.092
0.000
0.000
0.344
0.300
0.281
0.327
0.265
0.509
0.612
0.364
0.368
0.489
0.360
0.404
0.589
0.579
0.421
0.305
0.379
0.749
0.498
0.463
0.528
0.544
0.581
0.237
0.401
0.421
0.286
0.300
0.331
0.276
0.265
0.331
0.291
0.318
0.286
0.646
0.469
0.314
0.457
0.314
0.415
0.231
0.484
0.379
0.386
0.300
0.411
0.509
0.281
0.356
0.383
0.286
0.368
0.352
0.360
0.318
0.237
0.231
0.237
0.000
0.168
0.000
0.000
0.000
0.000
0.199
0.000
0.075
0.000
0.176
0.199
0.000
0.053
0.000
0.119
0.159
0.053
0.000
0.000
0.176
0.000
0.168
0.000
0.000
0.000
0.000
0.000
0.000
0.000
0.053
0.000
0.000
0.053
0.000
0.000
0.000
0.000
0.075
0.106
0.053
0.092
0.106
0.106
0.130
0.092
0.000
0.106
0.053
0.140
0.130
0.130
0.000
0.000
0.000
0.000
0.000
0.000
0.130
0.119
0.000
0.000
0.000
0.000
0.159
0.150
0.000
0.000
0.000
0.000
0.000
0.000
0.000
0.000
0.106
0.119
0.053
0.184
0.053
0.000
0.000
0.000
0.000
0.000
0.159
0.000
0.159
0.000
0.092
0.000
0.000
0.000
0.000
0.000
0.000
0.000
0.000
0.000
0.000
0.000
0.000
0.075
0.000
0.000
0.000
0.000
0.150
0.000
0.000
0.000
0.000
0.075
0.000
0.000
0.000
0.000
0.000
0.000
0.000
0.159
0.000
0.000
0.000
0.000
0.000
0.000
0.000
0.000
0.000
0.000
0.000
0.000
0.000
0.140
0.000
0.092
0.000
0.092
0.000
0.000
0.000
0.000
0.000
0.000
0.000
0.000
0.000
0.000
0.000
0.000
0.000
0.000
0.000
0.000
0.000
0.106
0.000
0.000
0.000
0.000
0.053
0.000
0.053
0.000
0.053
0.000
0.000
0.053
0.000
0.000
0.000
0.000
0.000
0.000
0.000
0.000
0.000
0.000
0.000
0.000
0.000
0.075
0.000
0.000
0.140
0.000
0.000
0.000
0.000
0.000
0.000
0.053
0.000
0.000
0.000
0.000
0.000
0.000
0.000
0.000
0.000
0.000
0.276
0.000
0.000
0.159
0.000
0.000
0.000
0.000
0.000
0.000
0.000
0.000
0.000
0.000
0.000
0.000
0.168
0.000
0.119
0.000
0.000
0.000
0.000
0.000
0.000
0.000
0.130
0.000
0.000
0.000
0.000
0.000
0.000
0.000
0.000
0.000
0.000
0.000
0.130
0.092
0.000
0.000
0.000
0.000
0.053
0.000
0.000
0.140
0.000
0.000
0.000
0.000
0.000
0.237
0.314
0.344
0.331
0.340
0.276
0.184
0.271
0.434
0.408
0.255
0.225
0.255
0.428
0.383
0.714
0.525
0.603
0.546
0.974
0.665
0.552
0.438
0.612
0.501
0.352
0.702
0.463
0.368
0.323
0.404
0.441
0.475
0.541
0.344
0.291
0.296
0.331
0.327
0.286
0.569
0.375
0.379
0.444
0.539
0.434
0.438
0.444
0.206
0.331
0.327
0.150
0.159
0.225
0.053
0.075
0.000
0.159
0.053
0.130
0.106
0.000
0.000
0.000
0.106
0.000
0.053
0.000
0.000
0.000
0.130
0.053
0.199
0.000
0.000
0.000
0.000
0.000
0.000
0.000
0.000
0.000
0.000
0.000
0.119
0.000
0.000
0.000
0.000
0.092
0.000
0.053
0.000
0.075
0.000
0.000
0.000
0.000
0.000
0.092
0.000
0.075
0.000
0.000
0.000
0.000
0.000
0.000
0.000
0.130
0.000
0.092
0.000
0.000
0.053
0.000
0.000
0.000
0.000
0.000
0.000
0.000
0.000
0.000
0.150
0.000
0.075
0.168
0.176
0.092
0.000
0.000
0.119
0.000
0.000
0.000
0.075
0.000
0.000
0.000
0.075
0.000
0.000
0.000
0.000
0.000
0.000
0.000
0.314
0.300
0.394
0.243
0.191
0.296
0.379
0.854
0.379
0.460
0.401
0.336
0.411
0.562
0.397
0.309
0.352
0.281
0.331
0.408
0.492
0.444
0.450
0.260
0.460
0.512
0.478
0.206
0.447
0.318
0.260
0.305
0.348
0.383
0.475
0.276
0.364
0.323
0.379
0.206
0.199
0.130
0.176
0.092
0.356
0.265
0.184
0.219
0.150
0.219
0.199
0.075
0.199
0.176
0.092
0.106
0.106
0.092
0.075
0.140
0.000
0.140
0.000
0.053
0.000
0.106
0.000
0.053
0.000
0.000
0.092
0.000
0.000
0.000
0.092
0.206
0.225
0.411
0.486
0.255
0.348
0.408
0.336
0.574
0.379
0.397
0.577
0.336
0.260
0.481
0.438
0.379
0.421
0.525
0.421
0.466
0.498
0.368
0.372
0.581
0.504
0.922
0.567
0.498
0.447
0.265
0.481
0.460
0.498
0.394
0.441
0.352
0.525
0.544
0.549
0.554
0.520
0.397
0.344
0.296
0.291
0.340
0.271
0.260
0.150
0.281
0.880
0.838
0.450
0.525
0.579
0.635
0.572
0.810
0.671
0.758
0.481
0.447
0.584
0.623
0.593
0.661
0.754
0.533
0.667
0.626
0.716
0.665
0.708
0.785
0.704
0.641
0.515
0.533
0.605
0.775
0.767
0.639
0.536
0.481
0.684
0.364
0.498
0.356
0.265
0.231
0.206
0.219
0.140
0.199
0.092
0.255
0.150
0.150
0.206
0.106
0.150
0.219
0.119
0.140
0.106
0.106
0.237
0.130
0.231
0.000
0.206
0.130
0.140
0.237
0.000
0.000
0.092
0.000
0.000
0.000
0.000
0.000
0.000
0.000
0.000
0.000
0.119
0.000
0.000
0.000
0.075
0.000
0.150
0.106
0.000
0.000
0.000
0.000
0.000
0.000
0.000
0.000
0.000
0.199
0.176
0.000
0.000
0.000
0.000
0.000
0.000
0.000
0.360
0.119
0.053
0.130
0.150
0.075
0.140
0.000
0.000
0.323
0.231
0.159
0.119
0.119
0.092
0.000
0.130
0.053
0.119
0.092
0.000
0.000
0.150
0.150
0.000
0.075
0.000
0.000
0.092
0.053
0.106
0.000
0.000
0.000
0.000
0.000
0.053
0.000
0.000
0.119
0.053
0.053
0.000
0.075
0.119
0.000
0.000
0.000
0.000
0.130
0.000
0.000
0.000
0.000
0.000
0.000
0.000
0.000
0.000
0.092
0.092
0.000
0.000
0.000
0.000
0.000
0.000
0.053
0.000
0.000
0.092
0.168
0.150
0.150
0.000
0.106
0.000
0.000
0.000
0.000
0.053
0.053
0.000
0.000
0.000
0.000
0.000
0.000
0.000
0.000
0.000
0.053
0.000
0.000
0.000
0.000
0.000
0.000
0.000
0.075
0.000
0.000
0.000
0.000
0.000
0.000
0.000
0.000
0.000
0.000
0.000
0.000
0.000
0.000
0.000
0.000
0.000
0.000
0.000
0.000
0.000
0.000
0.000
0.000
0.000
0.000
0.000
0.000
0.000
0.356
0.281
0.000
0.092
0.075
0.140
0.130
0.168
0.159
0.206
0.140
0.150
0.184
0.000
0.106
0.130
0.150
0.000
0.150
0.000
0.225
0.231
0.237
0.150
0.075
0.119
0.176
0.130
0.140
0.092
0.000
0.000
0.000
0.075
0.000
0.130
0.092
0.000
0.000
0.092
0.000
0.053
0.000
0.000
0.000
0.000
0.000
0.000
0.000
0.000
0.140
0.159
0.106
0.150
0.000
0.000
0.000
0.000
0.000
0.075
0.000
0.000
0.053
0.000
0.106
0.000
0.000
0.206
0.000
0.000
0.000
0.000
0.000
0.000
0.000
0.206
0.000
0.000
0.000
0.000
0.000
0.000
0.000
0.000
0.000
0.075
0.150
0.191
0.000
0.000
0.000
0.000
0.000
0.191
0.053
0.000
0.000
0.053
0.184
0.000
0.075
0.404
0.296
0.318
0.286
0.206
0.237
0.352
0.360
0.379
0.344
0.219
0.401
0.401
0.327
0.379
0.520
0.356
0.344
0.486
0.331
0.212
0.444
0.408
0.309
0.323
0.360
0.300
0.265
0.231
0.364
0.291
0.431
0.260
0.271
0.309
0.260
0.271
0.469
0.327
0.421
0.291
0.348
0.323
0.728
0.340
0.661
0.401
0.692
0.652
0.404
0.408
0.844
0.501
0.579
0.544
0.708
0.639
0.619
0.692
0.839
0.663
0.760
0.579
0.810
0.688
0.434
0.281
0.260
0.457
0.475
0.327
0.549
0.475
0.512
0.525
0.714
0.648
0.800
0.754
0.712
0.596
0.492
0.671
0.489
0.460
0.348
0.327
0.265
0.982
0.600
0.539
0.469
0.478
0.584
0.692
0.475
0.489
0.600
0.716
0.536
0.450
0.323
0.286
0.348
0.225
0.231
0.159
0.168
0.159
0.168
0.168
0.168
0.140
0.168
0.130
0.119
0.000
0.140
0.000
0.150
0.053
0.075
0.106
0.075
0.000
0.119
0.000
0.000
0.000
0.000
0.000
0.119
0.053
0.000
0.000
0.000
0.000
0.000
0.053
0.000
0.000
0.000
0.000
0.000
0.140
0.140
0.000
0.000
0.092
0.000
0.075
0.130
0.053
0.000
0.000
0.000
0.000
0.130
0.075
0.000
0.106
0.000
0.000
0.000
0.075
0.000
0.053
0.000
0.000
0.000
0.000
0.053
0.000
0.000
0.000
0.000
0.000
0.000
0.000
0.000
0.075
0.000
0.000
0.119
0.000
0.000
0.000
0.000
0.053
0.159
0.000
0.140
0.000
0.000
0.000
0.000
0.000
0.000
0.000
0.000
0.000
0.000
0.000
0.000
0.000
0.000
0.000
0.000
0.000
0.092
0.000
0.000
0.000
0.053
0.000
0.000
0.140
0.000
0.000
0.000
0.000
0.000
0.053
0.000
0.053
0.000
0.000
0.000
0.000
0.092
0.000
0.092
0.000
0.000
0.000
0.000
0.075
0.000
0.092
0.140
0.000
0.150
0.053
0.000
0.000
0.000
0.000
0.000
0.000
0.000
0.000
0.000
0.000
0.000
0.000
0.000
0.106
0.000
0.000
0.000
0.000
0.000
0.000
0.000
0.075
0.000
0.000
0.000
0.000
0.119
0.130
0.000
0.000
0.000
0.000
0.000
0.053
0.000
0.000
0.000
0.075
0.075
0.075
0.053
0.000
0.000
0.000
0.000
0.000
0.000
0.000
0.000
0.000
0.000
0.000
0.000
0.000
0.092
0.000
0.075
0.000
0.053
0.000
0.000
0.000
0.000
0.106
0.000
0.000
0.000
0.000
0.000
0.053
0.000
0.092
0.000
0.000
0.000
0.053
0.130
0.000
0.000
0.000
0.000
0.092
0.000
0.000
0.000
0.000
0.000
0.000
0.000
0.053
0.000
0.000
0.130
0.130
0.000
0.000
0.000
0.092
0.219
0.000
0.000
0.000
0.053
0.000
0.000
0.000
0.000
0.000
0.000
0.000
0.000
0.000
0.000
0.075
0.000
0.000
0.000
0.119
0.092
0.000
0.092
0.000
0.140
0.000
0.000
0.000
0.000
0.130
0.000
0.075
0.000
0.000
0.000
0.000
0.150
0.053
0.000
0.000
0.130
0.092
0.075
0.000
0.000
0.000
0.000
0.106
0.000
0.119
0.000
0.000
0.140
0.092
0.092
0.075
0.140
0.000
0.000
0.092
0.075
0.000
0.130
0.000
0.119
0.106
0.000
0.106
0.092
0.000
0.053
0.000
0.140
0.000
0.000
0.000
0.140
0.053
0.000
0.000
0.000
0.000
0.140
0.000
0.000
0.000
0.000
0.000
0.000
0.000
0.150
0.000
0.000
0.106
0.000
0.075
0.140
0.000
0.000
0.000
0.000
0.000
0.184
0.000
0.092
0.000
0.000
0.092
0.092
0.000
0.000
0.000
0.106
0.053
0.000
0.000
0.000
0.000
0.092
0.000
0.092
0.092
0.000
0.092
0.000
0.150
0.000
0.140
0.000
0.000
0.000
0.000
0.000
0.000
0.053
0.053
0.000
0.000
0.075
0.092
0.075
0.106
0.000
0.000
0.000
0.000
0.000
0.106
0.053
0.075
0.000
0.000
0.075
0.000
0.000
0.092
0.000
0.119
0.000
0.119
0.000
0.000
0.000
0.106
0.092
0.106
0.000
0.000
0.000
0.000
0.000
0.000
0.106
0.000
0.075
0.000
0.000
0.000
0.000
0.000
0.000
0.000
0.000
0.000
0.000
0.000
0.000
0.000
0.140
0.000
0.000
0.000
0.092
0.075
0.000
0.000
0.000
0.000
0.106
0.000
0.000
0.000
0.000
0.000
0.000
0.000
0.053
0.000
0.000
0.092
0.075
0.000
0.000
0.000
0.106
0.075
0.053
0.000
0.075
0.000
0.000
0.000
0.106
0.000
0.000
0.000
0.000
0.106
0.000
0.000
0.092
0.053
0.000
0.000
0.000
0.000
0.000
0.000
0.000
0.000
0.075
0.000
0.000
0.000
0.075
0.000
0.000
0.000
0.000
0.075
0.176
0.000
0.000
0.000
0.106
0.000
0.000
0.000
0.119
0.000
0.000
0.130
0.119
0.000
0.119
0.000
0.000
0.053
0.000
0.000
0.000
0.119
0.000
0.000
0.000
0.000
0.000
0.000
0.000
0.106
0.000
0.000
0.075
0.000
0.000
0.000
0.000
0.000
0.053
0.000
0.000
0.000
0.000
0.130
0.000
0.000
0.119
0.053
0.000
0.000
0.000
0.000
0.075
0.000
0.000
0.000
0.000
0.159
0.000
0.140
0.000
0.000
0.000
0.000
0.000
0.000
0.000
0.000
0.000
0.000
0.000
0.000
0.000
0.000
0.000
0.000
0.000
0.176
0.421
0.368
0.434
0.441
0.286
0.348
0.331
0.314
0.260
0.092
0.159
0.092
0.130
0.106
0.225
0.368
0.331
0.383
0.286
0.291
0.489
0.434
0.327
0.168
0.331
0.434
0.492
0.394
0.469
0.243
0.368
0.323
0.463
0.255
0.397
0.191
0.368
0.712
0.539
0.469
0.478
0.484
0.408
0.904
0.495
0.444
0.569
0.652
0.481
0.525
0.630
0.434
0.531
0.421
0.425
0.404
0.368
0.404
0.450
0.431
0.212
0.596
0.614
0.383
0.271
0.053
0.404
0.447
0.481
0.605
0.431
0.411
0.191
0.176
0.404
0.323
0.286
0.520
0.475
0.368
0.676
0.453
0.340
0.492
0.460
0.569
0.596
0.438
0.318
0.661
0.434
0.296
0.994
0.814
0.574
0.528
0.758
0.665
0.541
0.243
0.300
0.159
0.168
0.206
0.265
0.243
0.383
0.421
0.265
0.260
0.318
0.663
0.286
0.386
0.296
0.425
0.434
0.300
0.318
0.504
0.584
0.541
0.520
0.481
0.591
0.525
0.291
0.546
0.231
0.176
0.447
0.352
0.495
0.447
0.910
0.383
0.478
0.710
0.793
0.486
0.314
0.390
0.463
0.314
0.567
0.515
0.817
0.428
0.438
0.271
0.331
0.219
0.191
0.243
0.314
0.305
0.444
0.327
0.453
0.557
0.512
0.506
0.515
0.484
0.260
0.336
0.184
0.260
0.237
0.212
0.168
0.184
0.255
0.130
0.130
0.000
0.000
0.000
0.000
0.000
0.000
0.000
0.000
0.000
0.119
0.000
0.000
0.000
0.000
0.000
0.075
0.000
0.000
0.000
0.000
0.000
0.000
0.000
0.000
0.053
0.000
0.000
0.000
0.000
0.000
0.000
0.000
0.000
0.000
0.000
0.000
0.000
0.150
0.000
0.000
0.000
0.000
0.000
0.000
0.000
0.000
0.000
0.000
0.000
0.000
0.000
0.000
0.000
0.168
0.000
0.000
0.000
0.000
0.159
0.000
0.000
0.000
0.184
0.000
0.000
0.000
0.000
0.000
0.000
0.000
0.000
0.000
0.000
0.000
0.075
0.000
0.000
0.000
0.000
0.000
0.000
0.000
0.159
0.000
0.000
0.000
0.000
0.000
0.512
0.372
0.249
0.314
0.737
0.383
0.237
0.356
0.628
0.844
0.536
0.340
0.612
0.486
0.478
0.577
0.559
0.457
0.305
0.450
0.352
0.591
0.478
0.700
0.641
0.401
1.071
0.752
0.743
0.626
0.776
0.785
0.515
0.656
0.572
0.552
0.408
0.646
0.632
0.397
0.397
0.472
0.431
0.472
0.539
0.581
0.472
0.344
0.408
0.360
0.300
0.495
0.577
0.525
0.520
0.411
0.469
0.318
0.327
0.260
0.150
0.119
0.119
0.000
0.000
0.053
0.000
0.000
0.000
0.000
0.000
0.092
0.000
0.000
0.000
0.000
0.106
0.053
0.130
0.000
0.000
0.000
0.000
0.000
0.000
0.000
0.000
0.000
0.000
0.000
0.000
0.000
0.000
0.140
0.075
0.000
0.000
0.000
0.000
0.075
0.000
0.000
0.000
0.000
0.000
0.000
0.000
0.000
0.000
0.404
0.360
0.318
0.276
0.562
0.492
0.340
0.408
0.271
0.318
0.386
0.390
0.305
0.383
0.478
0.336
0.418
0.546
0.397
0.501
0.562
0.523
0.492
0.643
0.603
0.489
0.281
0.176
0.434
0.379
0.352
0.075
0.000
0.130
0.260
0.305
0.000
0.336
0.484
0.418
0.379
0.617
0.411
0.383
0.231
0.421
0.390
0.383
0.265
0.212
0.481
0.541
0.539
0.453
0.368
0.610
0.531
0.463
0.564
0.528
0.838
0.401
0.336
0.520
0.572
0.591
0.281
0.340
0.305
0.581
0.475
0.300
0.243
0.397
0.323
0.364
0.421
0.486
0.364
0.434
0.336
0.453
0.231
0.212
0.119
0.390
0.425
0.603
0.504
0.643
0.589
0.569
0.463
0.352
0.379
0.394
0.348
0.309
0.225
0.191
0.159
0.206
0.053
0.184
0.092
0.106
0.119
0.159
0.000
0.119
0.140
0.159
0.000
0.000
0.150
0.000
0.000
0.000
0.000
0.000
0.000
0.000
0.000
0.000
0.000
0.075
0.000
0.000
0.075
0.159
0.000
0.000
0.000
0.000
0.000
0.000
0.000
0.000
0.000
0.092
0.000
0.000
0.000
0.053
0.000
0.000
0.053
0.075
0.000
0.000
0.000
0.000
0.150
0.053
0.000
0.000
0.000
0.000
0.000
0.000
0.130
0.000
0.000
0.000
0.000
0.000
0.000
0.000
0.000
0.000
0.000
0.000
0.000
0.000
0.000
0.206
0.000
0.000
0.000
0.000
0.000
0.000
0.000
0.000
0.000
0.140
0.140
0.000
0.000
0.000
0.000
0.000
0.000
0.000
0.000
0.000
0.000
0.000
0.000
0.000
0.000
0.000
0.000
0.000
0.000
0.000
0.206
0.000
0.000
0.000
0.000
0.000
0.000
0.119
0.000
0.000
0.092
0.000
0.000
0.000
0.000
0.000
0.119
0.000
0.000
0.000
0.000
0.000
0.000
0.000
0.053
0.000
0.000
0.000
0.000
0.106
0.000
0.000
0.092
0.075
0.000
0.000
0.000
0.000
0.000
0.000
0.000
0.075
0.000
0.000
0.000
0.000
0.401
0.386
0.176
0.364
0.478
0.260
0.360
0.327
0.394
0.300
0.184
0.408
0.356
0.243
0.466
0.309
0.168
0.368
0.489
0.767
0.457
0.386
0.557
0.564
0.562
0.544
0.893
0.457
0.749
0.411
0.401
0.501
0.520
0.591
0.549
0.352
0.305
0.305
0.340
0.408
0.276
0.281
0.309
0.212
0.243
0.348
0.255
0.276
0.305
0.457
0.431
0.498
0.408
0.397
0.945
0.421
0.411
0.796
0.457
0.411
0.605
0.531
0.372
0.531
0.646
0.569
0.612
0.397
0.829
0.515
0.434
0.344
0.386
0.305
0.368
0.364
0.237
0.469
0.415
0.441
0.509
0.243
0.309
0.469
0.206
0.356
0.460
0.336
0.327
0.665
0.546
0.394
0.408
0.481
0.397
0.531
0.260
0.352
0.541
0.300
0.276
0.383
0.336
0.557
0.309
0.539
0.559
0.603
0.554
0.654
0.639
0.394
0.309
0.219
0.544
0.504
0.460
0.309
0.450
0.428
0.478
0.379
0.434
0.206
0.291
0.243
0.281
0.340
0.438
0.356
0.501
0.260
0.300
0.404
0.501
0.379
0.843
0.690
0.212
0.340
0.614
0.661
0.539
0.667
0.567
0.635
0.671
0.635
0.533
0.286
0.364
0.327
0.314
0.415
0.296
0.296
0.265
0.168
0.159
0.130
0.000
0.000
0.000
0.140
0.092
0.119
0.106
0.231
0.130
0.130
0.219
0.000
0.000
0.199
0.000
0.000
0.000
0.000
0.053
0.053
0.130
0.119
0.000
0.000
0.000
0.168
0.000
0.000
0.000
0.000
0.000
0.000
0.000
0.000
0.000
0.000
0.130
0.000
0.092
0.000
0.000
0.000
0.000
0.092
0.092
0.000
0.000
0.000
0.000
0.000
0.000
0.092
0.000
0.000
0.000
0.000
0.130
0.000
0.000
0.000
0.000
0.000
0.000
0.000
0.000
0.000
0.000
0.000
0.000
0.000
0.000
0.000
0.000
0.000
0.000
0.053
0.000
0.000
0.000
0.000
0.000
0.000
0.000
0.119
0.000
0.000
0.000
0.000
0.000
0.000
0.000
0.000
0.000
0.000
0.000
0.000
0.000
0.000
0.000
0.000
0.000
0.000
0.000
0.000
0.000
0.075
0.000
0.000
0.053
0.000
0.053
0.053
0.000
0.000
0.000
0.000
0.000
0.053
0.075
0.000
0.000
0.000
0.000
0.000
0.000
0.000
0.000
0.000
0.053
0.000
0.000
0.000
0.000
0.000
0.000
0.053
0.000
0.075
0.150
0.000
0.000
0.000
0.000
0.000
0.000
0.000
0.000
0.000
0.053
0.000
0.000
0.106
0.106
0.130
0.000
0.000
0.000
0.000
0.000
0.000
0.000
0.000
0.000
0.000
0.000
0.075
0.000
0.000
0.000
0.000
0.000
0.000
0.000
0.075
0.000
0.000
0.000
0.000
0.000
0.000
0.000
0.000
0.000
0.000
0.000
0.000
0.000
0.000
0.000
0.000
0.000
0.000
0.000
0.000
0.000
0.000
0.000
0.000
0.000
0.000
0.000
0.000
0.000
0.000
0.000
0.000
0.000
0.000
0.000
0.000
0.000
0.130
0.000
0.000
0.000
0.000
0.000
0.000
0.106
0.000
0.106
0.000
0.000
0.106
0.000
0.000
0.000
0.000
0.000
0.053
0.000
0.000
0.000
0.000
0.000
0.000
0.000
0.000
0.000
0.000
0.000
0.000
0.431
0.364
0.106
0.191
0.309
0.271
0.212
0.360
0.466
0.327
0.291
0.340
0.415
0.300
0.265
0.441
0.360
0.237
0.140
0.176
0.390
0.472
0.979
0.739
0.639
0.936
0.628
0.762
0.643
0.643
0.525
0.656
0.564
0.605
0.475
0.397
0.360
0.404
0.418
0.397
0.291
0.348
0.375
0.397
0.281
0.119
0.276
0.434
0.331
0.206
0.323
0.219
0.159
0.150
0.191
0.159
0.000
0.159
0.000
0.000
0.159
0.119
0.130
0.000
0.000
0.000
0.000
0.000
0.000
0.000
0.000
0.000
0.000
0.000
0.000
0.000
0.000
0.092
0.053
0.000
0.000
0.106
0.394
0.271
0.191
0.276
0.291
0.255
0.372
0.352
0.344
0.375
0.428
0.352
0.856
0.682
0.637
0.463
0.635
0.632
0.637
0.650
0.767
0.260
0.401
0.314
0.554
0.734
0.637
0.676
0.796
0.714
0.682
0.678
0.745
0.431
0.364
0.421
0.418
0.383
0.372
0.119
0.314
0.340
0.383
0.698
0.531
0.379
0.168
0.075
0.075
0.092
0.092
0.092
0.106
0.106
0.000
0.075
0.092
0.000
0.000
0.000
0.000
0.075
0.000
0.092
0.212
0.000
0.092
0.000
0.092
0.000
0.000
0.000
0.000
0.000
0.000
0.053
0.000
0.000
0.000
0.000
0.000
0.000
0.000
0.000
0.000
0.130
0.000
0.000
0.130
0.000
0.119
0.075
0.000
0.000
0.000
0.000
0.000
0.075
0.000
0.000
0.000
0.000
0.000
0.000
0.000
0.000
0.000
0.075
0.000
0.000
0.000
0.000
0.000
0.000
0.000
0.000
0.140
0.053
0.000
0.000
0.000
0.000
0.000
0.000
0.000
0.000
0.150
0.000
0.000
0.159
0.000
0.000
0.000
0.000
0.000
0.000
0.000
0.000
0.000
0.000
0.000
0.159
0.130
0.119
0.000
0.000
0.000
0.075
0.092
0.000
0.000
0.119
0.000
0.000
0.053
0.159
0.000
0.000
0.119
0.000
0.000
0.000
0.000
0.000
0.000
0.000
0.000
0.000
0.106
0.000
0.000
0.000
0.000
0.106
0.000
0.000
0.000
0.000
0.000
0.000
0.000
0.106
0.000
0.000
0.000
0.000
0.000
0.000
0.000
0.168
0.000
0.000
0.000
0.000
0.000
0.000
0.000
0.000
0.000
0.000
0.000
0.053
0.053
0.130
0.159
0.092
0.000
0.075
0.000
0.000
0.000
0.000
0.000
0.000
0.000
0.000
0.000
0.000
0.000
0.106
0.000
0.000
0.119
0.000
0.000
0.000
0.000
0.000
0.000
0.000
0.000
0.000
0.000
0.000
0.000
0.000
0.000
0.053
0.000
0.000
0.000
0.000
0.000
0.000
0.000
0.000
0.000
0.000
0.000
0.000
0.000
0.000
0.000
0.000
0.000
0.000
0.000
0.000
0.000
0.000
0.000
0.000
0.000
0.000
0.119
0.000
0.000
0.000
0.000
0.000
0.000
0.000
0.000
0.130
0.119
0.000
0.000
0.000
0.000
0.000
0.000
0.000
0.000
0.000
0.000
0.000
0.000
0.000
0.000
0.000
0.000
0.000
0.000
0.000
0.000
0.130
0.000
0.119
0.000
0.000
0.000
0.000
0.075
0.000
0.000
0.000
0.092
0.000
0.000
0.000
0.000
0.000
0.000
0.000
0.176
0.075
0.000
0.000
0.000
0.000
0.000
0.092
0.000
0.000
0.106
0.106
0.053
0.053
0.092
0.000
0.119
0.000
0.000
0.000
0.130
0.000
0.092
0.150
0.000
0.000
0.000
0.092
0.000
0.000
0.000
0.053
0.075
0.000
0.106
0.000
0.000
0.000
0.106
0.000
0.000
0.106
0.000
0.106
0.000
0.000
0.075
0.000
0.000
0.000
0.119
0.053
0.000
0.075
0.106
0.159
0.000
0.000
0.053
0.000
0.000
0.000
0.000
0.000
0.000
0.000
0.000
0.000
0.000
0.000
0.000
0.000
0.000
0.000
0.000
0.000
0.000
0.000
0.000
0.130
0.000
0.000
0.000
0.000
0.053
0.000
0.000
0.000
0.000
0.000
0.000
0.000
0.000
0.000
0.000
0.000
0.000
0.159
0.130
0.092
0.000
0.000
0.053
0.000
0.000
0.000
0.000
0.000
0.000
0.000
0.000
0.000
0.140
0.092
0.000
0.130
0.000
0.000
0.000
0.000
0.000
0.000
0.075
0.075
0.000
0.191
0.150
0.053
0.000
0.000
0.000
0.000
0.000
0.075
0.000
0.159
0.000
0.092
0.000
0.000
0.000
0.000
0.000
0.000
0.000
0.053
0.000
0.092
0.053
0.000
0.000
0.000
0.000
0.000
0.000
0.053
0.000
0.000
0.000
0.119
0.000
0.106
0.130
0.075
0.000
0.000
0.000
0.000
0.075
0.000
0.000
0.106
0.130
0.119
0.000
0.000
0.000
0.053
0.000
0.000
0.130
0.140
0.000
0.000
0.000
0.000
0.140
0.000
0.000
0.000
0.000
0.000
0.130
0.140
0.000
0.000
0.000
0.119
0.000
0.000
0.000
0.000
0.000
0.000
0.000
0.000
0.000
0.000
0.053
0.000
0.000
0.000
0.000
0.000
0.000
0.000
0.000
0.000
0.000
0.000
0.000
0.000
0.000
0.000
0.000
0.000
0.000
0.000
0.000
0.000
0.000
0.000
0.000
0.000
0.075
0.000
0.000
0.000
0.000
0.000
0.000
0.000
0.000
0.000
0.000
0.000
0.000
0.000
0.000
0.000
0.191
0.000
0.000
0.000
0.000
0.000
0.000
0.000
0.106
0.159
0.168
0.130
0.176
0.327
0.323
0.323
0.281
0.450
0.428
0.291
0.379
0.265
0.243
0.323
0.219
0.397
0.444
0.176
0.327
0.260
0.206
0.206
0.243
0.327
0.286
0.265
0.191
0.225
0.255
0.237
0.340
0.206
0.106
0.168
0.053
0.176
0.000
0.000
0.000
0.000
0.000
0.000
0.000
0.000
0.000
0.075
0.000
0.000
0.000
0.000
0.000
0.000
0.000
0.000
0.000
0.000
0.000
0.000
0.000
0.053
0.000
0.000
0.075
0.249
0.344
0.386
0.140
0.000
0.237
0.260
0.206
0.191
0.286
0.411
1.004
0.714
0.686
0.710
0.654
0.646
0.567
0.714
0.536
0.231
0.199
0.184
0.225
0.360
0.492
0.386
0.528
0.327
0.489
0.531
0.463
0.523
0.425
0.300
0.309
0.281
0.318
0.408
0.386
0.610
0.486
0.704
0.501
0.523
0.404
0.607
0.593
0.300
0.219
0.296
0.327
