0.785
0.635
0.614
0.699
0.653
0.797
0.539
0.495
0.392
0.739
0.790
0.655
0.525
0.733
0.642
0.706
0.779
0.673
0.550
0.413
0.294
0.379
0.325
0.475
0.386
0.290
0.259
0.190
0.774
0.598
0.610
0.552
0.809
0.314
0.482
0.706
0.828
0.809
0.721
0.556
0.477
0.567
0.373
0.259
0.281
0.407
0.416
0.382
0.310
0.457
0.545
0.509
0.502
0.623
0.480
0.404
0.598
0.586
0.612
0.668
0.623
0.477
0.518
0.780
0.755
0.996
0.928
0.911
0.855
0.675
0.738
0.790
0.457
0.130
0.392
0.763
0.827
0.835
0.424
0.760
0.689
0.581
0.614
0.682
0.294
0.467
0.703
0.382
0.606
0.339
0.321
0.404
0.499
0.598
0.671
0.610
0.404
0.254
0.240
0.716
0.857
0.934
0.911
0.865
0.806
0.487
0.623
0.516
0.689
0.910
0.917
0.851
0.509
0.670
0.908
0.967
0.865
0.989
1.023
0.942
0.859
0.731
0.527
0.536
0.416
0.472
0.389
0.317
0.432
0.443
0.600
0.416
0.353
0.373
0.336
0.306
0.427
0.623
0.575
0.752
0.840
0.621
0.779
0.490
0.446
0.410
0.413
0.480
0.329
0.302
0.339
0.339
0.339
0.382
0.190
0.465
0.424
0.294
0.418
0.424
0.652
0.518
0.511
0.794
0.653
0.805
0.705
0.705
0.642
0.721
0.604
0.653
0.596
0.726
0.462
0.635
0.410
0.339
0.534
0.584
0.571
0.673
0.548
0.754
0.869
0.749
0.963
0.790
0.797
0.254
0.617
0.490
0.617
0.652
0.932
0.844
0.731
0.666
1.094
0.353
0.612
0.689
0.877
0.886
0.841
0.777
0.763
0.684
0.554
0.421
0.376
0.435
0.421
0.329
0.525
0.449
0.443
0.477
0.404
0.600
0.485
0.418
0.407
0.441
0.579
0.631
0.625
0.600
0.507
0.592
0.430
0.708
0.736
0.532
0.477
0.788
0.743
0.670
0.679
0.477
0.543
0.560
0.353
0.584
0.410
0.373
0.472
0.492
0.514
0.382
0.487
0.208
0.465
0.588
0.343
0.353
0.472
0.427
0.617
0.446
0.477
0.627
0.532
0.477
0.511
0.454
0.451
0.435
0.314
0.392
0.407
0.336
0.721
0.600
0.490
0.224
0.793
0.577
0.619
0.404
0.139
0.130
0.558
0.556
0.644
0.920
0.977
0.579
0.650
0.698
0.785
0.797
0.881
0.883
0.952
0.902
0.955
0.898
0.770
0.924
0.809
0.864
0.794
0.664
0.457
0.462
0.492
0.516
0.376
0.332
0.139
0.457
0.410
0.575
0.617
0.701
0.592
0.398
0.715
0.827
0.898
0.986
0.767
0.706
0.773
0.768
0.886
0.793
1.012
0.879
0.733
0.848
0.929
0.973
1.024
0.939
1.039
1.001
0.773
0.569
0.680
0.449
0.536
0.379
0.693
0.573
0.701
0.689
0.730
0.485
0.556
0.518
0.430
0.376
0.418
0.245
0.281
0.386
0.518
0.627
0.784
0.552
0.731
0.752
0.762
0.699
0.684
0.594
0.655
0.575
0.738
0.673
0.435
0.240
0.202
0.250
0.264
0.213
0.098
0.250
0.155
0.170
0.219
0.196
0.190
0.286
0.321
0.162
0.213
0.281
0.360
0.366
0.286
0.302
0.290
0.202
0.379
0.336
0.321
0.190
0.273
0.353
0.268
0.240
0.085
0.170
0.110
0.110
0.110
0.000
0.000
0.069
0.346
0.389
0.687
0.780
0.800
0.888
0.787
0.770
0.657
0.532
0.621
0.616
0.682
0.459
0.467
0.650
0.462
0.487
0.782
0.646
0.942
0.952
0.942
0.921
0.999
0.956
0.898
0.797
0.809
0.623
0.516
0.370
0.332
0.629
0.554
0.281
0.579
0.657
0.648
0.644
0.776
0.837
0.635
0.499
0.438
0.536
0.705
0.548
0.759
0.635
0.773
0.831
0.934
0.961
0.891
0.900
0.903
0.978
1.021
1.063
1.028
1.065
0.929
0.657
0.725
0.679
0.612
0.633
0.653
0.616
0.648
0.571
0.548
0.343
0.363
0.752
0.650
0.534
0.805
0.642
0.254
0.373
0.470
0.373
0.606
0.492
0.386
0.490
0.527
0.596
0.623
0.705
0.619
0.721
0.777
0.824
0.887
0.881
0.782
0.824
0.655
0.443
0.539
0.446
0.492
0.392
0.504
0.382
0.477
0.277
0.511
0.401
0.418
0.480
0.592
0.664
0.661
0.586
0.413
0.467
0.584
1.031
0.608
0.623
0.550
0.604
0.822
0.646
0.604
0.866
0.713
0.770
0.837
1.008
0.906
0.902
0.984
1.004
0.995
0.945
0.879
0.644
0.706
0.638
0.532
0.317
0.487
0.567
0.507
0.332
0.395
0.379
0.490
0.264
0.398
0.298
0.294
0.558
0.659
0.567
0.743
0.432
0.776
0.698
0.435
0.392
0.579
0.691
0.451
0.418
0.668
0.662
0.812
0.903
0.854
0.723
0.923
0.784
0.799
0.845
0.716
0.754
0.741
0.788
0.908
0.933
0.791
0.744
0.723
0.565
0.679
0.563
0.680
0.857
0.966
0.999
0.765
0.459
0.716
0.699
0.659
0.477
0.472
0.527
0.317
0.332
0.343
0.592
0.596
0.733
0.715
0.754
0.638
0.759
0.851
0.686
0.487
0.653
0.696
0.332
0.430
0.575
0.277
0.230
0.511
0.317
0.373
0.332
0.235
0.339
0.616
0.721
0.760
0.637
0.329
0.389
0.240
0.224
0.190
0.314
0.395
1.074
0.430
0.811
0.653
0.686
0.908
0.891
0.888
0.796
0.838
0.996
0.815
0.866
0.919
0.960
1.051
0.896
0.865
0.852
0.990
0.784
0.565
0.687
0.410
0.596
0.321
0.556
0.558
0.650
0.451
0.723
0.765
0.771
0.864
0.565
0.379
0.560
0.733
0.875
1.005
0.992
0.943
0.984
0.923
0.941
1.041
0.986
1.023
1.045
0.755
0.733
0.784
0.637
0.457
0.492
0.659
0.608
0.886
0.992
0.892
0.485
0.449
0.485
0.332
0.339
0.554
0.577
0.438
0.343
0.480
0.432
0.449
0.518
0.577
0.939
1.030
0.693
0.539
0.675
0.708
0.715
0.859
0.679
0.470
0.565
0.556
0.579
0.638
0.596
0.725
0.569
0.430
0.596
0.382
0.353
0.477
0.441
0.407
0.321
0.644
0.376
0.413
0.554
0.499
0.594
0.475
0.477
0.451
0.438
0.497
0.567
0.410
0.350
0.379
0.490
0.516
0.273
0.511
0.527
0.457
0.677
0.819
0.920
0.919
0.815
0.661
0.545
0.523
0.523
0.671
0.462
0.407
0.754
0.978
0.815
0.782
0.854
0.806
0.465
0.747
0.482
0.449
0.430
0.427
0.558
0.427
0.321
0.317
0.317
0.350
0.314
0.155
0.147
0.424
0.259
0.196
0.290
0.329
0.392
0.407
0.451
0.502
0.410
0.527
0.523
0.451
0.470
0.545
0.550
0.472
0.451
0.485
0.443
0.281
0.604
0.653
0.908
0.875
0.894
0.872
0.951
0.919
0.978
0.933
0.828
0.482
0.495
0.657
0.646
0.534
0.451
0.699
0.518
0.554
0.527
0.673
0.898
0.976
1.026
1.048
0.908
0.760
0.536
0.548
0.614
0.353
0.435
0.588
0.548
0.325
0.418
0.558
0.514
0.427
0.449
0.360
0.443
0.518
0.655
0.691
0.534
0.689
0.373
0.427
0.495
0.581
0.793
0.696
0.661
0.421
0.762
0.730
0.579
0.579
0.449
0.382
0.416
0.619
0.373
0.573
0.703
0.661
0.516
0.668
0.264
0.638
0.608
0.477
0.353
0.259
0.459
0.290
0.281
0.413
0.336
0.451
0.497
0.427
0.485
0.514
0.606
0.596
0.306
0.357
0.638
0.339
0.459
0.432
0.600
0.666
0.413
0.421
0.659
0.317
0.202
0.360
0.835
0.958
0.720
0.747
0.600
0.509
0.779
0.716
0.862
0.689
0.696
0.541
0.451
0.438
0.254
0.373
0.995
0.631
0.655
0.739
0.530
0.602
0.857
0.713
0.472
0.545
0.655
0.706
0.407
0.317
0.441
0.302
0.430
0.418
0.623
0.642
0.687
0.475
0.693
0.650
0.370
0.366
0.373
0.825
0.747
0.716
0.701
0.343
0.183
0.254
0.177
0.170
0.290
0.395
0.527
0.454
0.353
0.652
0.701
0.353
0.441
0.416
0.376
0.219
0.427
0.465
0.548
0.286
0.363
0.343
0.516
0.346
0.376
0.530
0.410
0.454
0.350
0.363
0.509
0.482
0.454
0.235
0.438
0.373
0.908
0.638
0.865
0.832
0.614
0.664
0.762
0.886
0.808
0.861
0.920
0.999
0.659
0.373
0.329
0.684
0.586
0.421
0.273
0.208
0.373
0.240
0.370
0.250
0.310
0.230
0.273
0.224
0.259
0.353
0.317
0.230
0.264
0.332
0.235
0.130
0.139
0.110
0.208
0.000
0.177
0.208
0.110
0.069
0.049
0.130
0.120
0.155
0.069
0.049
0.190
0.000
0.049
0.000
0.130
0.000
0.000
0.516
0.668
0.635
0.366
0.581
0.752
0.718
0.671
0.523
0.499
0.314
0.534
0.446
0.395
0.373
0.536
0.449
0.509
0.392
0.449
0.472
0.382
0.577
0.602
0.392
0.373
0.363
0.370
0.190
0.230
0.336
0.534
0.470
0.350
0.698
0.357
0.332
0.413
0.516
0.430
0.441
0.573
0.416
0.310
0.981
0.838
0.556
0.784
0.759
0.462
0.809
0.733
0.462
0.421
0.317
0.343
0.219
0.240
0.370
0.110
0.470
0.321
0.245
0.240
0.339
0.480
0.350
0.155
0.281
0.449
0.465
0.277
0.277
0.273
0.290
0.472
0.273
0.202
0.240
0.281
0.441
0.336
0.602
0.441
0.472
0.398
0.832
0.502
0.812
0.771
0.646
0.621
0.800
0.659
0.604
0.523
0.567
0.373
0.511
0.432
0.416
0.424
0.438
0.563
0.441
0.325
0.273
0.219
0.098
0.306
0.321
0.404
0.306
0.277
0.155
0.202
0.240
0.000
0.120
0.000
0.000
0.000
0.098
0.000
0.130
0.000
0.120
0.069
0.130
0.110
0.000
0.000
0.000
0.000
0.000
0.000
0.000
0.049
0.000
0.120
0.000
0.000
0.120
0.000
0.000
0.120
0.000
0.000
0.049
0.000
0.000
0.000
0.000
0.000
0.000
0.000
0.000
0.049
0.000
0.000
0.000
0.000
0.000
0.000
0.049
0.000
0.000
0.000
0.000
0.000
0.000
0.000
0.000
0.000
0.098
0.000
0.000
0.110
0.000
0.110
0.190
0.000
0.000
0.000
0.000
0.000
0.000
0.000
0.139
0.130
0.000
0.085
0.000
0.000
0.000
0.000
0.000
0.000
0.000
0.098
0.000
0.049
0.085
0.254
0.290
0.183
0.332
0.497
0.350
0.224
0.208
0.147
0.000
0.130
0.049
0.147
0.000
0.196
0.370
0.451
0.395
0.432
0.321
0.379
0.259
0.147
0.314
0.170
0.259
0.208
0.177
0.155
0.120
0.120
0.098
0.000
0.069
0.000
0.000
0.120
0.000
0.000
0.000
0.000
0.000
0.000
0.000
0.098
0.000
0.000
0.000
0.000
0.000
0.000
0.000
0.098
0.000
0.000
0.000
0.120
0.000
0.085
0.000
0.000
0.000
0.000
0.049
0.098
0.224
0.170
0.177
0.339
0.213
0.196
0.360
0.332
0.155
0.208
0.224
0.208
0.536
0.548
0.430
0.518
0.604
0.868
0.386
0.254
0.294
0.281
0.421
0.421
0.416
0.286
0.336
0.208
0.427
0.623
0.514
0.360
0.825
0.621
0.633
0.751
0.694
0.495
0.360
0.373
0.462
0.623
0.716
0.467
0.573
0.451
0.321
0.584
0.502
0.346
0.449
0.581
0.799
0.590
0.739
0.928
0.735
0.281
0.689
0.911
0.914
1.011
0.945
0.774
0.855
0.773
0.657
0.208
0.130
0.049
0.120
0.147
0.000
0.139
0.000
0.120
0.098
0.183
0.525
0.686
0.472
0.539
0.554
0.430
0.565
0.424
0.290
0.581
0.532
0.521
0.662
0.617
0.504
0.346
0.413
0.462
0.497
0.671
0.793
0.825
0.986
1.034
1.053
1.033
1.034
1.058
1.047
0.708
0.779
0.679
0.706
0.652
0.706
0.932
1.007
0.948
0.635
0.682
0.565
0.763
0.718
0.614
0.711
0.733
0.694
0.619
0.487
0.432
0.432
0.346
0.250
0.386
0.321
0.202
0.298
0.290
0.407
0.254
0.310
0.487
0.485
0.782
0.911
0.495
0.736
0.805
0.575
0.432
0.386
0.558
0.416
0.421
0.332
0.694
0.637
0.588
0.598
0.864
0.545
0.684
0.608
0.467
0.449
0.550
0.457
0.441
0.373
0.339
0.432
0.465
0.376
0.346
0.435
0.527
0.438
0.306
0.294
0.435
0.571
0.441
0.343
0.459
0.592
0.449
0.306
0.281
0.449
0.441
0.398
0.277
0.416
0.424
0.492
0.629
0.565
0.430
0.514
0.370
0.254
0.430
0.329
1.109
0.760
0.581
0.155
0.162
0.480
0.554
0.560
0.219
0.708
0.671
0.691
0.190
0.139
0.834
0.858
0.967
0.912
0.869
0.703
0.485
0.671
0.687
0.586
0.755
0.625
0.586
0.565
0.614
0.760
0.930
0.784
0.834
0.670
0.782
0.602
0.353
0.556
0.728
0.834
0.586
0.691
0.581
0.507
0.577
0.788
0.536
0.443
0.581
0.435
0.398
0.363
0.441
0.903
0.725
1.015
0.612
0.637
0.765
0.989
0.924
0.864
0.832
0.661
0.696
0.730
0.682
0.908
0.963
0.996
0.987
1.017
0.294
0.363
0.482
0.268
0.472
0.687
0.763
0.752
0.771
0.670
0.946
0.808
0.619
0.716
0.608
0.590
0.552
0.563
0.438
0.343
0.392
0.259
0.254
0.366
0.389
0.281
0.379
0.407
0.382
0.565
0.536
0.511
0.413
0.525
0.360
0.558
0.569
0.357
0.569
0.386
0.208
0.155
0.170
0.162
0.741
0.966
0.749
0.743
0.890
0.752
0.686
0.814
0.612
0.708
0.569
0.705
0.671
0.723
0.666
0.751
0.511
0.541
0.575
0.507
0.518
0.657
0.470
0.619
0.556
0.590
0.728
0.637
0.612
0.608
0.653
0.525
0.590
0.432
0.462
0.762
0.534
0.480
0.454
0.404
0.571
0.671
0.811
0.999
0.710
0.841
0.921
0.854
0.534
0.294
0.558
0.485
0.339
0.196
0.281
0.317
0.250
0.147
0.130
0.000
0.000
0.098
0.202
0.230
0.110
0.366
0.360
0.277
0.310
0.224
0.518
0.492
0.407
0.575
0.472
0.441
0.446
0.336
0.421
0.306
0.487
0.432
0.543
0.713
0.755
0.741
0.696
0.791
0.812
0.815
0.784
0.518
0.518
0.443
0.395
0.575
0.623
0.577
0.845
0.821
0.847
1.007
0.794
0.586
0.780
0.892
0.968
1.038
1.056
0.812
0.614
0.504
0.550
0.462
0.398
0.726
0.880
0.972
0.920
0.780
0.554
0.541
0.548
0.571
0.554
0.699
0.602
0.259
0.413
0.332
0.525
0.612
0.558
0.619
0.661
0.507
0.401
0.487
0.459
0.363
0.487
0.518
0.511
0.516
0.556
0.346
0.264
0.306
0.332
0.410
0.435
0.407
0.492
0.548
0.386
0.329
0.317
0.534
0.395
0.302
0.509
0.421
0.386
0.376
0.424
0.273
0.306
0.230
0.467
0.379
0.177
0.398
0.432
0.353
0.416
0.454
0.343
0.170
0.329
0.353
0.477
0.438
1.055
0.689
0.735
0.543
0.548
0.868
0.787
0.743
0.565
0.451
0.682
0.777
0.565
0.662
0.398
0.530
0.565
0.619
0.617
0.701
0.721
0.830
0.808
0.848
0.693
0.887
0.978
0.873
0.854
0.762
0.736
0.606
0.684
0.487
0.492
0.155
0.339
0.606
0.360
0.480
0.120
0.139
0.530
0.606
0.682
0.830
0.730
0.499
0.321
0.600
0.747
0.571
0.563
0.784
0.725
0.861
0.825
0.919
0.957
0.961
0.883
0.713
0.852
0.751
0.919
0.930
0.910
0.404
0.449
0.259
0.219
0.139
0.147
0.147
0.110
0.049
0.098
0.190
0.110
0.170
0.155
0.190
0.162
0.110
0.000
0.069
0.155
0.202
0.196
0.139
0.069
0.130
0.183
0.190
0.183
0.147
0.177
0.130
0.139
0.155
0.147
0.608
0.716
0.608
0.586
0.511
0.716
0.733
0.604
0.530
0.432
0.336
0.392
0.392
0.360
0.376
0.336
0.490
0.467
0.495
0.424
0.492
0.350
0.366
0.317
0.245
0.438
0.401
0.424
0.485
0.339
0.314
0.273
0.329
0.294
0.392
0.250
0.499
0.477
0.363
0.190
0.350
0.281
0.435
0.357
0.202
0.339
0.366
0.224
0.273
0.281
0.438
0.514
0.353
0.850
0.539
0.523
0.612
0.983
0.987
0.430
0.273
0.183
0.202
0.098
0.465
0.392
0.235
0.332
0.130
0.521
0.435
0.668
0.539
0.794
0.679
0.646
0.586
0.432
0.392
0.389
0.404
0.791
0.788
0.586
0.577
0.802
0.886
0.845
0.968
0.938
0.865
0.787
0.841
0.845
0.802
0.720
0.631
0.612
0.569
0.480
0.790
0.518
0.788
0.416
0.684
0.854
0.984
0.825
0.462
0.796
0.891
0.872
0.768
0.590
0.530
0.586
0.602
0.563
0.499
0.416
0.446
0.490
0.602
0.386
0.475
0.796
0.563
0.790
0.896
1.013
0.939
0.970
1.020
0.648
0.438
0.567
0.521
0.427
0.543
0.539
0.571
0.640
0.670
0.859
0.848
0.759
0.782
0.929
0.883
0.680
0.646
0.840
0.865
0.976
0.673
0.650
0.502
0.357
0.404
0.392
0.310
0.459
0.357
0.314
0.357
0.462
0.421
0.424
0.545
0.675
0.773
0.771
0.507
0.751
0.723
0.558
0.741
0.686
0.763
0.739
0.677
0.776
0.594
0.449
0.370
0.404
0.421
0.550
0.619
0.871
0.548
0.623
0.490
0.485
0.558
0.579
0.706
0.806
0.441
0.480
0.592
0.550
0.507
0.514
0.416
0.825
0.666
0.509
0.625
0.617
0.785
0.854
0.907
0.832
0.847
0.726
0.883
0.998
0.746
0.435
0.600
0.668
0.886
0.844
0.736
0.495
0.504
0.467
0.430
0.577
0.689
0.738
0.751
0.514
0.370
0.689
0.472
0.477
0.521
0.800
0.594
0.726
0.835
0.896
0.947
0.977
0.812
1.005
0.854
0.675
0.759
0.765
0.835
0.945
1.046
1.075
0.967
1.008
0.743
0.730
0.586
0.487
0.325
0.619
0.866
0.886
0.802
0.379
0.395
0.560
0.497
0.363
0.290
0.386
0.418
0.490
0.671
0.507
0.499
0.606
0.536
0.430
0.530
0.401
0.995
0.887
0.760
0.560
0.661
0.631
0.659
0.539
0.421
0.773
0.705
0.573
0.550
0.441
0.509
0.470
0.752
1.019
0.619
0.834
0.588
0.900
0.996
0.917
0.851
0.277
0.294
0.317
0.264
0.575
0.357
0.521
0.350
0.196
0.259
0.370
0.871
0.884
0.518
0.581
0.353
0.339
0.273
0.518
0.407
0.401
0.329
0.290
0.298
0.250
0.407
0.277
0.317
0.325
0.346
0.302
0.404
0.336
0.294
0.321
0.350
0.294
0.219
0.325
0.298
0.224
0.302
0.290
0.373
0.250
0.343
0.273
0.302
0.302
0.404
0.332
0.382
0.190
0.069
0.310
0.277
0.254
0.430
0.250
0.110
0.155
0.000
0.527
0.631
0.760
0.835
0.808
0.625
0.671
0.765
0.621
0.682
0.556
0.657
0.446
0.465
0.470
0.752
0.743
0.848
0.973
0.571
0.543
0.757
0.788
0.785
0.617
0.608
0.554
0.294
0.598
0.430
0.219
0.162
0.162
0.343
0.366
0.343
0.281
0.353
0.325
0.268
0.147
0.196
0.560
0.343
0.370
0.350
0.392
0.475
0.404
0.245
0.294
0.395
0.310
0.424
0.472
0.235
0.343
0.497
0.543
0.543
0.424
0.527
0.438
0.467
0.314
0.254
0.264
0.120
0.294
0.386
0.183
0.000
0.213
0.230
0.085
0.000
0.085
0.139
0.000
0.000
0.190
0.353
0.366
0.534
0.467
0.545
0.509
0.357
0.302
0.366
0.552
0.780
0.716
0.770
0.886
0.888
0.834
0.830
0.687
0.743
0.840
0.793
0.671
0.705
0.735
0.892
1.015
1.028
0.876
0.527
0.240
0.443
0.716
0.721
0.952
0.887
0.773
0.803
0.687
0.573
0.744
0.637
0.774
0.623
0.465
0.404
0.563
0.392
0.467
0.401
0.298
0.329
0.465
0.398
0.487
0.596
0.696
0.754
0.739
0.682
0.642
0.644
0.661
0.376
0.543
0.796
0.824
0.579
0.213
0.219
0.147
0.139
0.000
0.120
0.098
0.170
0.000
0.000
0.000
0.000
0.000
0.139
0.000
0.085
0.000
0.069
0.000
0.000
0.000
0.069
0.000
0.049
0.000
0.000
0.558
0.470
0.465
0.691
0.413
0.449
0.332
0.240
0.224
0.147
0.208
0.268
0.398
0.357
0.281
0.370
0.366
0.558
0.550
0.438
0.259
0.449
0.516
0.521
0.680
0.462
0.290
0.224
0.621
0.449
0.563
0.581
0.395
0.565
0.596
0.569
0.314
0.642
0.560
0.477
0.629
0.410
0.398
0.438
0.777
0.482
0.631
0.744
0.790
0.780
0.806
0.575
0.800
0.708
0.705
0.779
0.793
0.760
0.687
0.475
0.430
0.353
0.726
0.610
0.565
0.773
0.721
0.329
0.497
0.443
0.545
0.376
0.673
0.577
0.443
0.754
0.661
0.558
0.762
0.767
0.851
0.694
0.680
0.751
0.768
0.962
0.982
0.972
0.834
0.716
0.497
0.623
0.441
0.427
0.504
0.339
0.343
0.314
0.277
0.373
0.548
0.480
0.652
0.410
0.507
0.329
0.398
0.302
0.373
0.432
0.619
0.329
0.268
0.389
0.457
0.357
0.490
0.395
0.404
0.592
0.523
0.682
0.754
0.659
0.382
0.642
0.770
0.521
0.325
0.525
0.459
0.554
0.563
0.401
0.110
0.110
0.098
0.069
0.069
0.098
0.120
0.085
0.162
0.000
0.098
0.000
0.000
0.085
0.000
0.155
0.264
0.177
0.069
0.183
0.085
0.110
0.069
0.085
0.069
0.139
0.069
0.098
0.120
0.000
0.000
0.049
0.049
0.130
0.000
0.049
0.098
0.000
0.049
0.120
0.000
0.130
0.085
0.000
0.000
0.085
0.110
0.000
0.000
0.069
0.000
0.000
0.085
0.000
0.000
0.000
0.000
0.000
0.000
0.000
0.000
0.000
0.000
0.000
0.085
0.049
0.000
0.049
0.000
0.000
0.155
0.098
0.098
0.000
0.085
0.049
0.000
0.259
0.470
0.534
0.449
0.435
0.539
0.451
0.462
0.155
0.130
0.196
0.465
0.382
0.398
0.353
0.438
0.306
0.277
0.475
0.404
0.606
0.343
0.536
0.677
0.499
0.482
0.465
0.504
0.567
0.673
0.521
0.480
0.492
0.373
0.602
0.298
0.487
0.485
0.277
0.470
0.430
0.552
0.302
0.259
0.277
0.294
1.075
0.592
0.235
0.130
0.098
0.619
0.600
0.554
0.202
0.435
0.619
0.796
0.735
0.799
0.743
0.668
0.802
0.627
0.679
1.030
0.873
0.511
0.873
0.725
0.838
0.923
0.594
0.567
0.590
0.608
0.306
0.527
0.596
0.451
0.325
0.608
0.497
0.462
0.682
0.653
0.891
0.715
0.343
0.504
0.259
0.739
0.616
0.794
0.723
0.640
0.532
0.773
0.363
0.887
0.635
0.691
0.619
0.360
0.638
1.000
0.983
0.747
0.796
0.598
0.703
0.600
0.739
0.777
0.739
0.612
0.465
0.376
0.386
0.421
0.376
0.264
0.379
0.353
0.565
0.684
0.699
0.912
0.661
0.799
0.671
0.730
0.619
0.581
0.499
0.446
0.556
0.509
0.623
0.971
0.955
0.715
0.946
0.956
0.776
0.850
0.743
0.865
0.978
1.012
1.004
1.002
0.573
0.536
0.592
0.497
0.523
0.596
0.457
0.579
0.443
0.273
0.339
0.407
0.477
0.465
0.363
0.416
0.213
0.353
0.392
0.370
0.268
0.329
0.230
0.329
0.516
0.202
0.273
0.467
0.477
0.480
0.558
0.332
0.438
0.314
1.073
0.767
0.497
0.332
0.619
0.691
0.657
0.629
0.677
0.752
0.741
0.588
0.788
0.859
0.808
0.780
0.822
0.610
0.602
0.571
0.552
0.754
0.543
0.650
0.504
0.509
0.401
0.650
0.616
0.527
0.487
0.579
0.579
0.490
0.459
0.487
0.343
0.404
0.401
0.451
0.386
0.637
0.705
0.780
0.876
0.814
0.527
0.518
0.470
0.822
0.840
0.898
0.828
0.693
0.728
0.822
0.822
0.785
0.633
0.598
0.637
0.480
0.467
0.635
0.497
0.592
0.635
0.612
0.600
0.718
0.777
0.627
0.584
0.747
0.668
0.590
0.462
0.286
0.713
0.556
0.680
0.906
0.948
0.930
0.884
0.847
0.865
0.862
0.797
0.657
0.972
0.892
1.048
0.837
0.763
0.560
0.617
0.705
0.713
0.577
0.571
0.516
0.571
0.548
0.687
0.759
0.608
0.495
0.485
0.446
0.370
0.427
0.443
0.424
0.294
0.398
0.413
0.571
0.543
0.525
0.525
0.556
0.713
0.828
0.213
0.451
0.401
0.534
0.693
0.741
0.698
0.625
0.608
0.642
0.554
0.424
0.530
0.532
0.432
0.254
0.392
0.755
0.395
0.302
0.550
0.499
0.435
0.208
0.202
0.357
0.424
0.499
0.336
0.416
0.869
0.550
0.725
0.987
1.012
0.937
0.859
0.703
0.655
0.864
0.847
0.848
0.872
0.805
0.594
0.536
0.616
0.621
0.847
0.910
0.851
0.858
0.728
0.653
0.610
0.430
0.560
0.389
0.527
0.454
0.264
0.277
0.492
0.673
0.563
0.675
0.600
0.516
0.407
0.454
0.586
0.619
0.924
0.733
0.631
0.834
0.749
0.592
0.581
0.763
0.687
0.534
0.539
0.588
0.451
0.569
0.614
0.610
0.592
0.567
0.567
0.472
0.653
0.757
0.902
0.970
0.933
0.988
0.552
0.177
0.407
0.703
0.827
0.957
0.977
0.835
0.776
0.794
0.821
0.644
0.640
0.386
0.418
0.281
0.224
0.482
0.623
0.558
0.443
0.487
0.485
0.530
0.467
0.530
0.462
0.329
0.459
0.499
0.708
0.541
0.689
0.938
0.652
0.788
0.571
0.879
0.961
0.673
0.604
0.854
0.715
0.490
0.616
0.321
0.413
0.539
0.360
0.449
0.407
0.509
0.477
0.619
0.521
0.438
0.499
0.177
0.235
1.013
0.945
0.675
0.808
0.859
0.835
0.819
0.213
0.183
0.120
0.190
0.098
0.069
0.623
0.592
0.548
0.627
0.662
0.642
0.859
0.507
0.929
0.868
0.920
0.916
0.961
0.768
0.864
0.633
0.459
0.677
0.495
0.556
0.449
0.581
0.733
0.602
0.718
0.811
0.855
0.996
0.802
0.864
0.395
0.504
0.670
0.771
0.857
0.933
1.025
0.994
0.699
0.824
0.759
0.752
0.684
0.477
0.459
0.652
0.507
0.446
0.459
0.646
0.357
0.325
0.202
0.521
0.268
0.635
0.646
0.314
0.457
0.317
0.467
0.382
0.240
0.277
0.350
0.298
0.230
0.177
0.245
0.208
0.395
0.612
1.012
0.955
0.534
0.633
0.815
0.509
0.490
0.545
0.541
0.196
0.424
0.366
0.382
0.310
0.350
0.224
0.245
0.360
0.264
0.314
0.441
0.353
0.353
0.314
0.202
0.183
0.336
0.224
0.343
0.346
0.196
0.306
0.960
0.694
0.523
0.446
0.438
0.495
0.725
0.407
0.421
0.482
0.518
0.360
0.642
1.017
0.306
0.224
0.743
0.563
0.662
0.606
0.592
0.485
0.716
0.575
0.619
0.653
0.796
0.721
0.733
0.739
0.294
0.723
0.726
0.877
0.983
1.023
0.960
0.862
0.716
0.224
0.250
0.317
0.277
0.110
0.219
0.196
0.110
0.049
0.120
0.098
0.120
0.069
0.177
0.155
0.098
0.069
0.000
0.139
0.139
0.049
0.049
0.177
0.177
0.202
0.202
0.130
0.069
0.130
0.155
0.224
0.245
0.190
0.139
0.130
0.139
0.098
0.224
0.147
0.155
0.213
0.120
0.130
0.162
0.202
0.235
0.155
0.098
0.208
0.170
0.130
0.130
0.170
0.049
0.183
0.085
0.147
0.139
0.259
0.120
0.202
0.170
0.219
0.219
0.240
0.139
0.281
0.000
0.177
0.213
0.213
0.196
0.224
0.069
0.098
0.196
0.170
0.110
0.069
0.110
0.098
0.202
0.147
0.170
0.147
0.130
0.110
0.085
0.196
0.219
0.245
0.202
0.147
0.049
0.069
0.110
0.219
0.120
0.177
0.147
0.306
0.250
0.120
0.069
0.219
0.527
0.666
0.443
0.606
0.730
0.811
0.791
0.777
0.779
0.699
0.492
0.782
0.854
0.694
0.550
0.392
0.465
0.631
0.545
0.600
0.610
0.677
0.644
0.360
0.673
0.694
0.650
0.757
0.487
0.679
0.389
0.543
0.224
0.177
0.000
0.000
0.120
0.110
0.170
0.286
0.539
0.573
0.441
0.592
0.752
0.723
0.790
0.598
0.139
0.130
0.363
0.302
0.177
0.139
0.085
0.069
0.147
0.000
0.110
0.147
0.139
0.000
0.000
0.000
0.000
0.465
0.726
0.715
0.662
0.612
0.465
0.525
0.459
0.606
0.644
0.770
0.875
0.659
0.808
0.933
0.799
0.825
0.854
0.716
0.831
0.832
0.902
0.828
0.936
0.947
0.777
0.532
0.507
0.310
0.571
0.386
0.462
0.321
0.499
0.268
0.689
0.608
0.457
0.579
0.586
0.548
0.698
0.602
0.457
0.350
0.360
0.418
0.346
0.435
0.449
0.485
0.376
0.454
0.332
0.418
0.370
0.523
0.477
0.454
0.803
0.627
0.357
0.459
0.664
0.539
0.602
0.492
0.462
0.418
0.110
0.147
0.480
0.644
0.713
0.715
0.744
0.782
0.731
0.763
0.623
0.958
0.857
0.947
0.822
0.934
0.967
0.979
0.904
0.978
0.884
0.835
0.937
0.904
0.908
0.903
0.834
0.904
0.721
0.514
0.841
0.857
0.850
0.502
0.560
0.477
0.507
0.398
0.410
0.245
0.457
0.373
0.430
0.573
0.569
0.736
0.655
0.741
0.773
0.974
0.942
0.809
0.705
0.525
0.416
0.612
0.718
0.659
0.862
0.865
0.731
0.914
0.837
0.759
0.644
0.635
0.806
0.890
0.928
0.666
0.664
0.718
0.650
0.662
0.720
0.516
0.507
0.363
0.451
0.427
0.389
0.541
0.545
0.443
0.386
0.343
0.286
0.294
0.329
0.490
0.449
0.424
0.401
0.317
0.386
0.413
0.552
0.988
0.635
0.657
0.653
0.716
0.511
0.659
0.552
0.596
0.705
0.563
0.689
0.552
0.432
0.558
0.310
0.389
0.407
0.581
0.653
0.482
0.666
0.635
0.623
0.790
0.721
0.768
0.536
0.360
0.339
0.539
0.376
0.446
0.343
0.449
0.438
0.336
0.504
0.507
0.407
0.560
0.410
0.457
0.952
0.680
0.610
0.799
0.698
1.026
0.530
0.435
0.418
0.254
0.642
0.814
0.560
0.644
0.612
0.705
0.828
0.868
0.934
0.939
0.973
0.970
0.834
0.941
0.747
0.575
0.768
0.475
0.477
0.457
0.573
0.427
0.459
0.600
0.545
0.502
0.523
0.462
0.451
0.794
0.558
0.830
0.892
0.841
0.664
0.703
0.586
0.389
0.343
0.416
0.196
0.155
0.552
0.573
0.268
0.407
0.441
0.360
0.404
0.202
0.281
0.130
0.049
0.245
0.224
0.343
0.290
0.245
0.317
0.382
0.268
0.360
0.281
0.443
0.502
0.543
0.653
0.404
0.560
0.418
0.346
0.268
0.290
0.581
0.741
0.325
0.516
0.703
0.446
0.379
0.675
0.723
0.703
0.317
0.521
0.670
0.718
0.608
0.757
0.671
0.650
0.579
0.675
0.691
0.851
1.006
0.995
0.932
0.890
0.684
0.581
0.713
0.430
0.550
0.410
0.625
0.716
0.541
0.545
0.357
0.370
0.534
0.744
0.427
0.418
0.465
0.290
0.854
0.602
0.835
0.754
0.879
0.608
0.541
0.577
0.527
0.454
0.413
0.370
0.360
0.392
0.379
0.435
0.416
0.264
0.290
0.492
0.421
0.286
0.336
0.325
0.259
0.240
0.000
0.147
0.000
0.130
0.000
0.110
0.177
0.110
0.069
0.139
0.183
0.230
0.147
0.110
0.110
0.000
0.000
0.170
0.085
0.098
0.000
0.000
0.085
0.120
0.000
0.147
0.213
0.049
0.000
0.000
0.273
0.294
0.240
0.306
0.363
0.329
0.446
0.250
0.177
0.588
0.614
0.802
0.554
0.862
0.518
0.350
0.545
0.770
0.430
0.556
0.600
0.652
0.525
0.723
0.821
0.511
0.539
0.518
0.357
0.504
0.802
0.655
0.754
0.770
0.514
0.763
0.725
0.616
0.602
0.774
0.653
0.565
0.357
0.325
0.514
0.407
0.298
0.306
0.350
0.410
0.421
0.332
0.336
0.956
0.662
0.862
0.556
0.573
0.616
0.873
0.689
0.675
0.812
0.661
0.516
0.648
0.539
0.495
0.395
0.314
0.373
0.413
0.357
0.730
0.509
0.642
0.716
0.518
0.376
0.302
0.577
0.747
0.765
0.548
0.395
0.482
0.686
0.684
0.635
0.418
0.432
0.594
0.357
0.454
0.571
0.430
0.477
1.055
0.596
0.579
1.059
0.619
0.723
0.713
0.790
0.815
0.208
0.802
0.771
0.904
0.946
0.945
0.977
0.974
0.953
0.995
0.934
0.762
0.916
0.881
0.277
0.235
0.752
0.785
0.843
1.014
0.588
0.430
0.534
0.511
0.240
0.617
0.459
0.525
0.565
0.286
0.177
0.224
0.162
0.155
0.259
0.343
0.441
0.325
0.472
0.120
0.363
0.435
0.550
0.317
0.281
0.413
0.424
0.650
0.751
0.699
0.699
0.633
0.774
0.751
0.933
0.780
0.824
0.759
0.602
0.760
0.640
0.864
0.879
0.892
0.802
0.864
0.686
0.495
0.495
0.728
0.666
0.843
0.606
0.487
0.657
0.579
0.441
0.527
0.379
0.497
0.485
0.527
0.598
0.475
0.563
0.449
0.382
0.550
0.363
0.294
0.504
0.454
0.294
0.277
0.230
0.485
0.430
0.346
0.139
0.286
0.413
0.418
0.376
0.298
0.497
0.370
0.454
0.386
0.273
0.398
0.418
0.325
0.413
0.416
0.254
0.273
0.332
0.281
0.336
0.219
0.932
0.366
0.421
0.407
0.731
0.619
0.747
0.235
0.765
0.696
0.457
0.407
0.472
0.438
0.421
0.726
1.006
0.569
0.680
0.762
0.208
0.000
0.098
0.495
0.446
0.640
0.680
0.768
0.785
0.924
0.857
0.857
0.927
0.608
0.671
0.848
0.787
0.880
0.906
0.963
0.777
0.854
0.873
0.871
0.571
0.290
0.730
0.635
0.755
0.389
0.482
0.552
0.655
0.539
0.360
0.480
0.749
0.490
0.477
0.350
0.190
0.250
0.294
0.310
0.110
0.392
0.264
0.430
0.339
0.120
0.224
0.451
0.343
0.366
0.235
0.571
0.413
0.213
0.616
0.472
0.728
0.631
0.736
0.443
0.617
0.573
0.441
0.240
0.416
0.363
0.395
0.321
0.451
0.438
0.250
0.606
0.470
0.465
0.462
0.621
0.441
0.346
0.521
0.306
0.451
0.504
0.507
0.421
0.454
0.317
0.336
0.219
0.317
0.379
0.224
0.170
0.250
0.294
0.575
0.588
0.850
0.779
0.416
0.706
0.619
0.614
0.590
0.504
0.686
0.679
0.706
0.548
0.306
0.208
0.264
0.302
0.240
0.250
0.492
0.202
0.673
1.042
0.633
0.389
0.235
0.360
0.281
0.268
0.219
0.250
0.389
0.306
0.314
0.310
0.294
0.259
0.264
0.290
0.196
0.254
0.357
0.302
0.130
0.343
0.294
0.196
0.245
0.314
0.314
0.298
0.325
0.286
0.202
0.346
0.219
0.298
0.302
0.254
0.343
0.343
0.286
0.147
0.155
0.366
0.329
0.183
0.208
0.302
0.219
0.268
0.268
0.245
0.350
0.264
0.240
0.254
0.329
0.230
0.277
0.254
0.294
0.208
0.000
0.208
0.286
0.183
0.183
0.196
0.155
0.120
0.139
0.208
0.254
0.224
0.139
0.213
0.183
0.259
0.208
0.162
0.190
0.224
0.235
0.208
0.213
0.250
0.240
0.290
0.254
0.264
0.277
0.213
0.250
0.245
0.213
0.224
0.139
0.049
0.130
0.196
0.000
0.155
0.000
0.049
0.000
0.120
0.235
0.155
0.183
0.268
0.254
0.190
0.190
0.190
0.230
0.254
0.240
0.376
0.346
0.389
0.346
0.416
0.360
0.281
0.268
0.230
0.219
0.306
0.343
0.379
0.350
0.350
0.325
0.259
0.250
0.302
0.219
0.250
0.196
0.230
0.183
0.208
0.254
0.213
0.245
0.250
0.366
0.321
0.290
0.310
0.398
0.350
0.264
0.277
0.290
0.298
0.370
0.254
0.329
0.332
0.376
0.245
0.286
0.286
0.190
0.240
0.208
0.277
0.302
0.294
0.339
0.392
0.230
0.235
0.401
0.302
0.196
0.240
0.147
0.196
0.329
0.240
0.177
0.147
0.245
0.623
0.462
0.554
0.514
0.386
0.760
0.864
0.294
0.224
0.321
0.298
0.281
0.310
0.277
0.317
0.430
0.443
0.277
0.360
0.360
0.302
0.290
0.281
0.213
0.273
0.472
0.430
0.339
0.432
0.392
0.451
0.509
0.310
0.339
0.343
0.281
0.317
0.373
0.314
0.254
0.392
0.290
0.404
0.525
0.600
0.183
0.492
0.202
0.259
0.610
0.741
0.814
0.800
0.777
0.785
0.644
0.577
0.616
0.398
0.534
0.635
0.569
0.534
0.932
0.735
0.650
0.680
0.646
0.623
0.642
