0.672
0.259
0.072
0.370
0.341
0.390
0.317
0.363
0.325
0.333
0.337
0.254
0.337
0.425
0.273
0.233
0.134
0.152
0.114
0.072
0.183
0.114
0.000
0.114
0.051
0.114
0.000
0.000
0.144
0.000
0.000
0.000
0.000
0.000
0.088
0.000
0.000
0.000
0.102
0.088
0.000
0.000
0.000
0.000
0.072
0.000
0.000
0.102
0.000
0.000
0.000
0.000
0.072
0.088
0.000
0.292
0.221
0.443
0.287
0.390
0.287
0.393
0.243
0.380
0.197
0.352
0.264
0.313
0.431
0.468
0.373
0.377
0.355
0.416
0.434
0.259
0.337
0.508
0.484
0.296
0.594
0.628
0.209
0.313
0.437
0.355
0.313
0.254
0.503
0.370
0.249
0.510
0.352
0.359
0.292
0.317
0.523
0.243
0.197
1.045
0.872
0.648
0.520
0.630
0.806
0.654
0.760
0.683
0.644
0.857
0.775
0.839
0.725
0.709
0.497
0.823
0.744
0.806
0.809
0.730
0.714
0.722
0.656
0.656
0.725
0.422
0.532
0.770
0.366
0.278
0.296
0.161
0.144
0.072
0.000
0.102
0.114
0.072
0.072
0.072
0.000
0.102
0.000
0.051
0.088
0.102
0.000
0.000
0.114
0.102
0.000
0.000
0.051
0.072
0.000
0.000
0.000
0.000
0.000
0.000
0.102
0.088
0.088
0.051
0.000
0.102
0.000
0.000
0.000
0.102
0.243
0.313
0.243
0.317
0.144
0.227
0.215
0.370
0.233
0.431
0.238
0.348
0.333
0.264
0.233
0.313
0.355
0.887
0.840
0.592
0.457
0.698
0.722
0.601
0.791
0.694
0.872
0.702
0.640
0.508
0.474
0.703
0.309
0.601
0.734
0.556
0.638
0.476
0.443
0.454
1.027
0.646
0.865
0.911
0.638
0.636
0.876
0.888
0.780
0.544
0.694
0.705
1.005
0.932
0.974
0.658
0.823
0.746
0.775
0.709
0.583
0.457
0.646
0.393
0.428
0.124
0.366
0.540
0.592
0.348
0.243
0.088
0.051
0.102
0.124
0.000
0.000
0.000
0.000
0.000
0.227
0.000
0.000
0.000
0.000
0.000
0.000
0.000
0.000
0.000
0.000
0.000
0.134
0.176
0.000
0.000
0.000
0.000
0.114
0.000
0.000
0.000
0.000
0.000
0.000
0.000
0.000
0.000
0.000
0.000
0.000
0.000
0.183
0.072
0.088
0.000
0.072
0.000
0.000
0.000
0.000
0.000
0.051
0.000
0.051
0.000
0.000
0.000
0.000
0.000
0.000
0.000
0.300
0.259
0.373
0.451
0.468
0.422
0.628
0.457
0.440
0.190
0.428
0.380
0.626
0.596
0.416
0.341
0.603
0.660
0.624
0.579
0.656
0.628
0.590
0.520
0.515
0.638
0.528
0.508
0.542
0.622
0.482
0.471
0.666
0.479
0.577
0.583
0.468
0.542
0.463
0.443
0.691
0.588
0.556
0.487
0.577
0.646
0.551
0.515
0.561
0.406
0.428
0.603
0.620
0.579
0.628
0.508
0.592
0.409
0.510
0.544
0.727
0.296
0.227
0.264
0.243
0.197
0.278
0.134
0.124
0.168
0.190
0.168
0.072
0.238
0.190
0.344
0.487
0.530
0.530
0.443
0.551
0.594
0.551
0.689
0.760
0.727
0.520
0.518
0.620
0.679
0.843
0.654
0.620
0.830
0.709
0.532
0.556
0.448
0.448
0.370
0.484
0.337
0.440
0.596
0.492
0.845
0.975
0.793
0.932
0.687
0.737
0.790
0.640
0.778
0.668
0.834
0.638
0.957
0.583
0.468
0.670
0.406
0.197
0.124
0.215
0.259
0.269
0.161
0.072
0.161
0.325
0.596
0.397
0.532
0.510
0.624
0.510
0.419
0.443
0.088
0.648
0.348
0.249
0.000
0.221
0.183
0.134
0.051
0.161
0.072
0.144
0.000
0.168
0.000
0.102
0.152
0.152
0.000
0.051
0.000
0.000
0.102
0.072
0.102
0.072
0.000
0.000
0.144
0.000
0.000
0.000
0.072
0.000
0.124
0.134
0.072
0.000
0.000
0.292
0.451
0.287
0.370
0.487
0.238
0.390
0.176
0.209
0.457
0.419
0.448
0.437
0.264
0.518
0.366
0.287
0.471
0.482
1.028
1.019
0.525
0.585
0.730
0.664
0.660
0.616
0.755
0.762
0.820
0.887
0.839
0.812
0.823
0.714
0.607
0.668
0.788
0.656
0.723
0.849
0.463
0.348
0.344
0.445
0.283
0.233
0.233
0.321
0.352
0.393
0.400
0.468
0.383
0.561
0.468
0.662
0.579
0.500
0.624
0.648
0.765
0.687
0.681
0.630
0.530
0.500
0.638
0.618
0.520
0.437
0.681
0.525
0.551
0.638
0.448
0.540
0.508
0.419
0.448
0.495
0.366
0.176
0.161
0.283
0.183
0.124
0.197
0.102
0.114
0.300
0.518
0.393
0.425
0.393
0.980
0.947
0.380
0.967
0.732
0.434
0.556
0.919
0.679
0.583
0.540
0.696
0.373
0.377
0.558
0.592
0.348
0.325
0.317
0.309
0.865
0.305
0.321
0.283
0.471
0.390
0.305
0.243
0.102
0.102
0.102
0.000
0.000
0.051
0.000
0.051
0.114
0.397
0.300
0.431
0.370
0.476
0.523
0.572
0.544
0.383
0.390
0.547
0.570
0.628
0.796
0.863
0.425
0.283
0.313
0.380
0.309
0.476
0.484
0.487
0.313
0.658
0.383
0.325
0.264
0.238
0.259
0.278
0.460
0.383
0.352
0.313
0.397
0.292
0.409
0.479
0.492
0.590
0.572
0.670
0.479
0.490
0.497
0.465
0.581
0.609
0.474
0.359
0.238
0.183
0.176
0.144
0.000
0.161
0.134
0.000
0.102
0.102
0.000
0.000
0.000
0.072
0.000
0.000
0.000
0.000
0.144
0.072
0.000
0.000
0.000
0.000
0.000
0.000
0.000
0.000
0.000
0.000
0.000
0.072
0.000
0.000
0.000
0.000
0.000
0.000
0.000
0.000
0.000
0.215
0.377
0.317
0.249
0.278
0.233
0.243
0.269
0.383
0.425
0.249
0.296
0.215
0.259
0.254
0.370
0.341
0.337
0.333
0.748
0.862
0.556
0.510
0.513
0.363
0.904
0.652
0.705
0.495
0.484
0.842
0.406
1.013
1.085
0.445
0.741
0.798
0.644
0.656
0.703
0.692
0.691
0.820
0.822
0.799
0.900
0.811
0.814
0.868
0.780
0.783
0.540
0.592
0.497
0.448
0.403
0.313
0.088
0.051
0.144
0.000
0.000
0.102
0.000
0.000
0.051
0.000
0.000
0.102
0.102
0.144
0.000
0.102
0.000
0.134
0.383
0.348
0.264
0.183
0.152
0.176
0.238
0.607
0.660
0.503
0.412
0.530
0.355
0.305
0.393
0.348
0.607
0.249
0.183
0.366
0.540
0.558
0.603
0.387
0.547
0.508
0.370
0.287
0.383
0.558
0.558
0.525
0.397
0.221
0.348
0.515
0.599
0.422
0.451
0.590
0.588
0.618
0.431
0.547
0.348
0.644
0.487
0.492
0.772
0.605
0.390
0.344
0.359
0.497
0.203
0.152
0.114
0.000
0.000
0.072
0.000
0.000
0.254
1.091
0.866
0.996
0.626
0.711
0.689
0.716
0.601
0.737
0.689
0.737
0.549
0.744
0.487
0.406
0.854
0.770
0.510
0.403
0.416
0.487
0.547
0.305
0.558
0.632
0.457
0.532
0.393
0.479
0.611
0.492
0.572
0.457
0.716
0.558
0.679
0.683
0.683
0.300
0.355
0.287
0.317
0.992
0.590
0.737
0.753
0.554
0.778
0.780
0.859
0.862
0.854
0.808
0.741
0.679
0.705
0.849
0.648
0.445
0.203
0.221
0.176
0.215
0.000
0.114
0.088
0.051
0.000
0.072
0.051
0.000
0.102
0.000
0.144
0.000
0.072
0.000
0.000
0.000
0.000
0.000
0.102
0.000
0.051
0.152
0.051
0.000
0.000
0.000
0.000
0.000
0.000
0.000
0.000
0.000
0.000
0.305
0.377
0.000
0.161
0.134
0.161
0.243
0.209
0.325
0.249
0.366
0.355
0.440
0.783
0.366
0.359
0.273
0.383
0.380
0.431
0.292
0.209
0.518
0.380
0.341
0.454
0.497
0.605
0.434
0.471
0.363
0.355
0.416
0.305
0.254
0.269
0.051
0.197
0.114
0.000
0.197
0.000
0.168
0.000
0.000
0.051
0.000
0.102
0.000
0.000
0.000
0.000
0.000
0.072
0.000
0.000
0.000
0.000
0.144
0.051
0.102
0.000
0.227
0.000
0.000
0.000
0.000
0.000
0.000
0.000
0.000
0.124
0.000
0.000
0.072
0.000
0.000
0.051
0.161
0.000
0.305
0.646
0.497
0.329
0.190
0.309
0.273
0.227
0.431
0.183
0.443
0.390
0.259
0.333
0.574
0.434
0.463
0.278
0.283
0.428
0.278
0.549
0.431
0.264
0.556
0.393
0.370
0.460
0.300
0.329
0.542
0.243
0.203
0.269
0.238
0.363
0.419
0.443
0.419
0.152
0.176
0.317
0.287
0.190
0.215
0.287
0.168
0.114
0.183
0.000
0.249
0.505
0.412
0.287
0.221
0.243
0.309
0.325
0.134
0.088
0.051
0.269
0.152
0.124
0.152
0.114
0.134
0.144
0.000
0.000
0.000
0.000
0.000
0.124
0.051
0.000
0.000
0.000
0.000
0.000
0.088
0.000
0.000
0.000
0.000
0.000
0.000
0.000
0.000
0.000
0.000
0.000
0.000
0.000
0.000
0.000
0.000
0.000
0.114
0.000
0.000
0.000
0.325
0.305
0.532
0.221
0.317
0.523
0.348
0.305
0.551
0.551
0.400
0.406
0.419
0.273
0.176
0.183
0.283
0.152
0.203
0.221
0.134
0.134
0.227
0.233
0.209
0.134
0.183
0.363
0.197
0.221
0.344
0.221
0.168
0.114
0.233
0.124
0.102
0.209
0.203
0.215
0.269
0.233
0.264
0.366
0.168
0.176
0.296
0.176
0.144
0.264
0.114
0.570
0.460
0.313
0.300
0.278
0.209
0.124
0.203
0.300
0.221
0.269
0.203
0.238
0.287
0.190
0.221
0.088
0.215
0.124
0.000
0.134
0.000
0.000
0.000
0.051
0.000
0.114
0.000
0.000
0.000
0.000
0.000
0.000
0.000
0.000
0.000
0.000
0.000
0.051
0.000
0.072
0.072
0.000
0.000
0.088
0.000
0.000
0.000
0.000
0.000
0.000
0.000
0.000
0.000
0.000
0.000
0.168
0.000
0.233
0.264
0.406
0.161
0.161
0.000
0.203
0.215
0.168
0.313
0.292
0.535
0.278
0.431
0.197
0.406
0.487
0.484
0.482
0.380
0.329
0.309
0.412
0.515
0.273
0.183
0.583
0.243
0.190
0.227
0.287
0.264
0.366
0.296
0.190
0.238
0.209
0.363
0.144
0.390
0.313
0.292
0.348
0.373
0.490
0.348
0.227
0.317
0.161
0.168
0.203
0.176
0.197
0.348
0.215
0.161
0.227
0.474
0.406
0.144
0.203
0.176
0.337
0.209
0.209
0.309
0.176
0.190
0.000
0.209
0.209
0.273
0.168
0.134
0.088
0.000
0.183
0.102
0.000
0.072
0.000
0.088
0.000
0.000
0.000
0.000
0.000
0.000
0.000
0.000
0.000
0.051
0.000
0.000
0.000
0.000
0.000
0.000
0.088
0.000
0.134
0.000
0.000
0.000
0.000
0.072
0.000
0.000
0.072
0.000
0.000
0.000
0.114
0.000
0.051
0.000
0.000
0.000
0.088
0.190
0.000
0.000
0.000
0.000
0.000
0.000
0.000
0.000
0.000
0.197
0.000
0.000
0.000
0.000
0.000
0.000
0.000
0.000
0.000
0.000
0.000
0.000
0.000
0.000
0.190
0.209
0.259
0.233
0.348
0.264
0.144
0.269
0.238
0.203
0.221
0.233
0.329
0.249
0.428
0.249
0.243
0.243
0.190
0.544
0.283
0.273
0.183
0.144
0.233
0.152
0.313
0.451
0.278
0.278
0.337
0.416
0.321
0.434
0.264
0.254
0.363
0.425
0.321
0.254
0.249
0.183
0.476
0.273
0.305
0.152
0.227
0.072
0.296
0.203
0.505
0.325
0.254
0.325
0.287
0.523
0.535
0.238
0.215
0.287
0.254
0.283
0.344
0.341
0.383
0.238
0.329
0.300
0.269
0.292
0.321
0.558
0.300
0.283
0.168
0.221
0.203
0.176
0.233
0.114
0.134
0.000
0.176
0.209
0.152
0.161
0.161
0.114
0.000
0.000
0.134
0.000
0.000
0.051
0.000
0.000
0.000
0.134
0.088
0.114
0.380
0.283
0.300
0.233
0.209
0.227
0.176
0.317
0.221
0.238
0.238
0.366
0.313
0.190
0.292
0.283
0.348
0.305
0.337
0.287
0.437
0.440
0.409
0.503
0.482
0.348
0.221
0.380
0.445
0.454
0.387
0.366
0.313
0.309
0.377
0.412
0.484
0.482
0.329
0.468
0.540
0.416
0.287
0.400
0.482
0.393
0.305
0.321
0.544
0.495
0.581
0.409
0.594
0.624
0.592
0.463
0.203
0.209
0.313
0.525
0.428
0.363
0.254
0.325
0.400
0.329
0.238
0.227
0.296
0.363
0.259
0.300
0.383
0.325
0.190
0.273
0.344
0.300
0.380
0.168
0.313
0.243
0.238
0.729
0.954
0.730
0.554
0.780
0.630
0.687
0.796
0.775
0.703
0.729
0.812
0.409
0.622
0.588
0.434
0.329
0.463
0.551
0.341
0.238
0.264
0.183
0.114
0.088
0.124
0.144
0.134
0.072
0.152
0.203
0.269
0.088
0.134
0.168
0.203
0.273
0.227
0.476
0.523
0.520
0.416
0.530
0.341
0.484
0.594
0.443
0.273
0.337
0.579
0.422
0.660
0.687
0.817
0.986
0.681
0.525
0.556
0.910
0.588
0.523
0.570
0.811
0.737
0.970
0.891
0.853
0.869
0.846
0.656
0.753
0.736
0.888
0.675
0.748
0.646
0.814
0.495
0.644
0.646
0.670
0.609
0.525
0.209
0.183
0.152
0.124
0.428
0.419
0.474
0.760
0.434
0.741
0.634
0.718
0.783
0.551
0.770
0.711
0.540
0.644
0.837
0.634
0.416
0.419
0.561
0.603
0.412
0.337
0.377
0.577
0.532
0.515
0.694
0.249
0.321
0.393
0.551
0.579
0.732
0.476
0.666
0.694
0.775
0.668
0.551
0.556
0.387
0.790
0.525
0.611
0.734
0.652
0.592
0.581
0.278
0.317
0.387
0.325
0.337
0.344
0.292
0.383
0.390
0.528
0.387
0.568
0.500
0.309
0.359
0.325
0.325
0.583
0.283
0.215
0.209
0.088
0.134
0.300
0.366
0.484
0.730
0.337
0.596
0.741
0.278
0.448
0.451
0.460
0.457
0.892
0.767
0.632
0.463
0.243
0.317
0.670
1.092
0.658
0.607
0.484
0.561
0.674
0.387
0.344
0.457
0.482
0.505
0.344
0.474
0.465
0.428
0.313
0.283
0.296
0.183
0.227
0.233
0.168
0.114
0.885
0.881
0.549
0.437
0.648
0.718
0.815
0.775
0.594
0.628
0.762
0.603
0.767
0.843
0.862
0.825
0.842
0.711
0.819
0.650
0.590
0.702
0.479
0.581
0.215
0.269
0.305
0.264
0.259
0.183
0.134
0.152
0.144
0.000
0.000
0.072
0.114
0.124
0.000
0.088
0.134
0.152
0.203
0.000
0.124
0.000
0.124
0.134
0.000
0.114
0.000
0.000
0.114
0.176
0.072
0.000
0.000
0.072
0.000
0.000
0.000
0.114
0.000
0.051
0.000
0.000
0.000
0.000
0.051
0.000
0.000
0.000
0.000
0.000
0.051
0.000
0.000
0.051
0.000
0.114
0.051
0.000
0.000
0.000
0.000
0.072
0.000
0.144
0.000
0.000
0.000
0.000
0.124
0.000
0.000
0.144
0.000
0.000
0.000
0.176
0.259
0.227
0.344
0.352
0.355
0.309
0.221
0.296
0.363
0.393
0.370
0.929
0.656
0.644
0.664
0.618
0.646
0.743
0.732
0.722
0.648
0.836
0.603
0.513
0.333
0.341
0.397
0.549
0.510
0.412
0.563
0.694
0.352
0.400
0.422
0.431
0.387
0.254
0.422
0.397
0.554
0.556
0.866
1.014
0.640
0.725
0.798
0.642
0.734
0.768
0.720
0.703
0.648
0.674
0.801
0.820
0.814
0.755
0.763
0.831
0.798
0.674
0.767
0.510
0.823
0.681
0.626
0.670
0.803
0.594
0.634
0.523
0.393
0.656
0.300
0.359
0.544
0.363
0.366
0.243
0.508
0.317
0.437
0.510
0.393
0.510
0.321
0.359
0.215
0.134
0.088
0.051
0.144
0.152
0.161
0.209
0.072
0.102
0.000
0.000
0.088
0.000
0.000
0.000
0.152
0.000
0.000
0.000
0.000
0.124
0.000
0.072
0.000
0.000
0.000
0.000
0.000
0.000
0.000
0.088
0.072
0.227
0.406
0.596
0.583
0.596
0.630
0.607
0.834
0.590
0.668
0.718
0.603
0.448
0.520
0.528
0.254
0.390
0.490
0.454
0.579
0.397
0.474
0.561
0.547
0.642
0.594
0.624
0.734
0.770
0.732
0.853
0.660
0.510
0.273
0.321
0.273
0.425
0.348
0.209
0.387
0.434
0.344
0.961
0.718
0.203
0.344
0.355
0.434
0.495
0.463
0.654
0.409
0.203
0.366
0.419
0.487
0.377
0.341
0.431
0.317
0.403
0.380
0.249
0.168
0.051
0.000
0.144
0.134
0.144
0.144
0.000
0.000
0.644
0.599
0.124
0.254
0.296
0.292
0.321
0.283
0.658
0.431
0.292
0.476
0.337
0.393
0.542
0.474
0.168
0.283
0.440
0.419
0.929
0.476
0.554
0.973
0.638
0.795
0.490
0.500
0.463
0.679
0.505
0.305
0.176
0.168
0.000
0.183
0.359
0.292
0.513
0.471
0.463
0.518
0.510
0.370
0.283
0.183
0.403
0.102
0.209
0.088
0.152
0.000
0.000
0.000
0.114
0.000
0.000
0.000
0.000
0.051
0.051
0.000
0.000
0.000
0.124
0.088
0.000
0.000
0.000
0.000
0.000
0.000
0.000
0.000
0.051
0.051
0.176
0.000
0.000
0.000
0.000
0.000
0.000
0.114
0.124
0.000
0.000
0.355
0.476
0.425
0.479
0.406
0.588
0.523
0.492
0.513
0.197
0.183
0.161
0.366
0.249
0.102
0.215
0.183
0.249
0.618
0.503
0.176
0.495
0.114
0.238
0.264
0.134
0.482
0.300
0.269
0.515
0.238
0.448
0.259
0.144
0.161
0.503
0.341
0.616
0.549
0.221
0.221
0.227
0.482
0.215
0.487
0.227
0.227
0.352
0.696
0.624
0.422
0.134
0.176
0.313
0.305
0.503
0.221
0.197
0.190
0.114
0.197
0.144
0.000
0.000
0.072
0.000
0.183
0.000
0.072
0.000
0.144
0.072
0.000
0.072
0.000
0.000
0.000
0.161
0.000
0.000
0.000
0.000
0.000
0.000
0.000
0.000
0.000
0.000
0.000
0.000
0.000
0.000
0.000
0.000
0.000
0.000
0.176
0.325
0.254
0.422
0.233
0.197
0.203
0.287
0.465
0.321
0.227
0.209
0.190
0.203
0.088
0.309
0.273
0.333
0.264
0.305
0.134
0.215
0.144
0.190
0.197
0.313
0.352
0.296
0.254
0.366
0.377
0.215
0.152
0.233
0.278
0.273
0.161
0.088
0.134
0.227
0.209
0.313
0.243
0.000
0.269
0.264
0.437
0.215
0.363
0.249
0.523
0.305
0.190
0.176
0.102
0.321
0.254
0.197
0.227
0.380
0.352
0.238
0.393
0.203
0.254
0.296
0.337
0.197
0.221
0.434
0.264
0.363
0.273
0.215
0.309
0.088
0.215
0.144
0.176
0.197
0.102
0.168
0.249
0.292
0.161
0.152
0.051
0.051
0.072
0.144
0.051
0.000
0.000
0.134
0.000
0.203
0.305
0.183
0.161
0.287
0.397
0.305
0.215
0.341
0.278
0.197
0.144
0.221
0.203
0.168
0.176
0.176
0.152
0.243
0.443
0.249
0.337
0.221
0.215
0.273
0.278
0.221
0.269
0.416
0.687
0.305
0.366
0.209
0.337
0.525
0.448
0.325
0.479
0.437
0.377
0.221
0.300
0.238
0.273
0.363
0.317
0.393
0.366
0.409
0.321
0.476
0.359
0.278
0.278
0.238
0.215
0.269
0.355
0.457
0.355
0.227
0.305
0.313
0.337
0.443
0.465
0.355
0.434
0.434
0.269
0.221
0.393
0.355
0.561
0.484
0.412
0.370
0.468
0.523
0.366
0.377
0.287
0.581
0.373
0.321
0.278
0.317
0.363
0.355
0.238
0.321
0.243
0.072
0.254
0.161
0.134
0.051
0.168
0.152
0.124
0.000
0.072
0.000
0.000
0.000
0.000
0.000
0.144
0.000
0.000
0.000
0.102
0.000
0.000
0.000
0.000
0.000
0.000
0.000
0.000
0.000
0.000
0.000
0.000
0.000
0.000
0.000
0.000
0.000
0.000
0.000
0.134
0.051
0.000
0.000
0.000
0.102
0.000
0.000
0.124
0.000
0.203
0.000
0.144
0.124
0.000
0.000
0.000
0.000
0.051
0.102
0.000
0.264
0.329
0.215
0.183
0.292
0.292
0.209
0.203
0.209
0.380
0.341
0.227
0.168
0.313
0.243
0.243
0.203
0.264
0.152
0.221
0.215
0.341
0.440
0.221
0.227
0.317
0.197
0.380
0.443
0.176
0.238
0.344
0.344
0.463
0.390
0.355
0.359
0.168
0.333
0.355
0.380
0.287
0.317
0.387
0.344
0.233
0.321
0.495
0.416
0.437
0.515
0.370
0.377
0.520
0.454
0.227
0.370
0.352
0.215
0.296
0.249
1.097
0.549
0.737
0.979
0.666
0.793
0.620
0.626
0.698
0.674
0.487
0.500
0.532
0.321
0.264
0.403
0.341
0.221
0.088
0.278
0.634
0.437
0.341
0.393
0.523
0.547
0.535
0.590
0.474
0.520
0.460
0.428
0.609
0.542
0.518
0.471
1.032
0.959
0.716
0.689
0.736
0.763
0.831
0.942
0.806
0.887
0.891
0.815
0.872
0.563
0.650
0.497
0.565
0.563
0.243
0.457
0.561
0.729
0.758
0.359
0.168
0.134
0.114
0.102
0.161
0.152
0.152
0.183
0.124
0.051
0.238
0.313
0.451
0.412
0.197
0.088
0.088
0.152
0.124
0.000
0.144
0.183
0.134
0.124
0.102
0.190
0.000
0.000
0.000
0.000
0.000
0.000
0.072
0.134
0.000
0.000
0.000
0.183
0.152
0.072
0.088
0.051
0.176
0.051
0.000
0.114
0.000
0.051
0.072
0.124
0.051
0.000
0.088
0.000
0.088
0.144
0.000
0.072
0.000
0.000
0.114
0.000
0.168
0.072
0.000
0.000
0.144
0.102
0.000
0.072
0.000
0.000
0.051
0.000
0.000
0.072
0.000
0.000
0.088
0.168
0.000
0.088
0.051
0.000
0.000
0.161
0.000
0.000
0.000
0.000
0.051
0.124
0.072
0.000
0.000
0.000
0.134
0.000
0.000
0.000
0.051
0.000
0.000
0.072
0.000
0.000
0.000
0.000
0.000
0.000
0.072
0.102
0.000
0.134
0.000
0.000
0.000
0.102
0.000
0.000
0.000
0.051
0.051
0.102
0.114
0.000
0.124
0.000
0.000
0.000
0.102
0.000
0.000
0.000
0.000
0.000
0.000
0.102
0.114
0.000
0.000
0.114
0.072
0.000
0.000
0.000
0.000
0.000
0.000
0.000
0.197
0.183
0.161
0.102
0.124
0.000
0.000
0.000
0.000
0.000
0.051
0.000
0.000
0.000
0.000
0.000
0.000
0.000
0.161
0.000
0.134
0.000
0.000
0.000
0.144
0.134
0.000
0.072
0.000
0.000
0.000
0.000
0.088
0.000
0.000
0.000
0.000
0.124
0.000
0.000
0.000
0.000
0.152
0.000
0.000
0.000
0.000
0.000
0.000
0.102
0.088
0.000
0.000
0.124
0.000
0.088
0.072
0.114
0.114
0.000
0.000
0.000
0.000
0.102
0.000
0.102
0.088
0.051
0.000
0.000
0.000
0.000
0.000
0.114
0.000
0.000
0.000
0.051
0.102
0.114
0.000
0.000
0.000
0.000
0.000
0.000
0.088
0.000
0.000
0.000
0.000
0.051
0.000
0.000
0.051
0.000
0.000
0.000
0.000
0.000
0.000
0.000
0.292
0.380
0.403
0.377
0.465
0.530
0.652
0.632
0.642
0.660
0.737
0.743
0.750
0.727
0.703
0.561
0.528
0.561
0.556
0.609
0.443
0.445
0.714
0.422
0.406
0.329
0.341
0.278
0.209
0.412
0.556
0.273
0.563
0.400
0.296
0.300
0.341
0.341
0.352
0.243
0.305
0.359
0.393
0.269
0.249
0.300
0.590
0.445
0.370
0.309
0.711
0.596
0.363
0.525
0.537
0.366
0.474
0.585
0.642
0.505
0.674
0.495
0.640
0.479
0.363
0.344
0.366
0.273
0.363
0.124
0.492
0.278
0.393
0.490
0.321
0.352
0.300
0.352
0.114
0.176
0.215
0.152
0.134
0.124
0.072
0.134
0.134
0.051
0.072
0.273
0.278
0.176
0.152
0.051
0.102
0.144
0.072
0.102
0.051
0.000
0.134
0.051
0.000
0.000
0.000
0.000
0.114
0.000
0.000
0.114
0.072
0.000
0.000
0.161
0.000
0.088
0.000
0.088
0.000
0.287
0.317
0.249
0.227
0.215
0.337
0.515
0.443
0.296
0.518
0.422
0.325
0.577
0.269
0.487
0.434
0.601
0.484
0.352
0.390
0.497
0.471
0.465
0.727
0.581
0.373
1.061
0.460
0.709
0.755
0.632
0.254
0.544
0.254
0.479
0.581
0.406
0.490
0.448
0.341
0.451
0.425
0.518
0.412
0.474
0.535
0.419
0.249
0.520
0.716
0.554
0.482
0.620
0.497
0.592
0.720
0.352
0.484
0.646
0.373
0.419
0.525
0.513
0.249
0.287
0.387
0.387
0.390
0.238
0.273
0.363
0.352
0.479
0.577
0.287
0.390
0.337
0.973
0.748
0.672
0.857
1.037
0.563
0.853
0.836
0.878
0.748
0.907
0.951
0.839
0.590
0.714
0.440
0.259
0.833
0.585
0.451
0.592
0.702
0.468
0.484
0.419
0.510
0.525
0.716
0.495
0.209
0.815
0.558
0.088
0.183
0.000
0.000
0.168
0.051
0.134
0.000
0.000
0.088
0.000
0.000
0.000
0.000
0.124
0.000
0.000
0.000
0.124
0.000
0.000
0.000
0.000
0.000
0.000
0.000
0.000
0.000
0.152
0.000
0.000
0.114
0.000
0.000
0.000
0.000
0.000
0.000
0.000
0.000
0.000
0.000
0.000
0.134
0.000
0.243
0.183
0.114
0.000
0.000
0.000
0.088
0.000
0.000
0.000
0.000
0.363
0.468
0.393
0.406
0.554
0.233
0.377
0.554
0.387
0.383
0.457
0.333
0.437
0.419
0.416
0.190
0.305
0.530
0.352
0.168
0.051
0.380
0.209
0.114
0.203
0.215
0.296
0.296
0.465
0.359
0.238
0.238
0.168
0.197
0.000
0.176
0.183
0.144
0.152
0.124
0.051
0.102
0.624
0.554
0.348
0.161
0.168
0.264
0.428
0.588
0.278
0.443
0.508
0.451
0.344
0.176
0.102
0.088
0.203
0.134
0.168
0.176
0.102
0.088
0.072
0.000
0.000
0.000
0.000
0.000
0.176
0.292
0.233
0.646
0.317
0.259
0.305
0.515
0.325
0.355
0.479
0.451
0.460
0.490
0.443
0.515
0.437
0.515
0.287
0.124
0.329
0.348
0.233
0.373
0.397
0.329
0.474
0.377
0.445
0.348
0.313
0.329
0.243
0.309
0.363
0.366
0.500
0.377
0.355
0.264
0.333
0.325
0.471
0.642
0.530
0.549
0.476
0.283
0.329
0.183
0.190
0.124
0.197
0.168
0.176
0.254
0.305
0.451
0.412
0.313
0.581
0.249
0.317
0.278
0.221
0.259
0.221
0.283
0.249
0.203
0.551
0.359
0.352
0.249
0.227
0.975
0.528
1.082
0.983
0.689
0.630
0.616
0.753
0.778
0.656
0.804
0.854
0.644
0.935
0.734
0.865
0.790
0.736
0.476
0.283
0.333
0.269
0.341
0.434
0.463
0.383
0.454
0.457
0.479
0.383
0.487
0.510
0.437
0.403
0.601
0.958
0.609
0.677
0.664
0.744
0.544
0.689
0.321
0.300
0.479
0.397
0.370
0.465
0.471
0.725
0.556
0.783
0.620
0.448
0.505
0.495
0.355
0.134
0.209
0.380
0.264
0.329
0.300
0.431
0.309
0.520
0.416
0.333
0.544
0.508
0.532
0.474
0.530
0.490
0.305
0.296
0.317
0.134
0.114
0.144
0.102
0.000
0.000
0.000
0.102
0.000
0.000
0.000
0.088
0.000
0.000
0.000
0.000
0.000
0.227
0.000
0.283
0.978
0.428
0.607
0.599
0.672
0.416
0.431
0.662
0.296
0.574
0.634
0.422
0.492
0.383
0.503
0.503
0.329
0.520
0.601
0.465
0.352
0.337
0.168
0.296
0.574
0.409
0.465
0.377
0.344
0.269
0.397
0.269
0.737
0.445
0.730
0.668
0.329
0.300
0.471
0.325
0.355
0.400
0.278
0.317
0.503
0.796
0.613
1.115
0.503
0.454
0.718
0.734
0.448
1.137
0.500
0.848
0.734
0.778
0.919
0.958
0.809
0.868
0.675
0.632
0.702
0.460
0.471
0.490
0.590
0.732
0.577
0.283
0.124
0.373
0.594
0.596
0.646
0.397
0.422
0.443
0.479
0.406
0.072
0.072
0.051
0.176
0.215
0.102
0.000
0.051
0.000
0.072
0.134
0.000
0.051
0.000
0.000
0.000
0.000
0.051
0.000
0.000
0.000
0.000
0.000
0.000
0.000
0.000
0.051
0.152
0.000
0.000
0.000
0.000
0.088
0.134
0.000
0.000
0.000
0.000
0.000
0.000
0.197
0.000
0.000
0.000
0.341
0.317
0.599
0.387
0.505
0.300
0.666
0.540
0.249
0.434
0.454
0.618
0.416
0.624
0.572
0.124
0.278
0.300
0.425
0.309
0.300
0.457
0.484
0.333
0.283
0.283
0.337
0.492
0.460
0.269
0.520
0.556
0.412
0.390
0.387
0.479
0.515
0.355
0.495
0.333
0.209
0.209
0.215
0.203
0.124
0.183
0.124
0.278
0.273
0.440
0.572
0.547
0.359
0.484
0.563
0.264
0.359
0.313
0.484
0.434
0.390
0.051
0.168
0.152
0.215
0.134
0.152
0.051
0.144
0.051
0.072
0.144
0.000
0.000
0.000
0.000
0.051
0.000
0.102
0.000
0.088
0.000
0.000
0.000
0.000
0.114
0.000
0.000
0.000
0.000
0.000
0.000
0.000
0.102
0.102
0.000
0.000
0.000
0.000
0.176
0.215
0.333
0.329
0.359
0.300
0.215
0.203
0.540
0.287
0.344
0.278
0.513
0.397
0.273
0.168
0.183
0.243
0.190
0.287
0.528
0.416
0.325
0.387
0.397
0.558
0.440
0.243
0.454
0.380
0.696
0.460
0.490
0.683
0.806
0.497
0.313
0.547
0.359
0.359
0.581
0.588
0.243
0.471
0.634
0.689
0.428
0.283
0.570
0.535
0.359
0.437
0.321
0.523
0.503
0.313
0.599
0.622
0.588
0.479
0.570
0.513
0.528
0.528
0.603
0.325
0.540
0.556
0.428
0.460
0.373
0.254
0.227
0.183
0.168
0.124
0.088
0.124
0.176
0.190
0.000
0.000
0.243
0.197
0.366
0.287
0.416
0.296
0.817
0.942
0.856
0.624
0.457
0.675
0.672
0.681
0.707
0.750
0.732
0.760
0.622
0.734
0.443
0.554
0.448
0.397
0.296
0.565
0.609
0.565
0.581
0.448
0.503
0.592
0.508
0.329
0.565
0.434
0.317
0.601
0.523
0.278
0.317
0.243
0.443
0.711
0.296
0.313
0.363
0.465
0.528
0.537
0.495
0.238
0.203
0.292
0.313
0.254
0.457
0.209
0.190
0.579
0.702
0.406
0.510
0.448
0.317
0.412
0.259
0.203
0.393
0.269
0.283
0.249
0.878
0.490
0.448
0.648
0.628
0.596
0.729
0.660
0.713
0.875
0.798
0.725
0.837
0.939
0.834
0.607
0.746
0.652
0.828
0.440
0.474
0.363
0.528
0.325
0.292
0.554
0.454
0.492
0.296
0.183
0.144
0.144
0.000
0.102
0.088
0.072
0.000
0.000
0.000
0.072
0.000
0.000
0.124
0.000
0.000
0.102
0.000
0.000
0.051
0.114
0.000
0.088
0.088
0.088
0.000
0.000
0.000
0.152
0.000
0.000
0.000
0.000
0.000
0.000
0.000
0.102
0.000
0.000
0.000
0.102
0.000
0.000
0.000
0.000
0.000
0.000
0.366
0.325
0.476
0.471
0.528
0.605
0.471
0.397
0.500
0.528
0.443
0.547
0.518
0.484
0.363
0.425
0.337
0.583
0.454
0.549
0.370
0.329
0.561
0.601
0.547
0.183
0.640
0.624
0.748
0.463
0.611
0.664
0.760
0.634
0.833
0.698
0.801
0.811
0.851
0.890
0.696
0.854
0.793
0.748
0.537
0.528
0.445
0.373
0.563
0.495
0.549
0.599
0.596
0.762
0.799
0.734
0.696
0.535
0.599
0.702
0.377
0.325
0.292
0.144
0.370
0.363
0.264
0.325
0.373
0.233
0.203
0.114
0.209
0.000
0.176
0.152
0.309
0.273
0.283
0.152
0.000
0.051
0.088
0.072
0.072
0.000
0.000
0.124
0.000
0.000
0.051
0.000
0.000
0.000
0.000
0.000
0.000
0.000
0.102
0.273
0.249
0.088
0.152
0.072
0.144
0.000
0.000
0.124
0.000
0.000
0.317
0.622
0.664
0.397
0.463
0.471
0.592
0.454
0.425
0.352
0.269
0.243
0.000
0.088
0.114
0.114
0.000
0.134
0.000
0.144
0.000
0.000
0.000
0.114
0.000
0.000
0.000
0.000
0.000
0.000
0.000
0.000
0.000
0.000
0.000
0.000
0.000
0.000
0.000
0.176
0.264
0.287
0.183
0.203
0.000
0.000
0.183
0.209
0.249
0.233
0.000
0.000
0.000
0.000
0.088
0.287
0.264
0.273
0.152
0.051
0.197
0.273
0.161
0.072
0.000
0.088
0.051
0.088
0.190
0.134
0.209
0.333
0.264
0.292
0.269
0.176
0.102
0.000
0.124
0.168
0.168
0.227
0.134
0.000
0.197
0.283
0.287
0.197
0.114
0.161
0.102
0.176
0.124
0.249
0.183
0.221
0.134
0.183
0.000
0.114
0.000
0.000
0.000
0.161
0.000
0.168
0.259
0.305
0.203
0.000
0.072
0.152
0.000
0.114
0.124
0.124
0.000
0.152
0.176
0.124
0.000
0.088
0.088
0.102
0.000
0.144
0.209
0.321
0.161
0.259
0.072
0.072
0.088
0.124
0.000
0.000
0.051
0.000
0.000
0.000
0.203
0.292
0.161
0.168
0.124
0.051
0.124
0.168
0.072
0.325
0.183
0.215
0.309
0.124
0.088
0.227
0.190
0.249
0.273
0.190
0.161
0.088
0.000
0.134
0.000
0.114
0.000
0.051
0.000
0.102
0.000
0.000
0.000
0.000
0.000
0.114
0.000
0.051
0.221
0.300
0.203
0.144
0.233
0.000
0.000
0.124
0.355
0.287
0.305
0.203
0.325
0.325
0.254
0.249
0.221
0.337
0.209
0.114
0.000
0.102
0.168
0.300
0.152
0.176
0.072
0.000
0.000
0.124
0.088
0.000
0.337
0.259
0.215
0.221
0.000
0.114
0.000
0.000
0.072
0.000
0.144
0.088
0.000
0.000
0.000
0.000
0.161
0.088
0.000
0.000
0.000
0.000
0.000
0.000
0.000
0.000
0.000
0.000
0.102
0.000
0.000
0.000
0.072
0.000
0.000
0.072
0.000
0.051
0.088
0.000
0.000
0.000
0.000
0.000
0.124
0.000
0.000
0.000
0.000
0.000
0.000
0.000
0.000
0.000
0.000
0.000
0.000
0.088
0.000
0.000
0.051
0.000
0.000
0.000
0.000
0.000
0.000
0.072
0.000
0.051
0.000
0.000
0.000
0.000
0.072
0.000
0.000
0.000
0.000
0.000
0.051
0.051
0.000
0.072
0.102
0.000
0.000
0.000
0.000
0.000
0.000
0.088
0.000
0.000
0.000
0.000
0.000
0.243
0.000
0.000
0.000
0.000
0.000
0.000
0.000
0.000
0.000
0.000
0.000
0.000
0.000
0.000
0.000
0.000
0.000
0.000
0.000
0.000
0.000
0.000
0.102
0.337
0.114
0.124
0.152
0.168
0.144
0.072
0.114
0.144
0.134
0.233
0.203
0.114
0.051
0.114
0.072
0.114
0.072
0.000
0.000
0.000
0.051
0.000
0.000
0.072
0.000
0.072
0.000
0.000
0.051
0.114
0.000
0.183
0.000
0.102
0.102
0.088
0.000
0.000
0.134
0.000
0.000
0.124
0.000
0.000
0.000
0.000
0.000
0.051
0.000
0.000
0.102
0.000
0.000
0.000
0.000
0.000
0.000
0.000
0.000
0.000
0.000
0.000
0.000
0.197
0.000
0.000
0.000
0.000
0.000
0.000
0.000
0.000
0.114
0.000
0.051
0.114
0.000
0.000
0.000
0.000
0.000
0.000
0.000
0.000
0.000
0.000
0.000
0.000
0.051
0.000
0.000
0.000
0.000
0.000
0.000
0.000
0.000
0.000
0.102
0.051
0.259
0.102
0.088
0.102
0.000
0.000
0.000
0.000
0.124
0.000
0.000
0.051
0.000
0.000
0.072
0.000
0.000
0.088
0.051
0.000
0.000
0.051
0.000
0.000
0.000
0.051
0.000
0.000
0.000
0.000
0.000
0.000
0.000
0.000
0.000
0.000
0.000
0.000
0.088
0.102
0.000
0.000
0.134
0.000
0.088
0.124
0.000
0.000
0.000
0.000
0.000
0.124
0.000
0.000
0.000
0.000
0.000
0.000
0.000
0.000
0.000
0.051
0.000
0.088
0.000
0.000
0.072
0.000
0.000
0.000
0.000
0.000
0.000
0.000
0.000
0.051
0.000
0.000
0.051
0.000
0.000
0.000
0.114
0.000
0.000
0.000
0.000
0.000
0.000
0.000
0.000
0.124
0.176
0.051
0.221
0.088
0.102
0.088
0.051
0.309
0.114
0.102
0.102
0.273
0.176
0.051
0.176
0.102
0.072
0.124
0.000
0.114
0.124
0.000
0.072
0.102
0.144
0.254
0.190
0.000
0.168
0.000
0.000
0.134
0.176
