0.720
0.455
0.339
0.287
0.504
0.528
0.574
0.519
0.662
0.591
0.387
0.245
0.173
0.677
0.504
0.150
0.460
0.353
0.250
0.250
0.502
0.421
0.545
0.460
0.565
0.547
0.703
0.542
0.576
0.512
0.353
0.377
0.415
0.458
0.536
0.643
0.346
0.593
0.489
0.565
0.696
0.605
0.497
0.612
0.706
0.664
0.843
0.708
0.403
0.353
0.552
1.026
0.624
0.630
0.831
0.641
0.761
0.713
0.742
0.699
0.688
0.694
0.737
0.780
0.734
0.708
0.688
0.618
0.808
0.704
0.674
0.554
0.620
0.659
0.666
0.679
0.699
0.622
0.595
0.616
0.549
0.514
0.616
0.438
0.542
0.468
0.533
0.282
0.687
0.415
0.585
0.589
0.415
0.533
0.374
0.390
0.455
0.300
0.614
0.572
0.278
0.316
0.360
0.316
0.424
0.455
0.720
1.043
0.556
0.591
0.556
0.591
0.744
0.679
0.494
0.565
0.350
0.364
0.370
0.278
0.158
0.187
0.141
0.312
0.335
0.380
0.384
0.387
0.269
0.264
0.245
0.193
0.132
0.380
0.487
0.377
0.335
0.455
0.497
0.552
0.591
0.509
0.561
0.574
0.643
0.720
0.751
0.683
0.688
0.672
0.634
0.632
0.724
0.630
0.694
0.722
0.636
0.651
0.706
0.717
0.701
0.706
0.699
0.676
0.542
0.353
0.519
0.223
0.193
0.132
0.122
0.000
0.173
0.312
0.578
0.736
0.718
0.540
0.688
0.668
0.640
0.770
0.788
0.802
0.697
0.791
0.679
0.390
0.540
0.701
0.674
0.647
0.572
0.585
0.502
0.653
0.595
0.424
0.396
0.624
0.567
0.540
0.626
0.697
0.502
0.479
0.558
0.435
0.599
0.540
0.346
0.441
0.274
0.350
0.432
0.865
1.007
0.396
0.250
0.250
0.732
0.608
0.683
0.662
0.657
0.661
0.438
0.574
0.595
0.430
0.578
0.474
0.597
0.304
0.484
0.661
0.734
0.661
0.670
0.641
0.614
0.727
0.651
0.574
0.528
0.476
0.542
0.655
0.499
0.572
0.608
0.624
0.601
0.576
0.624
0.563
0.327
0.531
0.396
0.524
0.587
0.591
0.599
0.701
0.782
0.687
0.725
0.762
0.742
0.712
0.649
0.668
0.547
0.409
0.300
0.180
0.223
0.180
0.150
0.100
0.071
0.050
0.000
0.000
0.000
0.000
0.000
0.000
0.000
0.000
0.000
0.000
0.000
0.000
0.000
0.000
0.000
0.000
0.000
0.000
0.100
0.000
0.071
0.000
0.000
0.000
0.000
0.000
0.000
0.000
0.000
0.000
0.212
0.542
0.542
0.641
0.549
0.593
0.618
0.591
0.636
0.649
0.531
0.690
0.563
0.536
0.504
0.528
0.585
0.878
0.666
0.342
0.466
0.634
0.636
0.430
0.587
0.585
0.517
0.300
0.255
0.295
0.269
0.561
0.521
0.597
0.879
0.626
0.724
0.512
0.713
0.649
0.476
0.572
0.291
0.651
0.380
0.100
0.158
0.218
0.158
0.000
0.173
0.158
0.071
0.000
0.158
0.050
0.071
0.000
0.000
0.100
0.000
0.000
0.000
0.212
0.000
0.000
0.000
0.000
0.000
0.000
0.000
0.000
0.000
0.000
0.000
0.000
0.000
0.000
0.000
0.000
0.132
0.000
0.132
0.000
0.000
0.000
0.000
0.000
0.492
0.507
0.585
0.674
0.521
0.540
0.582
0.580
0.630
0.605
0.690
0.674
0.582
0.605
0.692
0.655
0.657
0.572
0.519
0.479
0.374
0.234
0.374
0.479
0.549
0.499
0.587
0.717
0.731
0.725
0.603
0.775
0.830
0.704
0.761
0.741
0.620
0.626
0.536
0.634
0.432
0.400
0.409
0.346
0.519
0.377
0.206
0.874
0.874
0.576
0.703
0.672
0.814
0.690
0.357
0.578
0.531
0.335
0.342
0.418
0.517
0.458
0.421
0.435
0.287
0.449
0.353
0.335
0.245
0.291
0.687
0.304
0.509
0.406
0.536
0.509
0.547
0.476
0.393
0.558
0.540
0.634
0.731
0.409
0.622
0.756
0.744
0.971
0.460
0.595
0.696
0.683
0.724
0.839
0.704
0.622
0.692
0.685
0.715
0.731
0.756
0.788
0.692
0.585
0.608
0.734
0.533
0.567
0.757
0.725
0.713
0.638
0.822
0.578
0.643
0.697
0.840
0.736
0.528
0.699
0.569
0.662
0.645
0.664
0.645
0.545
0.589
0.567
0.605
0.605
0.580
0.764
0.690
0.342
0.612
0.492
0.595
0.476
0.538
0.514
0.622
0.412
0.937
0.715
0.540
0.565
0.545
0.509
0.982
0.847
0.509
0.747
0.618
0.587
0.460
0.512
0.582
0.400
0.339
0.295
0.291
0.278
0.287
0.342
0.158
0.200
0.180
0.141
0.173
0.282
0.316
0.187
0.200
0.415
0.435
0.206
0.239
0.212
0.492
0.957
0.749
0.512
0.612
0.761
0.668
0.659
0.734
0.597
0.653
0.608
0.683
0.610
0.618
0.482
0.572
0.466
0.756
0.605
0.645
0.739
0.638
0.767
0.744
0.517
0.327
0.674
0.649
0.484
0.620
0.645
0.582
0.549
0.595
0.653
0.744
0.713
0.741
0.589
0.444
0.576
0.585
0.561
0.679
0.659
0.701
0.670
0.713
0.739
0.661
0.670
0.840
0.724
0.674
0.519
0.558
0.742
0.692
0.574
0.618
0.616
0.497
0.430
0.432
0.528
0.683
0.517
0.651
0.556
0.494
0.357
0.507
0.552
0.962
0.729
0.554
0.634
0.649
0.632
0.670
0.601
0.697
0.580
0.767
0.746
0.657
0.727
0.746
0.766
0.713
0.696
0.762
0.786
0.696
0.572
0.526
0.638
1.026
0.878
0.504
0.502
0.674
0.662
0.672
0.497
0.645
0.556
0.603
0.312
0.218
0.166
0.158
0.200
0.150
0.645
0.677
0.701
0.666
0.641
0.759
0.770
0.731
0.538
0.390
0.396
0.278
0.412
0.406
0.471
0.580
0.304
0.427
0.415
0.141
0.141
0.180
0.342
0.449
0.367
0.141
0.223
0.331
0.418
0.455
0.519
0.274
0.295
0.308
0.180
0.468
0.218
0.324
0.364
0.200
0.393
0.320
0.492
0.269
0.291
0.327
0.255
0.300
0.300
0.100
0.255
0.229
0.218
0.327
0.287
0.353
0.158
0.269
0.264
0.250
0.327
0.458
0.320
0.229
0.245
0.212
0.274
0.274
0.418
0.353
0.200
0.282
0.320
0.460
0.504
0.291
0.316
0.320
0.245
0.193
0.327
0.390
0.239
0.112
0.357
0.432
0.447
0.350
0.259
0.269
0.331
0.304
0.180
0.158
0.173
0.304
0.342
0.403
0.316
0.122
0.180
0.200
0.327
0.173
0.212
0.122
0.259
0.239
0.316
0.187
0.282
0.223
0.173
0.193
0.193
0.255
0.342
0.239
0.370
0.316
0.312
0.245
0.320
0.380
0.339
0.295
0.245
0.327
0.374
0.264
0.282
0.206
0.218
0.374
0.335
0.212
0.274
0.264
0.259
0.415
0.327
0.438
0.479
0.502
0.438
0.218
0.374
0.320
0.278
0.250
0.212
0.259
0.150
0.187
0.255
0.466
0.360
0.282
0.259
0.335
0.180
0.112
0.234
0.166
0.300
0.193
0.353
0.304
0.200
0.250
0.141
0.239
0.212
0.180
0.150
0.259
0.239
0.264
0.282
0.223
0.250
0.187
0.187
0.100
0.229
0.218
0.234
0.282
0.200
0.173
0.193
0.250
0.295
0.173
0.274
0.173
0.282
0.316
0.212
0.158
0.304
0.346
0.415
0.466
0.380
0.409
0.479
0.387
0.552
0.287
0.504
0.489
0.455
0.377
0.471
0.269
0.295
0.295
0.489
0.521
0.580
0.554
0.497
0.430
0.466
0.418
0.647
0.614
0.418
0.274
0.282
0.264
0.295
0.377
0.441
0.320
0.455
0.320
0.962
0.846
0.502
0.690
0.731
0.761
0.661
0.608
0.725
0.622
0.517
0.599
0.620
0.634
0.681
0.683
0.647
0.580
0.657
0.736
0.630
0.514
0.471
0.494
0.312
0.291
0.406
0.734
0.729
0.300
0.255
0.193
0.259
0.374
0.435
0.384
0.479
0.919
0.774
0.739
0.540
0.540
0.444
0.769
0.694
0.793
0.774
0.736
0.774
0.759
0.836
0.830
0.762
0.818
0.712
0.746
0.783
0.696
0.724
0.610
0.494
0.350
0.357
0.390
0.295
0.173
0.455
0.432
0.542
0.620
0.647
0.563
0.651
0.367
0.312
0.565
0.869
0.540
0.556
0.308
0.489
0.353
0.223
0.346
0.193
0.380
0.476
0.489
0.200
0.432
0.387
0.438
0.589
0.432
0.438
0.384
0.924
0.749
0.922
0.638
0.759
0.742
0.688
0.636
0.782
0.677
0.845
0.821
0.746
0.783
0.825
0.732
0.782
0.699
0.724
0.751
0.704
0.701
0.624
0.739
0.661
0.474
0.626
0.628
0.794
0.610
0.455
0.599
0.628
0.641
0.632
0.549
0.589
0.482
0.928
0.736
0.574
0.643
0.587
0.547
0.628
0.713
0.699
0.638
0.632
0.595
0.507
0.492
0.521
0.572
0.316
0.327
0.370
0.589
0.400
0.387
0.580
0.512
0.374
0.605
0.489
0.589
0.438
0.412
0.432
0.487
0.393
0.409
0.458
0.595
0.492
0.497
0.668
0.597
0.697
0.712
0.591
0.327
0.360
0.264
0.282
0.229
0.282
0.239
0.324
0.549
0.430
0.438
0.444
0.396
0.538
0.342
0.605
0.418
0.502
0.634
0.384
0.487
0.393
0.331
0.274
0.357
0.494
0.514
0.626
0.474
0.569
0.620
0.331
0.357
0.542
0.517
0.502
0.616
0.608
0.754
0.713
0.681
0.580
0.672
0.724
0.704
0.744
0.736
0.742
0.580
0.507
0.630
0.754
0.653
0.734
0.722
0.725
0.692
0.636
0.762
0.717
0.655
0.825
0.785
0.788
0.725
0.708
0.701
0.688
0.706
0.703
0.449
0.540
0.540
0.622
0.737
0.710
0.582
0.374
0.304
0.239
0.193
0.158
0.158
0.300
0.415
0.229
0.295
0.528
0.460
0.569
0.554
0.412
0.287
0.367
0.526
0.597
0.531
0.320
0.374
0.540
0.603
0.766
0.672
0.396
0.212
0.610
0.502
0.455
0.531
0.616
0.335
0.320
0.545
0.452
0.415
0.538
0.712
0.552
0.552
0.499
0.474
0.474
0.509
0.659
0.324
0.364
0.180
0.278
0.430
0.324
0.521
0.295
0.300
0.200
0.364
0.234
0.193
0.603
0.474
0.380
0.331
0.569
0.484
0.435
0.811
0.509
0.647
0.681
0.699
0.797
0.739
0.749
0.647
0.679
0.752
0.724
0.624
0.643
0.645
0.694
0.720
0.729
0.720
0.729
0.679
0.653
0.554
0.643
0.679
0.676
0.603
0.585
0.507
0.393
0.524
0.452
0.591
0.533
0.556
0.554
0.561
0.521
0.384
0.320
0.278
0.327
0.608
0.393
0.896
0.862
0.509
0.643
0.668
0.662
0.649
0.634
0.649
0.797
0.659
0.683
0.582
0.742
0.641
0.651
0.626
0.766
0.816
0.788
0.780
0.688
0.694
0.474
0.556
0.502
0.512
0.295
0.415
0.320
0.415
0.390
0.360
0.255
0.364
0.300
0.447
0.427
0.441
0.364
0.460
0.346
0.406
0.245
0.393
0.574
0.432
0.374
0.353
0.540
0.400
0.342
0.519
0.484
0.312
0.418
0.444
0.441
0.335
0.418
0.452
0.387
0.393
0.400
0.324
0.374
0.346
0.331
0.218
0.547
0.466
0.430
0.291
0.264
0.471
0.471
0.444
0.536
0.412
0.471
0.775
0.836
0.630
0.474
0.661
0.641
0.710
0.676
0.720
0.687
0.679
0.708
0.739
0.676
0.766
0.821
0.679
0.567
0.704
0.767
0.703
0.620
0.517
0.438
0.533
0.528
0.502
0.482
0.367
0.424
0.662
0.494
0.749
0.744
0.895
0.677
0.610
0.668
0.595
0.699
0.703
0.499
0.685
0.706
0.674
0.708
0.712
0.630
0.655
0.783
0.661
0.620
0.783
0.717
0.762
0.749
0.739
0.717
0.706
0.681
0.569
0.531
0.796
0.599
0.601
0.561
0.589
0.406
0.424
0.597
0.640
0.463
0.409
0.554
0.360
0.587
0.624
0.460
0.767
0.554
0.620
0.599
0.638
0.731
0.608
0.591
0.630
0.640
0.641
0.683
0.614
0.647
0.618
0.692
0.649
0.622
0.468
0.409
0.400
0.499
0.732
0.468
0.610
0.324
0.632
0.427
0.384
0.418
0.406
0.641
0.400
0.444
0.441
0.406
0.396
0.346
0.865
0.476
0.476
0.449
0.545
0.616
0.403
0.640
0.645
0.670
0.703
0.657
0.690
0.561
0.497
0.587
0.524
0.624
0.595
0.447
0.466
0.509
0.409
0.452
0.514
0.502
0.494
0.528
0.538
0.497
0.634
0.605
0.718
0.664
0.739
0.793
0.796
0.805
0.782
0.692
0.710
0.657
0.737
0.727
0.696
0.727
0.774
0.801
0.704
0.799
0.741
0.715
0.487
0.444
0.327
0.331
0.239
0.239
0.173
0.487
0.357
0.300
0.295
0.193
0.180
0.132
0.100
0.200
0.291
0.071
0.180
0.229
0.250
0.132
0.132
0.166
0.193
0.150
0.528
0.634
0.595
0.636
0.603
0.304
0.502
0.316
0.507
0.435
0.556
0.659
0.661
0.567
0.531
0.610
0.524
0.447
0.324
0.502
0.384
0.396
0.327
0.380
0.370
0.223
0.509
0.517
0.255
0.921
0.769
0.874
0.549
0.774
0.699
0.816
0.752
0.799
0.653
0.713
0.668
0.717
0.717
0.683
0.754
0.727
0.674
0.827
0.802
0.724
0.736
0.796
0.737
0.732
0.643
0.605
0.749
0.645
0.759
0.687
0.690
0.687
0.963
0.458
0.651
0.630
0.608
0.713
0.688
0.662
0.687
0.444
0.350
0.476
0.455
0.415
0.542
0.585
0.554
0.509
0.421
0.206
0.364
0.595
0.528
0.610
0.406
0.474
0.430
0.452
0.587
0.610
0.514
0.342
0.282
0.193
0.282
0.291
0.308
0.353
0.300
0.300
0.150
0.158
0.308
0.350
0.250
0.158
0.255
0.291
0.255
0.158
0.353
0.357
0.406
0.200
0.274
0.415
0.335
0.387
0.259
0.239
0.393
0.447
0.269
0.173
0.150
0.086
0.071
0.173
0.132
0.122
0.000
0.050
0.000
0.158
0.100
0.050
0.000
0.000
0.000
0.100
0.071
0.100
0.000
0.100
0.100
0.166
0.000
0.000
0.112
0.000
0.050
0.000
0.112
0.000
0.086
0.132
0.112
0.000
0.000
0.000
0.000
0.132
0.050
0.000
0.000
0.218
0.287
0.245
0.239
0.396
0.234
0.264
0.342
0.403
0.415
0.364
0.360
0.259
0.438
0.536
0.528
0.377
0.400
0.460
0.484
0.357
0.353
0.463
0.517
0.542
0.593
0.524
0.778
0.521
0.666
0.661
0.628
0.687
0.729
0.676
0.666
0.690
0.521
0.683
0.531
0.599
0.712
0.662
0.497
0.605
0.572
0.670
0.736
0.679
0.681
0.683
0.732
0.655
0.672
0.757
0.688
0.785
0.746
0.736
0.775
0.712
0.687
0.810
0.521
0.482
0.552
0.409
0.357
0.547
0.476
0.572
0.471
0.533
0.421
0.377
0.418
0.466
0.360
0.487
0.458
0.455
0.438
0.512
0.466
0.502
0.645
0.574
0.649
0.643
0.526
0.677
0.976
0.772
0.694
0.482
0.679
0.514
0.701
0.688
0.799
0.737
0.769
0.731
0.710
0.775
0.747
0.767
0.674
0.632
0.626
0.620
0.597
0.649
0.393
0.595
0.802
0.494
0.624
0.701
0.364
0.441
0.403
0.387
0.482
0.643
0.554
0.664
0.463
0.519
0.526
0.455
0.427
0.634
0.576
1.069
0.708
0.866
0.601
0.563
0.610
0.512
0.668
0.662
0.651
0.729
0.690
0.643
0.710
0.645
0.688
0.696
0.632
0.593
0.565
0.412
0.549
0.447
0.479
0.312
0.509
0.396
0.545
0.435
0.452
0.484
0.519
0.526
0.295
0.255
0.547
0.517
0.574
0.435
0.364
0.327
0.300
0.435
0.367
0.591
0.576
0.396
0.449
0.409
0.708
0.567
0.762
0.676
0.710
0.683
0.507
0.482
0.528
0.732
0.458
0.634
0.608
0.676
0.610
0.749
0.435
0.327
0.672
0.274
0.538
0.380
0.545
0.526
0.444
0.574
0.696
0.722
0.651
0.782
0.759
0.742
0.720
0.612
0.616
0.608
0.574
0.412
0.406
0.327
0.367
0.377
0.335
0.350
0.497
0.458
0.438
0.364
0.327
0.346
0.166
0.406
0.291
0.264
0.536
0.278
0.218
0.374
0.350
0.572
0.158
0.180
0.239
0.724
0.736
0.816
0.424
0.746
0.479
0.316
0.512
0.662
0.697
0.794
0.759
0.836
0.814
0.827
0.785
0.739
0.703
0.742
0.754
0.674
0.696
0.706
0.778
0.540
0.751
0.741
0.476
0.409
0.377
0.353
0.274
0.466
0.335
0.468
0.447
0.528
0.494
0.507
0.264
0.223
0.580
0.524
0.839
0.802
0.521
0.712
0.881
0.632
0.578
0.608
0.458
0.547
0.599
0.533
0.460
0.499
0.482
0.608
0.489
0.561
0.582
0.374
0.412
0.482
0.479
0.538
0.528
0.492
0.430
0.494
0.567
0.574
0.499
0.482
0.342
0.628
0.479
0.618
0.393
0.418
0.580
0.585
0.813
0.531
0.487
0.640
0.634
0.561
0.603
0.649
0.666
0.574
0.430
0.494
0.412
0.346
0.350
0.536
0.531
0.558
0.346
0.587
0.576
0.380
0.479
0.331
0.567
0.547
0.460
0.339
0.291
0.295
0.647
0.715
0.578
0.528
0.427
0.492
0.696
1.019
0.554
0.622
0.647
0.767
0.706
0.782
0.741
0.736
0.692
0.727
0.668
0.724
0.688
0.531
0.697
0.651
0.655
0.657
0.736
0.620
0.444
0.552
0.569
0.672
0.620
0.339
0.471
0.435
0.335
0.636
0.360
0.447
0.387
0.460
0.512
0.547
0.645
0.374
0.218
0.468
0.531
0.512
0.396
0.531
0.540
0.593
0.547
0.593
0.620
0.558
0.589
0.524
0.494
0.492
0.563
0.569
0.528
0.618
0.574
0.452
0.406
0.476
0.463
0.561
0.409
0.295
0.791
0.612
0.430
0.519
0.576
0.655
0.687
0.672
0.674
0.697
0.647
0.830
0.641
0.576
0.677
0.374
0.499
0.662
0.670
0.708
0.628
0.643
0.640
0.643
0.599
0.628
0.614
0.484
0.403
0.444
0.400
0.479
0.482
0.463
0.339
0.387
0.193
0.327
0.536
0.636
0.595
0.494
0.712
0.632
0.793
0.626
0.647
0.576
0.589
0.599
0.593
0.574
0.612
0.620
0.406
0.234
0.166
0.497
0.507
0.519
0.424
0.367
0.441
0.438
0.409
0.492
0.430
0.342
0.441
0.384
0.659
0.704
0.862
0.891
0.833
0.427
0.657
0.670
0.710
0.672
0.593
0.677
0.424
0.484
0.526
0.582
0.542
0.881
0.647
0.514
0.255
0.335
0.274
0.180
0.471
0.380
0.218
0.274
0.269
0.278
0.531
0.687
0.618
0.704
0.580
0.565
0.585
0.612
0.458
0.612
0.589
0.601
0.447
0.618
0.468
0.497
0.406
0.287
0.514
0.641
0.512
0.536
0.616
0.605
0.509
0.357
0.533
0.856
0.438
0.565
0.585
0.640
0.603
0.636
0.387
0.339
0.599
0.536
0.597
0.558
0.531
0.435
0.482
0.688
0.647
0.626
1.045
0.885
0.574
0.578
0.690
0.661
0.703
0.638
0.657
0.421
0.610
0.683
0.651
0.724
0.715
0.599
0.729
0.741
0.636
0.512
0.517
0.556
0.655
0.569
0.657
0.636
0.563
0.727
0.998
0.864
0.353
0.556
0.563
0.250
0.269
0.339
0.542
0.449
0.474
0.316
0.295
0.618
0.384
0.576
0.608
0.403
0.387
0.567
0.519
0.374
0.614
0.447
0.589
0.384
0.585
0.662
0.734
0.599
0.519
0.452
0.234
0.367
0.269
0.218
0.346
0.320
0.517
0.474
0.380
0.350
0.400
0.458
0.350
0.624
0.471
0.449
0.229
0.218
0.234
0.278
0.628
0.458
0.384
0.287
0.572
0.487
0.576
0.526
0.487
0.430
0.567
0.526
0.452
0.651
0.636
0.499
0.624
0.668
0.672
0.706
0.567
0.580
0.643
0.645
0.608
0.668
0.703
0.666
0.497
0.387
0.218
0.316
0.396
0.346
0.519
0.406
0.424
0.327
0.158
0.187
0.393
0.474
0.576
0.384
0.497
0.739
0.409
0.626
0.447
0.569
0.517
0.427
0.547
0.630
0.616
0.597
0.494
0.304
0.403
0.558
0.380
0.387
0.316
0.255
0.206
0.463
0.531
0.455
0.269
0.554
0.463
0.282
0.367
0.387
0.507
0.393
0.364
0.350
0.514
0.364
0.374
0.620
0.561
0.300
0.274
0.264
0.360
0.377
0.259
0.377
0.449
0.595
0.484
0.342
0.350
0.447
0.497
0.360
0.452
0.377
0.509
0.409
0.421
0.312
0.476
0.605
0.487
0.561
0.364
0.430
0.364
0.274
0.687
0.476
0.514
0.489
0.801
0.804
0.622
0.676
0.672
0.536
0.578
0.547
0.708
0.599
0.616
0.601
0.492
0.591
0.452
0.438
0.229
0.499
0.447
0.424
0.424
0.390
0.741
0.512
0.166
0.269
0.308
0.193
0.206
0.412
0.291
0.308
0.370
0.452
0.278
0.350
0.585
0.339
0.223
0.259
0.335
0.278
0.567
0.346
0.291
0.517
0.380
0.360
0.384
0.166
0.452
0.444
0.396
0.396
0.367
0.418
0.316
0.327
0.452
0.304
0.479
0.507
0.364
0.264
0.360
0.441
0.370
0.482
0.132
0.370
0.538
0.274
0.632
0.360
0.630
0.593
0.331
0.463
0.427
0.250
0.603
0.396
0.463
0.634
0.396
0.471
0.291
0.200
0.206
0.304
0.374
0.200
0.250
0.438
0.335
0.312
0.331
0.424
0.193
0.444
0.449
0.390
0.367
0.528
0.312
0.223
0.335
0.255
0.255
0.000
0.218
0.455
0.234
0.374
0.342
0.229
0.264
0.193
0.476
0.452
0.415
0.239
0.212
0.342
0.438
0.517
0.580
0.353
0.374
0.320
0.393
0.471
0.308
0.552
0.499
0.540
0.312
0.377
0.339
0.374
0.245
0.528
0.612
0.517
0.463
0.536
0.620
0.474
0.370
0.287
0.274
0.312
0.327
0.406
0.239
0.346
0.482
0.250
0.300
0.278
0.300
0.312
0.370
0.514
0.618
0.415
0.353
0.200
0.435
0.694
0.487
0.706
0.659
0.458
0.218
0.484
0.327
0.367
0.455
0.504
0.552
0.827
0.507
0.484
0.589
0.985
1.034
1.004
0.476
0.599
0.706
0.694
0.732
0.624
0.774
0.688
0.852
0.774
0.717
0.494
0.608
0.853
0.653
0.374
0.316
0.245
0.360
0.412
0.554
0.651
0.512
0.499
0.569
0.479
0.582
0.542
0.640
0.533
0.519
0.468
0.424
0.384
0.269
0.339
0.708
0.565
0.418
0.582
0.504
0.531
0.595
0.601
0.507
0.497
0.708
0.632
0.670
0.603
0.387
0.482
0.540
0.595
0.435
0.370
0.649
0.452
0.482
0.699
0.616
0.587
0.565
0.697
0.610
0.706
0.587
0.612
0.636
0.545
0.696
0.608
0.936
0.556
0.455
0.589
0.610
0.647
0.736
0.643
0.747
0.489
0.622
0.536
0.547
0.487
0.406
0.533
0.468
0.327
0.193
0.519
0.274
0.308
0.403
0.554
0.357
0.374
0.466
0.641
0.447
0.418
0.393
0.427
0.335
0.659
0.597
0.915
0.949
0.614
0.396
0.308
0.367
0.449
0.452
0.316
0.403
0.427
0.370
0.374
0.353
0.269
0.287
0.312
0.339
0.229
0.218
0.255
0.000
0.206
0.100
0.173
0.050
0.132
0.132
0.331
0.353
0.353
0.132
0.206
0.218
0.827
0.610
0.547
0.664
0.710
0.703
0.683
0.732
0.704
0.664
0.531
0.628
0.367
0.460
0.645
0.542
0.460
0.632
0.672
0.412
0.374
0.229
0.223
0.086
0.158
0.180
0.000
0.122
0.000
0.000
0.000
0.100
0.000
0.000
0.180
0.000
0.000
0.000
0.000
0.000
0.071
0.000
0.000
0.000
0.000
0.000
0.000
0.000
0.000
0.050
0.000
0.000
0.000
0.000
0.000
0.000
0.000
0.000
0.000
0.000
0.000
0.000
0.000
0.000
0.000
0.000
0.000
0.000
0.000
0.000
0.000
0.000
0.000
0.071
0.000
0.000
0.000
0.000
0.000
0.000
0.000
0.000
0.000
0.000
0.000
0.000
0.000
0.364
0.444
0.300
0.435
0.533
0.427
0.569
0.403
0.593
0.435
0.608
0.449
0.497
0.739
0.561
0.662
0.552
0.509
0.614
0.545
0.941
0.542
0.608
0.589
0.718
0.572
0.643
0.589
0.641
0.696
0.732
0.697
0.715
0.766
0.640
0.502
0.517
0.430
0.350
0.353
0.331
0.291
0.377
0.499
0.452
0.452
0.521
0.370
0.374
0.521
0.531
0.504
0.327
0.300
0.360
0.616
0.489
0.554
0.430
0.458
0.229
0.542
0.499
0.517
0.312
0.463
0.374
0.357
0.528
0.542
0.576
0.367
0.403
0.545
0.393
0.400
0.308
0.384
0.549
0.367
0.816
0.842
0.704
0.749
0.377
0.717
0.852
0.690
0.547
0.612
0.444
0.509
0.441
0.432
1.001
0.900
0.624
0.696
0.563
0.608
0.528
0.593
0.608
0.853
0.697
0.597
0.585
0.432
0.547
0.558
0.324
0.239
0.200
0.278
0.287
0.556
0.468
0.360
0.360
0.509
0.357
0.264
0.278
0.567
0.259
0.316
0.512
0.710
0.578
0.599
0.580
0.593
0.393
0.622
0.634
0.661
0.528
0.659
0.517
0.427
0.597
0.683
0.489
0.320
0.320
0.605
0.390
0.269
1.072
0.593
0.699
0.651
0.683
0.737
0.701
0.688
0.770
0.752
0.657
0.662
0.661
0.662
0.632
0.620
0.585
0.610
0.685
0.597
0.641
0.643
0.662
0.703
0.674
0.608
0.616
0.565
0.412
0.380
0.487
0.339
0.269
0.364
0.489
0.424
0.269
0.458
0.999
0.788
0.578
0.666
0.574
0.441
0.681
0.645
0.712
0.672
0.295
0.346
0.278
0.223
0.350
0.492
0.497
0.393
0.304
0.424
0.444
0.574
0.438
0.342
0.350
0.526
0.357
0.282
0.509
0.509
0.455
0.597
0.696
0.418
0.519
0.390
0.850
0.558
0.463
0.476
0.514
0.556
0.624
0.634
0.608
0.778
0.540
0.479
0.212
0.166
0.200
0.050
0.278
0.234
0.514
0.504
0.640
0.608
0.603
0.614
0.651
0.641
0.624
0.616
0.651
0.484
0.761
0.928
0.455
0.524
0.474
0.636
0.528
0.561
0.622
0.507
0.494
0.463
0.403
0.367
0.460
0.977
0.786
0.466
0.540
0.599
0.737
0.614
0.641
0.651
0.718
0.603
0.622
0.676
0.681
0.618
0.731
0.731
0.578
0.628
0.569
0.455
0.556
0.542
0.620
0.618
0.766
0.692
0.688
0.595
0.458
0.444
0.683
0.747
0.655
0.545
0.502
0.360
0.676
0.653
0.563
0.734
0.521
0.509
0.569
0.643
0.393
0.567
0.370
0.603
0.438
0.335
0.400
0.563
0.320
0.799
0.811
0.742
0.377
0.517
0.645
0.605
0.561
0.580
0.512
0.487
0.643
0.587
0.547
0.561
0.674
0.455
0.476
0.357
0.320
0.346
0.605
0.690
0.384
0.229
0.245
0.166
0.312
0.538
0.449
0.587
0.499
0.610
0.572
0.552
0.712
0.645
0.438
0.647
0.578
0.567
0.576
0.526
0.331
0.259
0.245
0.259
0.327
0.335
0.377
0.393
0.364
0.308
0.295
0.324
0.396
0.278
0.418
0.291
0.455
0.200
0.452
0.335
0.274
0.353
0.278
0.468
0.504
0.647
0.331
0.324
0.679
0.524
0.504
0.409
0.360
0.552
0.387
0.484
0.432
0.324
0.374
0.645
0.346
0.264
0.295
0.514
0.353
0.229
0.245
0.866
0.917
0.563
0.717
0.845
0.737
0.741
0.679
0.704
0.672
0.774
0.891
0.558
0.736
0.687
0.681
0.853
0.406
0.526
0.618
0.567
0.582
0.679
0.547
0.661
0.531
0.514
0.533
0.364
0.444
0.531
0.471
0.479
0.524
0.821
0.713
0.572
0.524
0.193
0.377
0.556
0.641
0.458
0.492
0.487
0.514
0.547
0.605
0.554
0.717
0.540
0.630
0.616
0.636
0.657
0.657
0.659
0.572
0.754
0.659
0.683
0.674
0.727
0.715
0.704
0.542
0.308
0.479
0.449
0.255
0.415
0.427
0.427
0.255
0.206
0.380
0.245
0.444
0.421
0.316
0.239
0.206
0.278
0.229
0.206
0.122
0.346
0.374
0.380
0.278
0.406
0.346
0.350
0.259
0.380
0.295
0.278
0.390
0.393
0.444
0.569
0.287
0.556
0.444
0.327
0.339
0.269
0.460
0.287
0.438
0.526
0.409
0.223
0.300
0.295
0.166
0.239
0.409
0.460
0.353
0.458
0.206
0.390
0.421
0.218
0.320
0.274
0.955
0.751
0.953
0.421
0.595
0.766
0.722
0.713
0.724
0.679
0.704
0.769
0.696
0.677
0.521
0.601
0.688
0.636
0.756
0.668
0.374
0.601
0.722
0.785
0.430
0.384
0.528
0.563
0.576
0.512
0.514
1.011
0.802
0.558
0.608
0.521
0.672
0.620
0.531
0.595
0.460
0.447
0.346
0.353
0.380
0.554
0.304
0.528
0.547
0.364
0.782
0.484
0.300
0.687
0.471
0.449
0.223
0.200
0.269
0.132
0.166
0.387
0.367
0.517
0.589
0.463
0.549
0.597
0.400
0.327
0.229
0.180
0.173
0.158
0.200
0.295
0.287
0.239
0.218
0.200
0.421
0.463
0.612
0.882
0.512
0.614
0.630
0.612
0.676
0.526
0.647
0.668
0.632
0.687
0.531
0.628
0.595
0.597
0.589
0.582
0.862
0.327
0.547
0.690
0.713
0.685
0.622
0.741
0.712
0.713
0.651
0.731
0.757
0.599
0.661
0.610
0.569
0.400
0.449
0.542
0.412
0.484
0.514
0.589
0.653
0.856
0.282
0.587
0.526
0.574
0.597
0.576
0.587
0.447
0.507
0.474
0.430
0.504
0.561
0.624
0.699
0.628
0.666
0.567
0.641
0.659
0.542
0.645
0.567
0.517
0.484
0.384
0.324
0.374
0.409
0.785
0.312
0.400
0.499
0.531
0.569
0.620
0.636
0.634
0.476
0.482
0.504
0.476
0.580
0.482
0.403
0.335
0.538
0.295
0.444
0.449
0.620
0.774
0.377
0.922
0.591
0.538
0.572
0.676
0.531
0.547
0.549
0.509
0.614
0.578
0.704
0.679
0.589
0.561
0.542
0.599
0.731
0.704
0.694
0.576
0.569
0.430
0.545
0.494
0.653
0.672
0.727
0.528
0.492
0.528
0.599
0.507
0.614
0.455
0.630
0.576
0.458
0.447
0.396
0.218
0.086
0.158
0.100
0.000
0.000
0.000
0.150
0.071
0.000
0.000
0.141
0.000
0.122
0.000
0.000
0.000
0.274
0.441
0.636
0.482
0.591
0.640
0.837
0.616
0.657
0.653
0.547
0.603
0.662
0.668
0.694
0.624
0.640
0.610
0.531
0.512
0.572
0.585
0.670
0.703
0.591
0.647
0.545
0.558
0.597
1.036
0.808
0.327
0.587
0.234
0.574
0.578
0.688
0.580
0.739
0.576
0.599
0.608
0.638
0.651
0.814
0.670
0.626
0.387
0.380
0.603
0.484
0.589
0.370
0.400
0.466
0.418
0.620
0.608
0.549
0.452
0.360
0.554
0.494
0.519
0.387
0.582
0.484
0.406
0.342
0.339
0.458
0.173
0.342
0.300
0.250
0.150
0.071
0.245
0.524
0.574
0.632
0.556
0.335
0.282
0.649
0.403
0.641
0.605
0.452
0.390
0.239
0.412
0.364
0.603
0.367
0.430
0.300
0.278
0.239
0.122
0.141
0.112
0.287
0.476
0.370
0.387
0.542
0.489
0.504
0.497
0.400
0.430
0.482
0.574
0.468
0.552
0.444
0.403
0.187
0.239
0.206
0.360
0.687
0.603
0.393
0.552
0.612
0.346
0.441
0.524
0.509
0.441
0.599
0.647
0.514
0.406
0.703
0.587
0.504
0.875
0.630
0.653
0.692
0.718
0.626
0.704
0.761
0.676
0.640
0.690
0.677
0.572
0.670
0.688
0.601
0.605
0.576
0.612
0.636
0.672
0.591
0.580
0.580
0.653
0.636
0.524
0.449
0.718
0.614
0.517
0.447
0.415
0.430
0.463
0.353
0.255
0.565
0.441
0.582
0.295
0.400
0.576
0.360
0.597
0.269
0.291
0.545
0.424
0.528
0.509
0.471
0.622
0.540
0.374
0.489
0.736
0.659
0.638
0.624
0.628
0.718
0.653
0.591
0.824
0.674
0.390
0.403
0.331
0.504
0.229
0.438
0.466
0.597
0.514
0.552
0.552
0.641
0.608
0.563
0.403
0.471
0.554
0.536
0.632
0.582
0.589
0.679
0.533
0.533
0.569
0.569
0.474
0.563
0.499
0.640
0.552
0.690
0.622
0.661
0.657
0.632
0.692
0.628
0.618
0.545
0.507
0.484
0.412
0.507
0.447
0.367
0.304
0.264
0.468
0.393
0.492
0.223
0.229
0.291
0.274
0.357
0.380
0.455
0.458
0.390
1.000
0.761
0.618
0.517
0.603
0.670
0.494
0.324
0.538
0.589
0.601
0.624
0.455
0.374
0.759
0.531
0.874
0.432
0.603
0.718
0.775
0.739
0.727
0.643
0.640
0.782
0.715
0.681
0.672
0.734
0.734
0.690
0.651
0.668
0.762
0.674
0.618
0.614
0.713
0.720
0.690
0.626
0.687
0.620
0.593
0.670
0.628
0.595
0.561
0.432
0.412
0.517
0.324
0.409
0.517
0.509
0.324
0.421
0.524
0.400
0.526
0.463
0.269
0.463
0.558
0.517
0.528
0.558
0.421
0.482
0.374
0.435
0.441
0.492
0.300
0.499
0.533
0.353
0.545
0.430
0.489
0.458
0.563
0.536
0.591
0.624
0.632
0.741
0.628
0.447
0.928
0.542
0.547
0.536
0.538
0.502
0.552
0.572
0.601
0.676
0.599
0.697
0.489
0.638
0.676
0.626
0.775
0.549
0.427
0.357
0.432
0.645
0.616
0.567
0.387
0.479
0.605
0.651
0.661
0.775
0.676
0.687
0.616
0.653
0.657
0.589
0.466
0.657
0.512
0.421
0.666
0.549
0.549
0.342
0.567
0.444
0.593
0.497
0.618
0.589
0.676
0.641
0.710
0.576
0.859
0.497
0.287
0.494
0.618
0.731
0.471
0.468
0.519
0.565
0.701
0.587
0.610
0.685
0.449
0.435
0.384
0.327
0.412
0.409
0.447
0.552
0.724
0.847
0.463
0.424
0.502
0.444
0.353
0.367
0.614
0.509
0.524
0.327
0.390
0.370
0.384
0.304
0.264
0.350
0.339
0.509
0.484
0.282
0.269
0.193
0.295
0.287
0.504
0.524
0.255
0.259
0.304
0.342
0.474
0.364
0.387
0.234
0.187
0.132
0.122
0.000
0.086
0.100
0.000
0.071
0.122
0.100
0.100
0.100
0.000
0.150
0.100
0.000
0.000
0.000
0.000
0.000
0.050
0.000
0.239
0.287
0.250
0.282
0.278
0.331
0.370
0.324
0.269
0.339
0.282
0.234
0.458
0.295
0.393
0.393
0.282
0.415
0.377
0.400
0.304
0.357
0.206
0.357
0.291
0.316
0.547
0.591
0.489
0.463
0.166
0.264
0.324
0.441
0.364
0.200
0.229
0.452
0.406
0.150
0.531
0.406
0.424
0.335
0.331
0.223
0.291
0.342
0.291
0.250
0.264
0.295
0.406
0.466
0.367
0.327
0.499
0.370
0.295
0.415
0.269
0.360
0.331
0.255
0.533
0.295
0.587
0.346
0.287
0.403
0.599
0.612
0.200
0.229
0.327
0.406
0.166
0.435
0.295
0.250
0.561
0.400
0.274
0.370
0.282
0.482
0.449
0.367
0.547
0.335
0.312
0.304
0.377
0.412
0.458
0.200
0.180
0.409
0.353
0.360
0.229
0.396
0.463
0.471
0.367
0.517
0.482
0.327
0.458
0.409
0.166
0.504
0.384
0.342
0.438
0.367
0.370
0.264
0.403
0.342
0.370
0.605
0.563
0.250
0.278
0.460
0.438
0.377
0.406
0.158
0.572
0.444
0.687
0.545
0.316
0.521
0.449
0.193
0.086
0.342
0.316
0.245
0.396
0.250
0.421
0.255
0.357
0.206
0.264
0.350
0.444
0.357
0.370
0.455
0.282
0.339
0.424
0.357
0.418
0.327
0.412
0.255
0.269
0.421
0.593
0.212
0.166
0.193
0.000
0.141
0.000
0.050
0.071
0.187
0.112
0.086
0.000
0.000
0.000
0.000
0.100
0.000
0.000
0.100
0.206
0.000
0.000
0.000
0.000
0.000
0.000
0.000
0.000
0.000
0.000
0.141
0.304
0.206
0.187
0.187
0.360
0.259
0.274
0.255
0.316
0.259
0.234
0.554
0.628
0.561
0.466
0.287
0.304
0.287
0.193
0.441
0.390
0.255
0.295
0.424
0.357
0.384
0.312
0.304
0.393
0.187
0.370
0.304
0.308
0.316
0.300
0.342
0.218
0.200
0.316
0.229
0.327
0.400
0.390
0.353
0.295
0.406
0.384
0.335
0.466
0.360
0.206
0.406
0.339
0.418
0.370
0.514
0.339
0.595
0.282
0.630
0.421
0.223
0.572
0.561
0.331
0.668
0.536
0.589
0.384
0.785
0.744
0.679
0.659
0.626
0.778
0.940
0.424
0.455
0.720
0.618
0.540
0.432
0.666
0.775
0.304
0.400
0.342
0.324
0.320
0.342
0.291
0.497
0.346
0.291
0.339
0.471
0.778
0.468
0.597
0.655
0.640
0.547
0.494
0.569
0.370
0.435
0.484
0.180
0.545
0.774
0.567
0.595
0.603
