0.793
0.376
0.476
0.362
0.595
0.817
0.354
0.557
0.593
0.455
0.458
0.470
0.495
0.334
0.350
0.276
0.470
0.552
0.380
0.443
0.600
0.478
0.609
0.698
0.704
0.658
0.593
0.591
0.401
0.365
0.365
0.424
0.408
0.629
0.478
0.611
0.394
0.490
0.694
0.443
0.519
0.506
0.427
0.626
0.498
0.671
0.408
0.704
0.376
0.458
0.481
0.404
0.414
0.509
0.607
0.547
0.637
0.358
0.706
0.532
0.458
0.369
0.449
0.398
0.478
0.295
0.373
0.648
0.584
0.261
0.591
0.376
0.461
1.048
0.856
0.704
0.581
0.467
0.577
0.694
0.644
0.716
0.535
0.481
0.470
0.487
0.424
0.490
0.354
0.693
0.744
0.342
0.535
0.679
0.387
0.545
0.338
0.414
0.652
0.401
0.675
0.476
0.633
0.671
0.778
0.755
0.455
0.793
0.712
0.602
0.795
0.637
0.615
0.358
0.481
0.822
0.727
0.613
0.716
0.440
0.764
0.637
0.498
0.495
0.673
0.411
0.455
0.437
0.181
0.434
0.373
0.209
0.117
0.492
0.506
0.776
0.481
0.421
0.202
0.090
0.535
0.609
0.780
0.702
0.747
0.792
0.802
0.753
0.633
0.401
0.484
0.414
0.532
0.557
0.588
0.478
0.503
0.535
0.484
0.514
0.411
0.391
0.369
0.542
0.401
0.484
0.380
0.350
0.309
0.401
0.318
0.322
0.557
0.572
0.334
0.527
0.675
0.648
0.458
0.597
0.602
0.449
0.250
0.334
0.434
0.376
0.473
0.380
0.322
0.492
0.404
0.380
0.408
0.342
0.411
0.527
0.380
0.487
0.391
0.394
0.346
0.473
0.452
0.837
0.772
0.519
0.668
0.467
0.579
0.557
0.443
0.473
0.535
0.569
0.644
0.581
0.637
0.586
0.550
0.481
0.845
0.550
0.517
0.443
0.832
0.519
0.637
0.581
0.691
0.565
0.825
0.781
0.517
0.696
0.535
0.346
0.338
0.365
0.261
0.256
0.281
0.401
0.452
0.365
0.437
0.481
0.527
0.350
0.245
0.424
0.309
0.430
0.286
0.380
0.506
0.430
0.373
0.464
0.615
0.588
0.446
0.615
0.391
0.221
0.313
0.304
0.245
0.266
0.233
0.384
0.266
0.276
0.266
0.276
0.461
0.228
0.376
0.188
0.334
0.725
0.506
0.522
0.440
0.358
0.635
0.418
0.473
0.484
0.421
0.629
0.848
0.318
0.484
0.478
0.629
0.478
0.478
0.421
0.322
0.550
0.481
0.492
0.572
0.458
0.484
0.261
0.618
0.358
0.527
0.591
0.792
0.746
0.586
0.815
0.391
0.358
0.593
0.498
0.620
0.567
0.736
0.440
0.577
0.542
0.398
0.443
0.602
0.362
0.330
0.245
0.452
0.492
0.387
0.467
0.421
0.202
0.202
0.233
0.266
0.276
0.346
0.291
0.239
0.286
0.391
0.434
0.369
0.369
0.239
0.261
0.221
0.233
0.318
0.209
0.245
0.090
0.322
0.228
1.019
0.925
0.555
0.567
0.689
0.562
0.786
0.712
0.694
0.758
0.602
0.797
0.772
0.837
0.785
0.895
0.658
0.731
0.747
0.641
0.618
0.626
0.542
0.271
0.148
0.221
0.195
0.233
0.202
0.148
0.165
0.245
0.239
0.188
0.181
0.266
0.157
0.148
0.157
0.271
0.430
0.579
0.762
0.740
0.704
0.620
0.716
0.765
0.838
0.842
0.910
0.855
0.776
0.644
0.600
0.629
0.346
0.545
0.517
0.555
0.384
0.532
0.600
0.404
0.421
0.654
0.492
0.452
0.215
0.074
0.350
0.215
0.181
0.322
0.138
0.215
0.165
0.365
0.266
0.369
0.391
0.330
0.492
0.202
0.380
0.313
0.498
0.626
0.668
0.540
0.644
0.577
0.771
0.738
0.720
0.560
0.618
0.473
0.509
0.581
0.550
0.540
0.540
0.446
0.490
0.567
0.443
0.387
0.455
0.522
0.506
0.449
0.391
0.819
0.725
0.557
0.654
0.795
0.864
0.842
0.869
0.884
0.931
0.800
0.760
0.817
0.710
0.641
0.650
0.591
0.790
0.626
0.793
0.762
0.883
0.804
0.785
0.736
0.735
0.591
0.660
0.437
0.358
0.338
0.401
0.300
0.209
0.128
0.128
0.408
0.440
0.591
0.443
0.421
0.452
0.354
0.810
0.547
0.577
0.449
0.380
0.338
0.387
0.309
0.473
0.228
0.300
0.391
0.473
0.562
0.481
0.138
0.427
0.295
0.421
0.369
0.391
0.414
0.421
0.326
0.449
0.495
0.446
0.519
0.484
0.446
0.446
0.261
0.221
0.362
0.593
0.490
0.641
0.679
0.572
0.718
0.660
0.631
0.532
0.567
0.595
0.458
0.404
0.652
0.535
0.514
0.481
0.550
0.662
0.656
0.509
0.581
0.313
0.165
0.195
0.188
0.195
0.202
0.427
0.300
0.330
0.449
0.527
0.613
0.487
0.509
0.286
0.514
0.338
0.562
0.411
0.346
0.358
0.148
0.677
0.797
0.581
0.492
0.434
0.446
0.572
0.326
0.398
0.350
0.369
0.470
0.256
0.256
0.408
0.725
0.595
0.387
0.455
0.467
0.434
0.506
0.478
0.404
0.434
0.644
0.481
0.646
0.369
0.408
0.733
0.380
0.656
0.458
0.443
0.591
0.391
0.894
0.848
0.530
0.718
0.820
0.681
0.622
0.427
0.476
0.421
0.350
0.334
0.602
0.552
0.648
0.677
0.455
0.373
0.418
0.408
0.373
0.404
0.440
0.440
0.490
0.545
0.626
0.673
0.683
0.658
0.380
0.487
0.517
0.430
0.281
0.401
0.424
0.565
0.635
0.660
0.735
0.805
0.832
0.805
0.809
0.884
0.965
0.742
0.607
0.602
0.452
0.350
0.607
0.572
0.421
0.338
0.452
0.380
0.535
0.387
0.473
0.550
0.334
0.522
0.600
0.652
0.418
0.362
0.490
0.334
0.408
0.326
0.276
0.276
0.188
0.266
0.404
0.443
0.295
0.245
0.427
0.455
0.404
0.611
0.414
0.365
0.411
0.322
0.313
0.295
0.228
0.256
0.250
0.250
0.250
0.391
0.434
0.373
0.266
0.404
0.646
0.532
0.720
0.593
0.304
0.644
0.555
0.562
0.700
0.850
0.679
0.814
0.542
0.245
0.506
0.652
0.519
0.384
0.600
0.652
0.635
0.611
0.744
0.751
0.843
0.842
0.783
0.710
0.781
0.577
0.691
0.677
0.532
0.620
0.600
0.490
0.581
0.555
0.547
0.618
0.562
0.574
0.626
0.537
0.648
0.537
0.540
0.467
0.607
0.767
0.597
0.631
0.607
0.633
0.797
0.696
0.626
0.650
0.693
0.702
0.552
0.633
0.725
0.473
0.567
0.338
0.490
0.527
0.346
0.427
0.401
0.687
0.540
0.615
0.579
0.820
0.476
0.700
0.250
0.261
0.633
0.458
0.658
0.295
0.490
0.604
0.764
0.560
0.473
0.490
0.484
0.509
0.458
0.276
0.338
0.309
0.304
0.449
0.309
0.365
0.322
0.291
0.440
0.300
0.261
0.434
0.369
0.261
0.346
0.313
0.245
0.318
0.968
0.856
0.762
0.671
0.723
0.774
0.729
0.819
0.758
0.807
0.840
0.691
0.577
0.710
0.740
0.733
0.718
0.424
0.304
0.387
0.660
0.785
0.458
0.550
0.295
0.492
0.588
0.738
0.668
0.805
0.785
0.708
0.689
0.706
0.644
0.721
0.704
0.867
0.892
0.387
0.498
0.662
0.837
0.716
0.714
0.774
0.687
0.804
0.646
0.555
0.555
0.626
0.338
0.473
0.411
0.322
0.394
0.350
0.000
0.052
0.656
0.380
0.604
0.449
0.567
0.567
0.487
0.532
0.401
0.286
0.165
0.334
0.173
0.530
0.365
0.215
0.391
0.650
0.369
0.181
0.313
0.490
0.342
0.424
0.481
0.304
0.414
0.286
0.380
0.411
0.414
0.473
0.588
0.380
0.613
0.618
0.574
0.555
0.708
0.658
0.764
0.527
0.434
0.478
0.615
0.620
0.591
0.604
0.604
0.660
0.646
0.809
0.853
0.793
0.733
0.681
0.755
0.706
0.689
0.795
0.622
0.635
0.704
0.694
0.532
0.689
0.786
0.797
0.747
0.700
0.696
0.567
0.611
0.579
0.622
0.631
0.613
0.511
0.346
0.972
0.935
0.511
0.637
0.671
0.679
0.760
0.629
0.736
0.916
0.574
0.792
0.560
0.532
0.656
0.721
0.440
0.481
0.461
0.455
0.446
0.535
0.527
0.613
0.458
0.514
0.635
0.401
0.495
0.890
0.851
0.644
0.733
0.565
0.404
0.913
0.947
0.304
0.286
0.604
0.519
0.495
0.611
0.401
0.517
0.600
0.721
0.476
0.342
0.470
0.478
0.398
0.430
0.318
0.637
0.398
0.579
0.452
0.354
0.446
0.404
0.418
1.054
0.925
0.609
0.581
0.760
0.677
0.641
0.584
0.738
0.550
0.437
0.461
0.467
0.753
0.545
0.668
0.712
0.452
0.387
0.421
0.421
0.354
0.387
0.487
0.577
0.720
0.542
0.326
0.286
0.286
0.478
0.256
0.313
0.503
0.394
0.915
0.970
0.604
0.542
0.552
0.501
0.369
0.411
0.481
0.304
0.458
0.615
0.540
0.522
0.718
0.736
0.597
0.693
0.725
0.751
0.783
0.866
0.873
0.867
0.932
0.802
0.843
0.677
0.702
0.629
0.604
0.350
0.338
0.215
0.509
0.506
0.673
0.464
0.380
0.414
0.503
0.391
0.490
0.322
0.304
0.411
0.369
0.411
0.492
0.461
0.591
0.586
0.593
0.633
0.626
0.751
0.639
0.742
1.027
0.974
0.675
0.666
0.673
0.771
0.792
0.656
0.380
0.434
0.511
0.527
0.611
0.652
0.613
0.783
0.769
0.675
0.736
0.729
0.742
0.714
0.866
0.588
0.731
0.702
0.535
0.702
0.519
0.452
0.380
0.611
0.579
0.427
0.484
0.334
0.256
0.446
0.595
0.470
0.509
0.540
0.850
0.666
0.693
0.604
0.501
0.532
0.342
0.365
0.291
0.338
0.334
0.326
0.824
0.718
0.607
0.514
0.365
0.503
0.318
0.209
0.373
0.281
0.256
0.812
0.780
0.443
0.295
0.537
0.639
0.729
0.584
0.519
0.404
0.408
0.978
0.898
0.550
0.679
0.822
0.867
0.753
0.613
0.503
0.584
0.503
0.398
0.398
0.800
0.326
0.537
0.266
0.600
0.424
0.408
0.522
0.633
0.666
0.414
0.689
0.972
0.712
0.440
0.427
0.437
0.481
0.330
0.295
0.256
0.369
0.365
0.271
0.346
0.326
0.304
0.209
0.281
0.181
0.300
0.173
0.414
0.904
0.729
0.506
0.560
0.729
0.776
0.461
0.736
0.656
0.458
0.295
0.452
0.550
0.812
0.572
0.817
0.710
0.769
0.781
0.511
0.838
0.700
0.795
0.772
0.696
0.797
0.631
0.656
0.656
0.478
0.414
0.295
0.540
0.747
0.853
0.814
0.691
0.221
0.313
0.618
0.376
0.579
0.527
0.221
0.326
0.250
0.261
0.209
0.173
0.195
0.221
0.157
0.209
0.052
0.104
0.138
0.138
0.128
0.000
0.104
0.090
0.148
0.173
0.052
0.117
0.128
0.276
0.464
0.532
0.535
0.742
0.641
0.565
0.446
0.476
0.418
0.309
0.522
0.569
0.470
0.398
0.261
0.915
0.708
0.522
0.753
0.785
0.744
0.746
0.712
0.637
0.537
0.611
0.664
0.424
0.398
0.545
0.633
0.898
0.671
0.487
0.473
0.552
0.624
0.629
0.354
0.233
0.354
0.202
0.342
0.326
0.138
0.437
0.584
0.434
0.202
0.452
0.434
0.215
0.128
0.209
0.209
0.322
0.233
0.394
0.404
0.677
0.532
0.788
0.778
0.646
0.401
0.470
0.346
0.338
0.354
0.338
0.256
0.408
0.540
0.586
0.387
0.473
0.492
0.501
0.313
0.408
0.437
0.387
0.408
0.434
0.286
0.188
0.261
0.295
0.476
0.391
0.350
0.681
0.646
0.440
0.652
0.772
0.555
0.446
0.622
0.685
0.718
0.631
0.615
0.656
0.421
0.696
0.830
0.778
0.812
0.824
0.245
0.511
0.318
0.698
0.772
0.746
0.802
0.886
0.738
0.788
0.762
0.718
0.805
0.856
0.755
0.740
0.712
0.654
0.654
0.673
0.673
0.710
0.727
0.700
0.720
0.470
0.304
0.565
0.700
0.527
0.609
0.629
0.595
0.437
0.404
0.408
0.384
0.514
0.443
0.476
0.430
0.326
0.824
0.597
0.727
0.679
0.304
0.250
0.611
0.658
0.658
0.786
0.620
0.581
0.380
0.074
0.492
0.509
0.387
0.609
0.591
0.376
0.291
0.358
0.362
0.458
0.434
0.362
0.527
0.461
0.470
0.492
0.452
0.286
0.256
0.437
0.401
0.918
0.898
0.467
0.637
0.586
0.822
0.793
0.800
0.751
0.700
0.712
0.842
0.740
0.721
0.809
0.805
0.886
0.861
0.788
0.968
0.944
0.749
0.579
0.503
0.565
0.593
0.671
0.484
0.652
0.753
0.527
0.309
0.250
0.470
0.387
0.408
0.650
0.797
0.804
0.798
0.859
0.809
0.613
0.591
0.437
0.487
0.574
0.620
0.626
0.461
0.434
0.362
0.476
0.467
0.668
0.498
0.291
0.681
0.622
0.404
0.414
0.387
0.424
0.668
0.747
0.481
0.421
0.476
0.588
0.840
0.446
0.560
0.579
0.550
0.434
0.498
0.525
0.398
0.414
0.365
0.437
0.535
0.250
0.455
0.535
0.239
0.555
0.250
0.461
0.514
0.654
0.579
0.691
0.637
0.689
0.718
0.677
0.805
0.771
0.829
0.788
0.877
0.898
0.895
0.886
0.800
0.800
0.755
0.785
0.825
0.840
0.772
0.720
0.804
0.622
0.542
0.514
0.527
0.338
0.330
0.443
0.437
0.358
0.430
0.300
0.202
0.281
0.935
0.873
0.555
0.593
0.700
0.517
0.595
0.710
0.461
0.461
0.519
0.418
0.376
0.380
0.535
0.517
0.478
0.437
0.384
0.304
0.461
0.286
0.188
0.228
0.221
0.250
0.365
0.281
0.233
0.256
0.404
0.503
0.398
0.271
0.398
0.511
0.565
0.484
0.271
0.250
0.233
0.434
0.579
0.250
0.455
0.519
0.369
0.411
0.418
0.365
0.276
0.492
0.304
0.506
0.572
0.455
0.437
0.519
0.588
0.424
0.391
0.411
0.245
0.421
0.334
0.128
0.517
0.478
0.309
0.387
0.313
0.440
0.449
0.376
0.476
0.629
0.525
0.756
0.611
0.358
0.228
0.221
0.607
0.525
0.458
0.912
0.342
0.478
0.652
0.685
0.654
0.358
0.440
0.635
0.490
0.687
0.579
0.600
0.495
0.384
0.476
0.547
0.421
0.495
0.542
0.696
0.557
0.597
0.574
0.394
0.181
0.519
0.511
0.434
0.537
0.414
0.495
0.588
0.552
0.584
0.629
0.706
0.560
0.467
0.449
0.572
0.535
0.418
0.476
0.481
0.430
0.618
0.487
0.689
0.595
0.622
0.631
0.683
0.736
0.797
0.840
0.760
0.858
0.751
0.706
0.838
0.963
0.886
0.772
0.729
0.733
0.373
0.577
0.509
0.595
0.683
0.749
0.421
0.414
0.281
0.593
0.542
0.618
0.613
0.591
0.446
0.373
0.239
0.245
0.394
0.373
0.490
0.365
0.519
0.522
0.414
0.421
0.414
0.304
0.286
0.209
0.354
0.256
0.394
0.631
0.530
0.418
0.369
0.681
0.620
0.613
0.478
0.744
0.597
0.522
0.555
0.478
0.427
0.452
0.411
0.330
0.228
0.473
0.437
0.484
0.350
0.266
0.501
0.470
0.525
0.430
0.613
0.501
0.652
0.629
0.708
0.696
0.746
0.751
0.522
0.681
0.629
0.838
0.723
0.785
0.607
0.683
0.704
0.633
0.723
0.780
0.756
0.487
0.710
0.762
0.704
0.729
0.656
0.700
0.769
0.365
0.295
0.373
0.404
0.476
0.387
0.256
0.437
0.424
0.404
0.635
0.391
0.560
0.478
0.562
0.467
0.537
0.455
0.532
0.421
0.291
0.464
0.373
0.387
0.729
0.430
0.626
0.455
0.609
0.706
0.547
0.511
0.443
0.683
0.557
0.449
0.342
0.291
0.517
0.461
0.476
0.597
0.609
0.391
0.532
0.437
0.394
0.597
0.384
0.404
0.380
0.593
0.530
0.662
0.729
0.727
0.484
0.490
0.511
0.470
0.511
0.615
0.467
0.354
0.658
0.434
0.772
0.404
0.322
0.458
0.555
0.517
0.540
0.631
0.350
0.978
0.322
0.577
0.562
0.517
0.424
0.461
0.517
0.473
0.250
0.342
0.613
0.519
0.694
0.760
0.418
0.215
0.624
0.708
0.394
0.427
0.424
0.461
0.511
0.322
0.318
0.362
0.458
0.427
0.519
0.481
0.577
0.295
0.557
0.622
0.464
0.921
0.418
0.430
0.250
0.414
0.574
0.434
0.618
0.452
0.476
0.824
0.652
0.675
1.020
0.525
0.693
0.673
0.579
0.391
0.313
0.530
0.624
0.540
0.365
0.798
0.793
0.716
0.586
0.664
0.656
0.683
0.729
0.696
0.772
0.848
0.869
0.704
0.753
0.731
0.648
0.455
0.271
0.509
0.376
0.391
0.785
0.579
0.681
0.843
0.869
0.862
0.957
0.858
0.786
0.723
0.807
0.756
0.693
0.762
0.853
0.807
0.714
0.600
0.591
0.525
0.334
0.527
0.481
0.629
0.749
0.639
0.261
0.424
0.555
0.611
0.597
0.338
0.542
0.850
0.646
0.687
0.373
0.501
0.484
0.562
0.626
0.723
0.729
0.338
0.414
0.256
0.586
0.458
0.365
0.545
0.391
0.430
0.358
0.215
0.286
0.414
0.398
0.266
0.446
0.338
0.338
0.326
0.461
0.478
0.951
0.644
0.511
0.522
0.574
0.673
0.622
0.609
0.698
0.696
0.552
0.696
0.714
0.696
0.622
0.519
0.574
0.588
0.593
0.683
0.795
0.756
0.747
0.600
0.626
0.765
0.778
0.861
0.827
0.765
0.765
0.736
0.577
0.675
0.418
0.511
0.567
0.481
0.795
0.755
0.769
0.620
0.464
0.414
0.408
0.418
0.434
0.387
0.404
0.498
0.525
0.455
0.691
0.679
0.822
0.931
0.720
0.498
0.646
0.446
0.916
0.542
0.547
0.664
0.525
0.384
0.380
0.384
0.535
0.421
0.464
0.525
0.567
0.446
0.271
0.452
0.565
0.532
0.620
0.373
0.550
0.342
0.525
0.430
0.221
0.586
0.708
0.490
0.772
0.842
0.398
0.295
0.373
1.024
0.922
0.535
0.342
0.820
0.618
0.689
0.487
0.550
0.689
0.503
0.547
0.586
0.814
0.664
0.631
0.427
0.414
0.517
0.461
0.414
0.394
0.309
0.498
0.478
0.387
0.313
0.322
0.620
0.476
0.685
0.725
0.805
0.838
0.740
0.626
0.795
0.710
0.514
0.519
0.626
0.832
0.602
0.652
0.641
0.654
0.434
0.478
0.362
0.637
0.607
0.611
0.398
0.271
0.300
0.547
0.552
0.398
0.633
0.694
0.562
0.560
0.369
0.424
0.607
0.624
0.641
0.679
0.712
0.542
0.631
0.607
0.694
0.574
0.650
0.401
0.427
0.487
0.384
0.517
0.506
0.473
0.532
0.656
0.817
0.837
0.565
0.604
0.557
0.470
0.467
0.276
0.322
0.696
0.656
0.440
0.740
0.746
0.639
0.607
0.519
0.458
0.286
0.458
0.387
0.261
0.195
0.291
0.354
0.503
0.579
0.401
0.401
0.517
0.394
0.458
0.209
0.261
0.373
0.398
0.613
0.511
0.498
0.537
0.481
0.458
0.404
0.342
0.346
0.373
0.490
0.487
0.597
0.300
0.668
0.537
0.398
0.656
0.613
0.691
0.774
0.790
0.760
0.604
0.547
0.414
0.542
0.484
0.501
0.495
0.408
0.490
0.506
0.391
0.384
0.501
0.365
0.992
0.476
0.519
0.693
0.738
0.626
0.696
0.631
0.498
0.411
0.427
0.346
0.552
0.687
0.437
0.467
0.837
0.807
0.668
0.721
0.658
0.691
0.683
0.637
0.648
0.666
0.721
0.786
0.907
0.951
0.898
0.710
0.698
0.613
0.588
0.545
0.555
0.473
0.484
0.547
0.476
0.503
0.613
0.604
0.597
0.602
0.478
0.358
0.481
0.501
0.501
0.346
0.535
0.464
0.295
0.394
0.276
0.271
0.295
0.295
0.898
0.802
0.404
0.250
0.239
0.233
0.195
0.470
0.421
0.654
0.461
0.334
0.490
0.365
0.391
0.434
0.401
0.586
0.300
0.704
0.555
0.725
0.769
0.434
0.517
0.597
0.681
0.511
0.545
0.574
0.401
0.384
0.334
0.330
0.421
0.683
0.696
0.772
0.660
0.346
0.090
0.380
0.250
0.421
0.342
0.418
0.455
0.662
0.650
0.662
0.637
0.560
0.495
0.173
0.629
0.449
0.747
0.362
0.588
0.974
0.602
0.326
0.588
0.618
0.511
0.540
0.362
0.346
0.525
0.495
0.401
0.484
0.233
0.286
0.401
0.276
0.350
0.281
0.411
0.313
0.266
0.443
0.354
0.452
0.527
0.687
0.552
0.446
0.624
0.470
0.418
0.795
0.859
0.414
0.443
0.629
0.342
0.530
0.300
0.588
0.668
0.455
0.624
0.897
0.740
0.492
0.503
0.602
0.391
0.753
0.350
0.693
0.261
0.446
0.346
0.487
0.481
0.391
0.473
0.446
0.350
0.487
0.408
0.350
0.408
0.427
0.525
0.591
0.365
0.338
0.369
0.362
0.498
0.365
0.369
0.342
0.318
0.443
0.239
0.837
0.373
0.318
0.481
0.358
0.511
0.604
0.478
0.394
0.458
0.525
0.560
0.490
0.560
0.660
0.473
0.611
0.358
0.443
0.354
0.181
0.228
0.286
0.221
0.261
0.261
0.271
0.398
0.256
0.354
0.350
0.286
0.291
0.276
0.318
0.245
0.188
0.239
0.165
0.173
0.165
0.221
0.338
0.384
0.221
0.233
0.148
0.195
0.202
0.117
0.202
0.195
0.215
0.202
0.239
0.173
0.202
0.271
0.300
0.228
0.271
0.318
0.281
0.195
0.239
0.256
0.418
0.421
0.424
0.449
0.334
0.487
0.300
0.346
0.330
0.281
0.394
0.313
0.281
0.365
0.362
0.300
0.354
0.350
0.338
0.424
0.195
0.209
0.281
0.318
0.239
0.261
0.295
0.358
0.346
0.165
0.276
0.233
0.291
0.318
0.313
0.148
0.334
0.233
0.322
0.334
0.373
0.346
0.350
0.350
0.334
0.476
0.547
0.470
0.706
0.744
0.698
0.593
0.574
0.685
0.702
0.588
0.404
0.326
0.492
0.492
0.532
0.562
0.586
0.687
0.470
0.424
0.511
0.484
0.401
0.387
0.421
0.555
0.837
0.579
0.586
0.800
0.746
0.708
0.611
0.408
0.458
0.421
0.376
0.404
0.449
0.574
0.437
0.404
0.742
0.562
0.569
0.470
0.380
0.394
0.633
0.584
0.495
0.464
0.660
0.550
0.449
0.398
0.506
0.346
0.593
0.334
0.693
0.613
0.527
0.706
0.271
0.411
0.398
0.886
0.591
0.708
0.683
0.765
0.484
0.338
0.304
0.565
0.334
0.398
0.376
0.780
0.624
0.689
0.664
0.427
0.404
0.414
0.613
0.666
0.660
0.807
0.925
0.751
0.960
0.832
0.797
0.591
0.427
0.656
0.535
0.446
0.577
0.607
0.470
0.577
0.408
0.354
0.291
0.421
0.641
0.729
0.525
0.476
0.511
0.398
0.338
0.233
0.281
0.173
0.286
0.369
0.291
0.173
0.261
0.446
0.300
0.276
0.261
0.342
0.470
0.326
0.427
0.276
0.492
0.309
0.358
0.346
0.350
0.271
0.165
0.376
0.718
0.398
0.304
0.498
0.380
0.233
0.313
0.276
0.271
0.322
0.476
0.626
0.490
0.742
0.772
0.710
0.694
0.664
0.639
0.694
0.664
0.714
0.746
0.733
0.613
0.506
0.577
0.495
0.467
0.498
0.286
0.478
0.567
0.671
0.671
0.478
0.584
0.525
0.501
0.501
0.618
0.704
0.595
0.532
0.602
0.506
0.452
0.362
0.430
0.530
0.300
0.581
0.418
0.484
0.430
0.622
0.304
0.455
0.633
0.458
0.626
0.624
0.704
0.747
0.877
0.838
0.843
0.767
0.736
0.819
0.746
0.812
0.721
0.635
0.350
0.517
0.660
0.555
0.664
0.473
0.376
0.650
0.401
0.266
0.291
0.511
0.535
0.765
0.330
0.613
0.895
0.758
0.492
0.346
0.574
0.365
0.215
0.411
0.394
0.495
0.572
0.358
0.330
0.330
0.677
0.373
0.569
0.671
0.595
0.470
0.362
0.565
0.675
0.832
0.342
0.602
0.591
0.550
0.391
0.584
0.517
0.565
0.535
0.427
0.358
0.600
0.464
0.673
0.650
0.656
0.637
0.693
0.781
0.620
0.646
0.620
0.624
0.484
0.365
0.487
0.350
0.615
0.376
0.481
0.391
0.424
0.373
0.540
0.569
0.291
0.376
0.600
0.511
0.404
0.446
0.774
0.424
0.304
0.271
0.519
0.276
0.354
0.629
0.281
0.304
0.714
0.443
0.276
0.446
0.291
0.398
0.747
0.478
0.221
0.650
0.746
0.281
0.350
0.586
0.492
0.271
0.495
0.607
0.443
0.300
0.509
0.434
0.557
0.455
0.384
0.437
0.418
0.495
0.593
0.514
0.514
0.461
0.639
0.609
0.373
0.245
0.261
0.501
0.414
0.464
0.228
0.291
0.215
0.245
0.492
0.710
0.681
0.588
0.629
0.362
0.511
0.414
0.394
0.581
0.525
0.569
0.440
0.464
0.481
0.449
0.427
0.424
0.430
0.492
0.650
0.792
0.611
0.618
0.552
0.798
0.756
0.907
0.906
0.921
0.953
0.812
0.683
0.744
0.613
0.434
0.326
0.501
0.313
0.373
0.446
0.334
0.503
0.622
0.365
0.387
0.376
0.689
0.593
0.424
0.591
0.708
0.687
0.618
0.560
0.443
0.581
0.501
0.330
0.434
0.781
0.550
0.648
0.519
0.525
0.696
0.586
0.562
0.673
0.723
0.834
0.890
0.800
0.660
0.744
0.861
0.948
0.910
0.802
0.873
0.855
0.873
0.740
0.689
0.675
0.712
0.698
0.492
0.588
0.600
0.781
0.767
0.878
0.797
0.848
0.706
0.721
0.824
0.735
0.840
0.644
0.644
0.595
0.458
0.567
0.652
0.476
0.452
0.702
0.802
0.792
0.313
0.547
0.411
0.427
0.391
0.373
0.449
0.304
0.256
0.373
0.411
0.300
0.464
0.633
0.552
0.511
0.618
0.440
0.650
0.421
0.565
0.326
0.362
0.291
0.557
0.304
0.498
0.461
0.591
0.718
0.633
0.373
0.338
0.256
0.394
0.501
0.452
0.550
0.455
0.506
0.318
0.712
0.443
0.461
0.569
0.593
0.622
0.550
0.584
0.723
0.487
0.588
0.387
0.446
0.394
0.530
0.458
0.629
0.519
0.452
0.600
0.527
0.362
0.250
0.313
0.509
0.421
0.411
0.398
0.418
1.009
0.461
0.778
0.654
0.809
0.824
0.720
0.650
0.810
0.851
0.909
0.907
0.786
0.832
0.824
0.843
0.845
0.581
0.498
0.411
0.173
0.369
0.228
0.104
0.090
0.052
0.173
0.104
0.233
0.074
0.215
0.165
0.138
0.202
0.215
0.138
0.286
0.202
0.181
0.326
0.286
0.148
0.266
0.138
0.052
0.000
0.181
0.173
0.434
0.668
0.581
0.671
0.666
0.679
0.764
0.668
0.798
0.683
0.660
0.542
0.430
0.476
0.473
0.330
0.342
0.514
0.624
0.509
0.629
0.565
0.487
0.913
0.708
0.550
0.602
0.840
0.744
0.322
0.304
0.346
0.266
0.202
0.233
0.148
0.342
0.239
0.117
0.181
0.326
0.117
0.221
0.181
0.128
0.300
0.138
0.233
0.117
0.157
0.276
0.326
0.440
0.557
0.562
0.458
0.408
0.309
0.595
0.346
0.318
0.266
0.487
0.430
0.662
0.354
0.631
0.679
0.535
0.654
0.517
0.527
0.637
0.718
0.735
0.718
0.591
0.708
0.677
0.650
0.437
0.572
0.577
0.650
0.771
0.693
0.689
0.646
0.602
0.721
0.753
0.693
0.677
0.725
0.664
0.720
0.753
0.654
0.718
0.886
0.712
0.696
0.720
0.845
0.887
0.875
0.919
0.915
0.662
0.710
0.607
0.358
0.228
0.157
0.266
0.281
0.300
0.376
0.281
0.148
0.281
0.000
0.261
0.228
0.157
0.090
0.074
0.148
0.104
0.138
0.148
0.138
0.000
0.128
0.165
0.104
0.181
0.074
0.271
0.464
0.354
0.421
0.271
0.517
0.354
0.342
0.565
0.380
0.350
0.430
0.481
0.354
0.365
0.509
0.455
0.574
0.633
0.675
0.783
0.562
0.530
0.467
0.550
0.540
0.476
0.517
0.503
0.577
0.384
0.654
0.925
0.588
0.484
0.517
0.562
0.514
0.404
0.532
0.509
0.565
0.394
0.470
0.650
0.490
0.635
0.365
0.626
0.501
0.430
0.467
0.527
0.519
0.334
0.542
0.421
0.365
0.430
0.376
0.338
0.281
0.666
0.330
0.276
0.522
0.318
0.411
0.391
0.286
0.369
0.373
0.384
0.525
0.495
0.691
0.202
0.547
0.652
0.793
0.909
0.851
0.892
0.961
0.681
0.729
0.574
0.593
0.633
0.793
0.864
0.765
0.702
0.530
0.326
0.527
0.593
0.641
0.694
0.838
0.861
0.812
0.856
0.668
0.760
0.562
0.780
0.644
0.572
0.588
0.443
0.354
0.511
0.492
0.354
0.326
0.446
0.527
0.362
0.291
0.484
0.209
0.473
0.618
0.358
0.517
0.458
0.195
0.358
0.286
0.209
0.074
0.245
0.591
0.430
0.492
0.458
0.473
0.295
0.322
0.492
0.369
0.266
0.181
0.411
0.449
0.490
0.266
0.300
0.574
0.408
0.313
0.233
0.256
0.398
0.358
0.464
0.440
0.313
0.281
0.514
0.567
0.387
0.334
0.373
0.427
0.449
0.434
0.411
0.318
0.256
0.391
0.295
0.342
0.276
0.309
0.487
0.572
0.725
0.629
0.694
0.443
0.173
0.245
0.470
0.358
0.574
0.569
0.369
0.408
0.404
0.458
0.291
0.461
0.525
0.281
0.354
0.173
0.588
0.562
0.256
0.276
0.562
0.309
0.369
0.261
0.373
0.391
0.309
0.354
0.446
0.430
0.443
0.443
0.581
0.330
0.565
0.181
0.346
0.215
0.656
0.673
0.540
0.276
0.424
0.326
0.271
0.455
0.418
0.673
0.555
0.338
0.286
0.509
0.384
0.276
0.464
0.443
0.256
0.313
0.464
0.362
0.350
0.338
0.362
0.522
0.434
0.291
0.430
0.421
0.740
0.700
0.350
0.458
0.401
0.394
0.414
0.506
0.550
0.565
0.394
0.656
0.188
0.527
0.746
0.637
0.503
0.424
0.291
0.537
0.394
0.593
0.613
0.509
0.281
0.735
0.418
0.588
0.562
0.542
0.309
0.350
0.318
0.387
0.391
0.271
0.501
0.334
0.354
0.537
0.461
0.604
0.567
0.641
0.714
0.802
0.814
0.736
0.712
0.618
0.579
0.652
0.354
0.618
0.675
0.631
0.615
0.788
0.656
0.572
0.595
0.525
0.671
0.851
0.805
0.517
0.545
0.562
0.572
0.611
0.600
0.637
0.716
0.827
0.729
0.786
0.595
0.540
0.615
0.604
0.470
0.421
0.401
0.411
0.567
0.639
0.778
0.866
0.953
0.925
0.725
0.797
0.778
0.792
0.629
0.535
0.602
0.473
0.391
0.567
0.411
0.555
0.591
0.449
0.354
0.350
0.414
0.574
0.470
0.542
0.591
0.780
0.639
0.373
0.691
0.881
0.937
0.514
0.542
0.579
0.495
0.535
0.443
0.646
0.300
0.547
0.470
0.380
0.334
0.391
0.532
0.464
0.384
0.300
0.476
0.567
0.250
0.547
0.982
0.817
0.527
0.611
0.581
0.835
0.790
0.765
0.840
0.850
0.867
0.853
0.712
0.742
0.545
0.535
0.693
0.681
0.633
0.565
0.569
0.473
0.522
0.313
0.239
0.304
0.138
0.239
0.181
0.157
0.157
0.052
0.165
0.173
0.148
0.157
0.117
0.000
0.000
0.052
0.000
0.052
0.138
0.000
0.000
0.074
0.074
0.138
0.346
0.446
0.346
0.677
0.586
0.631
0.427
0.487
0.646
0.411
0.443
0.631
0.577
0.514
0.461
0.326
0.261
0.334
0.418
0.271
0.256
0.173
0.271
0.209
0.286
0.281
0.304
0.342
0.281
0.509
0.291
0.358
0.723
0.611
0.624
0.654
0.547
0.545
0.304
0.913
0.679
0.668
0.809
0.687
0.786
0.800
0.804
0.756
0.797
0.727
0.702
0.629
0.492
0.461
0.443
0.572
0.527
0.691
0.604
0.547
0.418
0.318
0.815
0.662
0.550
0.710
0.427
0.376
0.346
0.309
0.418
0.330
0.271
0.373
0.373
0.424
0.464
0.597
0.228
0.490
0.532
0.373
0.398
0.256
0.350
0.215
0.250
0.286
0.404
0.233
0.495
0.128
0.157
0.173
0.165
0.313
0.233
0.427
0.506
0.461
0.358
0.401
0.398
0.490
0.430
0.295
0.380
0.522
0.376
0.334
0.266
0.398
0.478
0.581
0.326
0.473
0.215
0.209
0.646
0.607
0.304
0.602
0.693
0.838
0.421
0.478
0.286
0.245
0.373
0.380
0.322
0.338
0.215
0.691
0.586
0.281
0.245
0.304
0.173
0.313
0.408
0.449
0.346
0.562
0.487
0.681
0.215
0.427
0.334
0.330
0.276
0.391
0.380
0.639
0.492
0.677
0.537
0.476
0.376
0.209
0.458
0.330
0.309
0.473
0.281
0.437
0.398
0.376
0.668
0.490
0.503
0.473
0.481
0.380
0.309
0.271
0.449
0.394
0.464
0.233
0.256
0.250
0.542
0.552
0.424
0.245
0.391
0.861
0.753
0.427
0.326
0.461
0.702
0.588
0.637
0.708
0.602
0.326
0.449
0.455
0.437
0.330
0.411
0.464
0.506
0.354
0.276
0.354
0.458
0.326
0.572
0.455
0.414
0.276
0.401
0.387
0.421
0.622
0.635
0.615
0.780
0.696
0.756
0.629
0.762
0.756
0.654
0.537
0.729
0.693
0.822
0.760
0.747
0.602
0.629
0.565
0.478
0.565
0.720
0.704
0.825
0.820
0.760
0.720
0.760
0.756
0.792
0.723
0.725
0.691
0.555
0.600
0.411
0.506
0.421
0.740
0.330
0.540
0.673
0.588
0.530
0.391
0.346
0.350
0.455
0.530
0.421
0.864
0.597
0.511
0.845
0.467
0.641
0.452
0.300
0.266
0.577
0.498
0.401
0.476
0.492
0.250
0.271
0.354
0.365
0.418
0.286
0.369
0.286
0.620
0.802
0.685
0.545
0.330
0.473
0.330
0.644
0.708
0.742
0.595
0.286
0.609
0.604
0.380
0.652
0.760
0.744
0.693
0.765
0.641
0.641
0.440
0.209
0.195
0.245
0.090
0.165
0.173
0.128
0.138
0.215
0.295
0.228
0.165
0.458
0.384
0.304
0.271
0.326
0.384
0.607
0.401
0.318
0.452
0.228
0.350
0.215
0.188
0.239
0.221
0.173
0.408
0.281
0.304
0.250
0.313
0.391
0.202
0.157
0.181
0.195
0.138
0.188
0.250
0.276
0.271
0.358
0.239
0.090
0.181
0.195
0.202
0.215
0.148
0.138
0.215
0.261
0.391
0.369
0.350
0.281
0.291
0.394
0.202
0.165
0.138
0.304
0.266
0.173
0.104
0.148
0.181
0.365
0.256
0.188
0.165
0.181
0.245
0.209
0.138
0.195
0.342
0.354
0.362
0.322
0.221
0.394
0.221
0.404
0.394
0.449
0.470
0.624
0.729
0.793
0.740
0.666
0.560
0.281
0.588
0.746
0.522
0.675
0.530
0.440
0.322
0.522
0.414
0.276
0.446
0.889
0.859
0.972
0.954
0.981
0.664
0.675
0.668
0.760
0.731
0.755
0.404
0.702
0.951
0.595
0.633
0.421
0.430
0.434
0.615
0.313
0.449
0.358
1.052
0.595
0.668
0.673
0.666
0.322
0.476
0.334
0.519
0.492
0.572
0.414
0.509
0.694
0.478
0.602
0.501
0.693
0.931
0.984
0.947
0.458
0.666
0.771
0.656
0.731
0.574
0.913
0.572
0.747
0.550
0.829
0.233
0.631
0.618
0.593
0.440
0.864
0.840
0.827
0.829
0.644
0.398
0.350
0.394
0.562
0.609
0.591
0.527
0.281
0.461
0.607
0.622
0.790
0.694
0.845
0.898
0.755
0.819
0.679
0.637
0.735
0.721
0.609
0.369
0.591
0.503
0.376
0.443
0.461
0.380
0.698
0.514
0.473
0.780
0.781
0.437
0.391
0.602
0.907
0.545
0.677
0.604
0.532
0.509
0.698
0.660
0.562
0.898
0.925
0.814
0.942
0.925
0.945
0.842
0.810
0.948
0.892
0.954
1.008
0.845
0.886
0.842
0.677
0.478
0.404
0.620
0.452
0.418
0.365
0.414
0.358
0.380
0.476
0.503
0.545
0.716
0.859
0.767
0.834
0.611
0.830
0.567
0.503
0.286
0.540
0.733
0.547
0.261
0.675
0.574
0.408
0.404
0.658
0.584
0.256
0.476
0.567
0.498
0.326
0.635
0.481
0.579
0.354
0.990
0.723
0.615
0.648
0.660
0.698
0.514
0.802
0.772
0.542
0.478
0.514
0.579
0.550
0.652
0.542
0.660
0.666
0.704
0.443
0.786
0.805
0.613
0.718
0.487
0.467
0.391
0.266
0.557
0.746
0.473
0.501
0.484
0.414
0.461
0.346
0.550
0.729
0.514
0.215
0.542
0.443
0.495
0.540
0.656
0.547
0.593
0.702
0.685
0.567
0.408
0.309
0.490
0.376
0.391
0.173
0.295
0.209
0.250
0.404
0.487
0.430
0.362
0.313
0.309
0.369
0.322
0.281
0.452
0.487
0.313
0.313
0.449
0.511
0.434
0.995
0.875
0.751
0.749
0.792
0.819
0.620
0.723
0.790
0.810
0.700
0.774
0.597
0.394
0.346
0.394
0.535
0.646
0.354
0.401
0.245
0.350
0.261
0.864
0.342
0.666
0.365
