0.692
0.441
0.467
0.296
0.409
0.258
0.253
0.372
0.292
0.206
0.231
0.287
0.258
0.242
0.236
0.287
0.193
0.342
0.334
0.338
0.357
1.059
0.650
0.875
0.563
0.758
0.774
0.716
0.263
0.513
0.590
0.746
0.533
0.753
0.680
0.593
0.623
0.738
0.724
0.830
0.577
0.441
0.253
1.053
0.835
0.646
0.538
0.636
0.698
0.761
0.908
0.774
0.615
0.431
0.511
0.396
0.263
0.581
0.382
0.253
0.342
0.396
0.282
0.593
0.852
0.467
0.599
0.718
0.688
0.983
0.444
0.538
0.593
0.599
0.627
0.656
0.586
0.599
0.625
0.744
0.802
0.640
0.878
0.492
0.664
0.955
0.907
0.753
0.984
0.770
0.523
1.067
0.636
0.656
0.724
0.836
0.563
0.640
0.615
0.617
0.593
0.765
0.650
0.464
0.668
0.615
0.438
0.365
0.500
0.386
0.422
0.555
0.431
0.735
0.830
0.774
0.923
0.995
0.983
0.458
0.533
0.727
0.416
0.572
0.797
0.672
0.652
0.346
0.467
0.640
0.680
0.533
0.772
0.724
0.680
0.722
0.740
0.921
0.861
0.892
0.940
0.912
0.814
0.827
0.531
0.682
0.789
0.825
0.911
0.610
0.678
0.604
0.807
0.962
0.935
0.772
0.606
0.700
0.893
0.901
0.905
0.601
0.792
0.828
0.709
0.475
0.406
0.334
0.597
0.438
0.599
0.508
0.447
0.386
0.470
0.425
0.473
0.541
0.516
0.379
0.350
0.268
0.453
0.354
0.497
0.508
0.461
0.484
0.835
0.450
0.450
0.354
0.346
0.368
0.553
0.849
0.678
0.680
0.690
0.841
0.918
0.416
0.678
0.444
0.505
0.668
0.664
0.701
0.531
0.703
0.840
0.686
0.912
0.711
0.464
0.610
0.740
0.840
0.787
0.861
0.866
0.871
0.884
0.846
0.588
0.654
0.802
0.548
0.422
0.444
0.206
0.428
0.599
0.621
0.632
0.309
0.505
0.375
0.656
0.473
0.989
0.646
0.688
0.777
0.987
0.668
0.701
0.830
0.612
0.599
0.305
0.658
0.744
0.654
0.672
0.630
0.555
0.684
0.357
0.464
0.382
0.242
0.354
0.296
0.247
0.403
0.389
0.318
0.444
0.441
0.375
0.521
0.428
0.503
0.478
0.487
0.330
0.330
0.193
0.570
0.638
0.478
0.761
0.658
0.711
0.511
0.597
0.487
0.431
0.977
1.035
0.612
0.684
0.727
0.784
0.920
0.670
0.716
0.694
0.684
0.658
0.644
0.590
0.455
0.996
0.872
0.546
0.560
0.553
0.877
0.518
0.586
0.606
0.604
0.453
0.357
0.171
0.225
0.179
0.268
0.225
0.282
0.944
0.555
0.847
0.555
0.692
0.877
0.889
0.984
0.920
0.787
0.735
0.799
0.273
0.586
0.461
0.354
0.636
0.688
0.715
0.441
0.382
0.632
0.642
0.692
0.612
0.640
0.528
0.690
0.508
0.590
0.416
0.413
0.338
0.350
0.287
0.495
0.419
0.450
0.461
0.455
0.318
0.382
0.301
0.389
0.292
0.368
0.273
0.273
0.386
0.393
0.305
0.338
0.354
0.354
0.503
0.305
0.406
0.278
0.461
0.326
0.318
0.242
0.253
0.309
0.219
0.930
0.678
0.751
1.093
0.744
0.593
0.662
0.784
0.533
0.731
0.901
0.866
0.623
0.546
0.464
0.322
0.497
0.475
0.305
0.372
0.487
0.742
0.797
0.558
0.450
0.330
0.296
0.171
0.247
0.258
0.350
0.416
0.365
0.242
0.365
0.342
0.287
0.296
0.225
0.322
0.338
0.330
0.309
0.322
0.296
0.273
0.393
0.458
0.361
0.155
0.186
0.258
0.342
0.287
0.322
0.258
0.365
0.419
0.334
0.338
0.179
0.379
0.318
0.309
0.379
0.338
0.219
0.296
0.301
0.301
0.253
0.346
0.382
0.268
0.330
0.334
0.268
0.219
0.103
0.146
0.146
0.171
0.052
0.115
0.089
0.186
0.292
0.073
0.000
0.115
0.346
0.338
0.513
0.441
0.541
0.700
0.735
0.751
0.849
0.682
0.686
0.700
0.786
0.857
0.898
0.632
0.548
0.619
0.619
0.668
0.758
0.761
0.731
0.680
0.555
0.917
0.688
0.652
0.640
0.705
0.422
0.662
0.409
0.495
0.478
0.309
0.701
0.825
0.864
0.593
0.711
0.617
0.648
0.662
0.777
0.737
0.806
0.825
0.774
0.746
0.533
0.672
0.861
0.830
0.794
0.801
0.749
0.794
0.840
0.846
0.937
0.716
0.610
0.715
0.737
0.896
0.599
0.531
0.754
0.767
0.789
0.604
0.780
0.528
0.481
0.588
0.705
0.588
0.722
0.309
0.309
0.586
0.372
0.419
0.551
0.379
0.403
0.521
0.409
0.305
0.372
0.389
0.368
0.495
0.419
0.318
0.334
0.435
0.318
0.372
0.282
0.346
0.338
0.538
0.258
0.599
0.253
0.350
0.422
0.444
0.253
0.464
0.450
0.464
0.396
0.296
0.242
0.318
0.361
0.467
0.478
0.309
0.354
0.200
0.521
0.508
0.346
0.999
0.751
0.453
0.707
0.801
0.703
0.375
0.718
0.608
0.640
0.692
0.820
0.838
0.737
0.753
0.784
0.632
0.632
0.654
0.428
0.447
0.475
0.772
0.864
0.815
0.368
0.597
0.726
0.546
0.487
0.815
0.917
0.733
0.357
0.186
0.242
0.346
0.219
0.342
0.073
0.206
0.163
0.115
0.219
0.089
0.073
0.146
0.146
0.155
0.126
0.163
0.103
0.103
0.089
0.073
0.000
0.103
0.000
0.052
0.155
0.000
0.052
0.000
0.103
0.000
0.052
0.000
0.126
0.000
0.000
0.000
0.000
0.000
0.000
0.000
0.000
0.146
0.000
0.000
0.000
0.000
0.052
0.089
0.000
0.000
0.052
0.000
0.000
0.052
0.000
0.052
0.136
0.000
0.000
0.000
0.000
0.000
0.186
0.518
0.523
0.536
0.536
0.581
0.652
0.705
0.518
0.658
0.612
0.664
0.740
0.625
0.551
0.531
0.484
0.674
0.409
0.627
0.978
0.696
0.830
0.428
0.425
0.396
0.253
0.146
0.146
0.126
0.179
0.115
0.089
0.115
0.163
0.126
0.206
0.268
0.342
0.751
0.656
0.646
0.648
0.296
0.309
0.804
0.658
0.737
0.799
0.770
0.709
0.634
0.738
0.753
0.877
0.786
0.802
0.680
0.656
0.851
0.863
0.636
0.615
0.623
0.521
0.787
0.792
0.715
0.536
0.574
0.606
0.595
0.703
0.849
0.765
0.508
0.581
0.807
0.852
0.782
0.606
0.707
0.957
0.543
0.606
0.668
0.444
0.642
0.619
0.523
0.425
0.511
0.567
0.786
1.124
0.570
0.608
0.763
0.901
0.688
0.526
0.674
0.541
0.541
0.531
0.372
0.236
0.263
0.601
0.322
0.572
0.595
0.296
0.338
0.225
0.441
0.425
0.146
0.268
0.354
0.588
0.523
0.656
0.273
0.206
0.236
0.305
0.282
0.553
0.648
0.354
0.413
0.247
0.163
0.219
0.258
0.350
0.484
0.455
0.513
0.346
0.555
0.396
0.500
0.386
0.273
0.193
0.368
0.450
0.236
0.146
0.247
0.473
0.236
0.413
0.538
0.368
0.583
0.450
0.720
0.676
0.779
0.703
0.375
0.606
0.698
0.680
0.646
1.016
0.968
0.772
0.811
0.814
0.761
0.416
0.577
0.933
0.700
0.567
0.577
0.715
0.495
0.670
0.278
0.765
0.668
0.518
0.555
0.658
0.425
0.601
0.225
0.301
0.526
0.599
0.518
0.735
0.999
0.832
0.422
0.497
0.713
0.731
0.779
0.707
0.820
0.963
0.555
0.475
0.473
0.621
0.835
0.849
0.883
0.841
0.830
0.843
0.718
0.794
0.835
0.796
0.664
0.444
0.543
0.438
0.546
0.399
0.350
0.640
0.674
0.898
0.844
0.688
0.438
0.301
0.461
0.416
0.296
0.473
0.595
0.551
0.733
0.666
0.583
0.586
0.467
0.536
0.470
0.450
0.531
0.581
0.473
0.357
0.179
0.709
0.464
0.428
0.354
0.428
0.389
0.231
0.357
0.338
0.389
0.318
0.193
0.406
0.309
0.406
0.644
0.551
0.413
0.322
0.438
0.326
0.296
0.489
0.179
0.103
0.242
0.555
0.780
1.038
0.644
0.724
0.782
0.705
0.692
0.851
0.577
0.820
1.093
0.586
0.470
0.646
0.597
0.737
0.742
0.642
0.701
0.809
0.701
0.572
0.497
0.464
0.350
0.630
0.406
0.461
0.464
0.610
0.583
0.518
0.409
0.268
0.396
0.508
0.487
0.893
0.553
0.650
0.570
0.718
0.619
0.672
0.500
0.579
0.672
0.760
0.570
0.654
0.678
0.526
0.819
0.694
0.738
0.636
0.646
0.664
0.617
0.672
0.574
0.422
0.268
0.330
0.193
0.296
0.200
0.231
0.396
0.354
0.292
0.163
0.660
0.703
0.560
0.473
0.632
0.416
0.722
0.599
0.558
0.644
0.692
0.722
0.754
0.531
0.690
0.551
0.500
0.749
0.849
0.779
0.852
0.817
0.807
0.747
0.827
0.806
0.583
0.664
1.049
0.597
0.560
0.644
0.676
0.792
0.744
0.625
0.500
0.419
0.692
0.801
0.880
0.899
0.866
0.597
0.612
0.553
0.604
0.656
0.588
0.664
0.500
0.528
0.242
0.464
0.475
0.604
0.431
0.305
0.458
0.296
0.386
0.450
0.382
0.511
0.475
0.326
0.425
0.453
0.368
0.422
0.572
0.531
0.365
0.521
0.403
0.481
0.528
0.379
0.301
0.508
0.470
0.500
0.553
0.560
0.386
0.386
0.453
0.503
0.225
0.461
0.231
0.225
0.425
0.263
0.171
0.247
0.403
0.225
0.513
0.372
0.993
0.726
0.632
1.068
0.478
0.406
0.416
0.718
0.612
0.621
0.676
0.473
0.720
0.864
0.660
0.518
0.309
0.473
0.444
0.455
0.431
0.565
0.577
0.326
0.646
0.551
0.690
0.770
0.586
0.777
0.644
0.375
0.827
0.660
0.656
0.684
0.541
0.273
0.219
0.179
0.193
0.263
0.338
0.155
0.206
0.396
0.581
0.330
0.193
0.282
0.538
1.061
0.883
0.976
0.464
0.662
0.815
0.698
0.610
0.811
0.772
0.638
0.801
0.912
0.715
0.911
0.836
0.546
0.763
0.505
0.536
0.543
0.473
1.005
0.890
0.572
0.579
0.541
0.716
0.735
0.662
0.847
0.824
0.966
0.658
0.526
0.292
0.567
0.513
0.453
0.350
0.326
0.268
0.225
0.206
0.146
0.213
0.458
0.492
0.536
0.688
0.660
0.666
0.756
0.912
0.835
1.001
0.438
0.495
0.836
0.484
0.570
0.555
0.538
0.608
0.541
0.581
0.724
0.852
0.814
0.838
0.801
0.581
0.481
0.361
0.777
0.619
0.511
0.715
0.642
0.747
0.658
0.763
0.832
0.836
0.749
0.722
0.720
0.713
0.866
0.779
0.738
0.674
0.630
0.692
0.560
0.553
0.458
0.470
0.206
0.505
0.601
0.606
0.447
0.428
0.516
0.453
0.470
0.565
0.553
0.531
0.508
0.425
0.487
0.700
0.844
0.754
0.791
0.858
0.905
0.727
0.780
0.767
0.933
0.917
1.031
1.034
0.484
0.583
0.648
0.768
0.623
0.672
0.662
0.670
0.738
0.835
0.703
0.475
0.489
0.543
0.588
0.606
0.375
0.553
0.668
0.770
0.772
0.889
0.761
0.526
0.676
0.889
0.541
0.484
0.610
0.684
0.720
0.513
0.236
0.136
0.171
0.186
0.163
0.236
0.231
0.314
0.282
0.342
0.000
0.425
0.495
0.301
0.171
0.179
0.555
0.461
0.548
0.455
0.756
0.720
0.604
0.338
0.696
0.688
0.581
0.560
0.740
0.680
0.548
0.642
0.668
0.579
0.731
0.754
0.809
0.548
0.634
0.761
0.836
0.828
0.791
0.782
0.572
0.577
0.581
0.597
0.694
0.718
0.794
0.901
0.835
0.775
0.777
0.737
0.883
0.886
0.957
0.846
0.630
0.435
0.606
0.658
0.733
0.489
0.670
0.597
0.382
0.546
0.231
0.287
0.431
0.464
0.403
0.305
0.292
0.731
0.555
0.453
0.372
0.322
0.406
0.361
0.305
0.464
0.787
1.101
0.553
0.777
0.700
0.526
0.638
0.830
0.814
0.880
0.727
0.789
0.774
0.806
0.756
0.801
0.438
0.296
0.361
0.487
0.326
0.253
0.263
0.179
0.136
0.225
0.115
0.115
0.186
0.219
0.296
0.301
0.242
0.236
0.163
0.273
0.073
0.155
0.171
0.206
0.089
0.115
0.073
0.193
0.487
0.425
0.278
0.458
0.610
0.379
0.361
0.650
0.749
0.931
0.737
0.670
0.754
0.860
0.583
0.902
0.692
0.809
0.676
0.652
0.399
0.640
0.597
0.531
0.567
0.406
0.464
0.715
0.595
0.531
0.382
0.538
0.473
0.581
0.827
0.646
0.435
0.253
0.273
0.386
0.287
0.301
0.179
0.282
0.546
0.354
0.326
0.636
0.627
0.422
0.572
0.538
0.597
0.904
0.497
0.634
0.473
0.784
0.642
0.925
0.700
0.604
0.619
0.819
0.770
0.742
0.801
0.807
0.567
0.599
0.751
0.756
0.735
0.606
0.464
0.441
0.567
0.760
0.705
0.751
0.652
0.670
0.444
0.581
0.574
0.505
0.617
0.660
0.779
0.804
0.690
0.751
0.565
0.753
0.794
0.694
0.546
0.668
0.475
0.590
0.236
0.326
0.470
0.701
0.650
0.662
0.716
0.612
0.365
0.495
0.487
0.301
0.444
0.422
0.422
0.453
0.567
0.368
0.521
0.389
0.393
0.422
1.057
0.604
0.597
0.684
0.727
0.758
0.727
0.843
0.709
0.533
0.656
0.560
0.782
0.789
0.763
0.814
0.854
0.789
0.572
0.751
0.775
0.847
0.847
0.811
0.892
0.777
0.350
0.171
0.115
0.588
0.688
0.615
0.819
0.861
0.832
0.767
0.707
0.652
0.726
0.567
0.538
0.684
0.617
0.481
0.503
0.570
0.513
0.749
0.638
0.186
0.155
0.334
0.531
0.531
0.393
0.330
0.632
0.322
0.419
0.354
0.396
0.386
0.475
0.742
0.875
0.958
0.904
0.914
0.938
0.824
0.737
0.812
0.875
0.746
0.774
0.625
0.621
0.751
0.513
0.464
0.546
0.403
0.593
0.581
0.722
0.807
0.830
0.937
0.508
0.500
0.475
0.263
0.438
0.528
0.516
0.406
0.282
0.253
0.258
0.425
0.475
0.553
0.375
0.478
0.553
0.558
0.644
0.832
0.802
0.830
0.749
0.379
0.612
0.593
0.597
0.484
0.599
0.503
0.305
0.447
0.334
0.361
0.365
0.467
0.419
0.478
0.382
0.350
0.428
0.413
0.225
0.365
0.574
0.461
0.758
0.334
0.458
0.508
0.330
0.416
0.361
0.724
0.314
0.581
0.368
0.581
0.425
0.543
0.314
0.484
0.361
0.586
0.386
0.625
0.505
0.263
0.296
0.630
0.399
0.780
1.058
0.881
0.528
0.484
0.555
0.662
0.877
1.021
0.625
0.528
0.709
0.487
0.632
0.727
0.606
0.820
0.521
0.171
0.225
0.318
0.322
0.548
0.579
0.511
0.720
0.368
0.253
0.860
0.627
0.621
0.662
0.711
0.590
0.660
0.715
0.701
0.563
0.581
0.523
0.528
0.642
0.489
0.464
0.604
0.652
0.318
0.461
0.546
0.753
0.751
0.786
0.735
0.650
0.601
0.314
0.518
0.508
0.747
0.570
0.470
0.563
0.538
0.662
0.676
0.608
0.453
0.749
0.733
0.551
0.287
0.484
0.481
0.500
0.531
0.236
0.346
0.342
0.342
0.163
0.179
0.206
0.115
0.146
0.389
0.399
0.475
0.314
0.521
0.586
0.658
0.508
0.563
0.346
0.396
0.682
0.692
0.632
0.470
0.536
0.617
0.672
0.399
0.553
0.747
0.724
0.680
0.606
0.644
0.623
0.593
0.630
0.521
0.470
0.393
0.464
0.396
0.523
0.447
0.368
0.806
0.386
0.487
0.567
0.528
0.541
0.492
0.660
0.648
0.505
0.428
0.508
0.455
0.296
0.231
0.458
0.646
0.780
0.807
0.775
0.811
0.780
0.763
0.682
0.644
0.672
0.458
0.656
0.761
0.825
0.787
0.595
0.193
0.146
0.382
0.560
0.674
0.505
0.586
0.595
0.487
0.470
0.431
0.500
0.701
0.473
0.541
0.428
0.375
0.505
0.511
0.422
0.505
0.428
0.365
0.435
0.425
0.458
0.350
0.354
0.350
0.375
0.453
0.273
0.292
0.330
0.365
0.346
0.365
0.334
0.403
0.326
0.386
0.186
0.338
0.361
1.044
0.746
0.948
0.513
0.583
0.754
0.761
0.481
0.608
0.396
0.610
0.528
0.672
0.516
0.658
0.533
0.461
0.500
0.236
0.787
1.044
0.720
0.621
0.558
0.511
0.572
0.478
0.481
0.475
0.422
0.538
0.447
0.375
0.796
0.375
0.625
0.664
0.676
0.634
0.489
0.590
0.543
0.634
0.497
0.660
0.684
0.555
0.541
0.393
0.489
0.419
0.263
0.242
0.309
0.219
0.253
0.163
0.126
0.103
0.282
0.236
0.231
0.912
0.574
0.242
0.912
0.619
0.422
0.475
0.588
0.590
0.604
0.365
0.350
0.458
0.455
0.146
0.213
0.213
0.171
0.136
0.146
0.287
0.305
0.155
0.296
0.365
0.365
0.330
0.444
0.505
0.282
0.305
0.314
0.334
0.441
0.375
0.361
0.268
0.475
0.523
0.531
0.548
0.565
0.475
0.546
0.487
0.305
0.305
0.581
0.696
0.688
0.777
0.869
0.782
0.828
0.658
0.767
0.767
0.877
0.836
0.700
0.740
0.864
0.444
0.450
0.924
0.604
0.470
0.505
0.599
0.526
0.623
0.619
0.763
0.467
0.464
0.475
0.473
0.461
0.495
0.334
0.416
0.422
0.419
0.419
0.503
0.782
0.523
0.368
0.610
0.606
0.500
0.441
0.296
0.444
0.396
0.357
0.268
0.438
0.713
0.473
0.386
0.334
0.365
1.024
0.650
0.654
0.830
0.627
0.531
0.729
0.744
0.481
0.586
0.572
0.601
0.521
0.546
0.608
0.617
0.599
0.553
0.500
0.586
0.567
0.604
0.505
0.595
0.518
0.650
0.701
0.577
0.623
0.599
0.686
0.751
0.213
0.541
0.779
0.536
0.431
0.431
0.475
0.409
0.617
0.538
0.450
0.453
0.579
0.425
0.985
0.666
0.630
0.523
0.711
0.658
0.453
0.599
0.458
0.963
0.694
0.619
0.768
0.648
0.703
0.735
0.481
0.660
0.787
0.318
0.450
0.686
0.464
0.467
0.601
0.707
0.309
0.213
0.213
0.179
0.213
0.171
0.314
0.258
0.073
0.268
0.273
0.225
0.508
0.200
0.305
0.193
0.399
0.334
0.155
0.322
0.334
0.393
0.652
0.523
0.599
0.617
0.619
0.627
0.678
0.590
0.638
0.567
0.581
0.606
0.733
0.694
0.718
0.684
0.709
0.724
0.731
0.696
0.606
0.444
0.617
0.791
0.713
0.787
0.869
0.538
0.630
0.518
0.444
0.521
0.604
0.461
0.688
0.751
0.770
0.830
0.855
0.874
0.817
0.844
0.905
0.824
0.668
0.713
0.668
0.640
0.676
0.711
0.444
0.386
0.492
0.536
0.447
0.372
0.608
0.322
0.393
0.389
0.536
0.382
0.543
0.428
0.346
0.548
0.680
0.555
0.225
0.287
0.258
0.399
0.231
0.206
0.103
0.200
0.354
0.361
0.179
0.413
0.314
0.318
0.287
0.179
0.282
0.354
0.541
0.518
0.301
0.318
0.179
0.247
0.200
0.389
0.236
0.225
0.115
0.282
1.038
0.368
0.282
0.305
0.422
0.590
0.588
0.528
0.638
0.577
0.642
0.872
0.909
0.804
0.901
0.508
0.247
0.242
0.247
0.258
0.146
0.171
0.171
0.163
0.171
0.179
0.193
0.115
0.163
0.000
0.000
0.155
0.136
0.052
0.052
0.000
0.052
0.000
0.000
0.136
0.000
0.171
0.089
0.000
0.000
0.000
0.000
0.000
0.163
0.000
0.000
0.000
0.000
0.000
0.000
0.000
0.000
0.000
0.000
0.000
0.000
0.000
0.000
0.000
0.000
0.000
0.000
0.000
0.000
0.000
0.000
0.000
0.000
0.000
0.000
0.155
0.000
0.000
0.000
0.000
0.000
0.000
0.163
0.000
0.000
0.052
0.000
0.000
0.000
0.000
0.000
0.000
0.000
0.000
0.089
0.089
0.000
0.000
0.000
0.000
0.000
0.000
0.073
0.000
0.000
0.000
0.000
0.000
0.000
0.000
0.126
0.000
0.000
0.000
0.000
0.000
0.000
0.000
0.000
0.000
0.146
0.126
0.000
0.000
0.000
0.089
0.000
0.000
0.000
0.000
0.000
0.052
0.000
0.000
0.000
0.000
0.052
0.000
0.213
0.342
0.179
0.000
0.342
0.357
0.438
0.382
0.287
0.193
0.000
0.000
0.000
0.000
0.052
0.052
0.000
0.052
0.000
0.073
0.301
0.577
0.588
0.487
0.560
0.668
0.709
0.612
0.634
0.572
0.634
0.763
0.866
0.889
0.874
0.698
0.868
0.782
0.832
0.969
0.642
0.511
0.258
0.416
0.640
0.656
0.473
0.354
0.334
0.296
0.171
0.287
0.422
0.403
0.590
0.588
0.375
0.393
0.330
0.678
0.612
0.389
0.354
0.484
0.902
0.574
0.338
0.664
0.680
0.676
0.638
0.715
0.726
0.570
0.672
0.630
0.621
0.526
0.760
0.715
0.851
0.844
0.838
0.779
0.690
0.612
0.654
0.500
0.701
0.716
0.765
0.836
0.777
0.720
0.640
0.767
0.548
0.396
0.615
0.682
0.791
0.846
0.718
0.851
0.830
0.696
0.621
0.674
0.541
0.444
0.273
0.461
0.428
0.572
0.772
0.541
0.660
0.890
0.625
0.473
0.674
0.604
0.447
0.455
0.365
0.296
0.365
0.338
0.305
0.236
0.382
0.422
0.425
0.282
0.309
0.318
0.428
0.399
0.318
0.225
0.287
0.193
0.219
0.200
0.163
0.225
0.287
0.292
0.193
0.136
0.052
0.258
0.231
0.305
0.273
0.253
0.263
0.200
0.314
0.247
0.680
0.500
0.438
0.495
0.461
0.526
0.644
0.481
0.513
0.640
0.724
0.709
0.786
0.690
0.754
0.838
0.770
0.581
0.787
0.636
0.567
0.586
0.634
0.828
0.832
0.772
0.756
0.827
0.871
0.819
0.767
0.206
0.000
0.422
0.115
0.282
0.278
0.163
0.282
0.171
0.103
0.089
0.155
0.171
0.219
0.089
0.171
0.155
0.179
0.292
0.309
0.219
0.089
0.206
0.305
0.206
0.309
0.258
0.258
0.247
0.103
0.186
0.253
0.179
0.253
0.136
0.103
0.146
0.155
0.103
0.258
0.273
0.247
0.314
0.155
0.273
0.163
0.089
0.126
0.089
0.231
0.219
0.268
0.253
0.146
0.000
0.273
0.171
0.334
0.193
0.231
0.287
0.225
0.155
0.155
0.136
0.000
0.000
0.000
0.089
0.000
0.000
0.136
0.000
0.000
0.146
0.000
0.000
0.000
0.000
0.126
0.000
0.089
0.000
0.000
0.000
0.000
0.000
0.000
0.000
0.000
0.000
0.000
0.000
0.052
0.171
0.103
0.000
0.000
0.052
0.103
0.000
0.000
0.000
0.000
0.000
0.000
0.000
0.073
0.000
0.000
0.000
0.000
0.052
0.000
0.000
0.000
0.000
0.000
0.000
0.052
0.089
0.000
0.089
0.000
0.146
0.000
0.000
0.000
0.000
0.206
0.231
0.163
0.242
0.115
0.357
0.179
0.361
0.292
0.171
0.126
0.000
0.000
0.103
0.193
0.000
0.146
0.146
0.000
0.103
0.052
0.000
0.000
0.000
0.126
0.115
0.000
0.000
0.000
0.000
0.000
0.000
0.000
0.052
0.115
0.089
0.115
0.000
0.219
0.354
0.225
0.247
0.236
0.219
0.206
0.253
0.513
0.438
0.516
0.686
0.749
0.765
0.707
0.716
0.738
0.632
0.751
0.744
0.692
0.595
0.832
0.621
0.309
0.389
0.538
0.179
0.572
0.416
0.103
0.608
0.447
0.470
0.357
0.640
0.599
0.419
0.644
0.684
0.470
0.242
0.516
0.664
0.760
0.733
0.772
0.792
0.886
0.709
0.650
0.731
0.727
0.770
0.536
0.623
0.729
0.612
0.338
0.588
0.838
0.658
0.500
0.572
0.518
0.558
0.595
0.577
0.531
0.705
0.840
0.887
0.895
0.698
0.760
0.836
0.827
0.570
0.523
0.617
0.682
0.735
0.843
0.770
0.441
0.375
0.399
0.606
0.543
0.492
0.393
0.425
0.354
0.526
0.314
0.287
0.399
0.523
0.314
0.516
0.409
0.505
0.438
0.516
0.393
0.296
0.497
0.804
0.716
0.588
0.787
0.992
0.684
0.604
0.621
0.296
0.749
0.716
0.791
0.799
0.812
0.441
0.634
0.796
0.478
0.608
0.833
0.804
0.724
0.740
0.846
0.740
0.727
0.608
0.625
0.696
0.760
0.884
0.701
0.632
0.608
0.718
0.668
0.815
0.817
0.731
0.500
0.636
0.698
0.716
0.636
0.802
0.852
0.586
0.508
0.455
0.403
0.541
0.296
0.186
0.503
0.652
0.646
0.500
0.500
0.354
0.570
0.492
0.735
0.350
0.570
0.588
0.441
0.503
0.413
0.309
0.484
0.541
0.951
1.022
0.548
0.555
0.707
0.696
0.599
0.674
0.802
0.760
0.701
0.548
0.841
0.705
0.543
0.724
0.455
0.640
0.711
0.841
0.822
0.857
0.828
0.887
0.658
0.678
0.705
0.715
0.797
0.799
0.551
0.756
0.767
0.660
0.521
0.670
0.526
0.546
0.489
0.428
0.574
0.292
0.518
0.368
0.497
0.422
0.475
0.438
0.478
0.314
0.644
0.531
0.630
0.612
0.595
0.523
0.357
0.570
0.326
0.263
0.389
0.282
0.372
0.282
0.296
0.350
0.296
0.441
0.500
0.467
0.382
0.648
0.372
0.171
0.179
0.193
0.136
0.115
0.213
0.268
0.225
0.258
0.475
0.368
0.419
0.467
0.342
0.450
1.076
0.553
0.623
0.887
0.610
0.305
0.696
0.801
0.505
0.543
0.484
0.263
0.636
0.301
0.247
0.338
0.409
0.642
0.492
0.678
0.516
0.403
0.470
0.357
0.292
0.231
0.200
0.309
0.495
0.186
0.163
0.155
0.273
0.186
0.305
0.305
0.314
0.372
0.560
0.231
0.103
0.590
0.396
0.814
0.558
0.563
0.489
0.322
0.379
0.536
0.428
0.403
0.322
0.409
0.253
0.136
0.213
0.258
0.247
0.453
0.263
0.287
0.301
0.365
0.296
0.301
0.179
0.393
0.193
0.258
0.357
0.263
0.623
0.593
0.666
0.322
0.416
0.419
0.242
0.247
0.219
0.163
0.155
0.231
0.206
0.296
0.338
0.406
0.146
0.342
0.296
0.425
0.621
0.475
0.292
0.444
0.820
0.644
0.508
0.634
0.952
1.008
0.511
0.560
0.742
0.817
0.780
0.765
0.791
0.604
0.481
0.538
0.453
0.518
0.361
0.642
0.666
0.548
0.676
0.581
0.441
0.638
0.543
0.555
0.389
0.495
0.273
0.478
0.630
0.619
1.033
0.660
0.951
0.508
0.543
0.820
0.751
0.701
0.146
0.000
0.000
0.263
0.565
0.572
0.703
0.786
0.768
0.700
0.740
0.751
0.819
0.690
0.756
0.686
0.765
0.713
0.386
0.200
0.326
0.455
0.447
0.590
0.422
0.572
0.579
0.817
0.905
0.668
0.342
0.287
0.531
0.505
0.682
0.711
0.779
0.883
0.824
0.593
0.558
0.711
0.700
0.523
0.597
0.555
0.409
0.450
0.450
0.396
0.318
0.475
0.450
0.503
0.296
0.354
0.342
0.475
0.570
0.365
0.322
0.287
0.206
0.372
0.305
0.322
0.301
0.301
0.305
0.379
0.396
0.236
0.253
0.263
0.292
0.314
0.231
0.193
0.052
0.242
0.948
0.531
0.447
0.625
0.627
0.558
0.636
0.563
0.231
0.538
0.450
0.330
0.282
0.282
0.301
0.155
0.379
0.528
0.379
0.379
0.464
0.648
0.481
0.546
0.577
0.701
0.586
0.560
0.346
0.242
0.253
0.292
0.273
0.342
0.464
0.638
0.863
0.470
0.718
0.713
0.419
0.350
0.896
0.686
0.586
0.718
0.765
0.709
0.843
0.593
0.563
0.518
0.662
0.650
0.516
0.615
0.528
0.553
0.627
0.518
0.646
0.497
0.450
0.403
0.473
0.247
0.406
0.425
0.621
0.690
0.505
0.478
0.523
0.450
0.386
0.247
0.396
0.558
0.828
0.999
0.644
0.543
0.619
0.720
0.688
0.835
0.792
0.722
0.796
0.802
0.533
0.652
0.553
0.617
0.413
0.606
0.742
0.536
0.638
0.738
0.577
0.413
0.586
0.484
0.597
0.450
0.548
0.386
0.662
0.555
0.588
0.796
0.934
0.869
0.838
0.881
0.984
0.890
0.871
0.923
0.830
0.720
0.779
0.796
0.869
0.819
0.784
0.792
0.963
0.538
0.686
0.709
0.709
0.553
0.309
0.382
0.305
0.495
0.484
0.413
0.630
0.617
0.636
0.431
0.473
0.538
0.455
0.447
0.393
0.475
0.450
0.368
0.548
0.416
0.375
0.409
0.416
0.389
0.346
0.528
0.386
0.516
0.636
0.305
0.966
0.874
0.608
0.428
0.733
0.680
0.753
0.674
0.806
0.758
0.884
0.640
0.756
0.579
0.354
0.231
0.318
0.282
0.314
0.425
0.403
1.029
0.935
0.464
0.497
0.640
0.464
0.511
0.487
0.546
0.707
0.606
0.615
0.761
0.749
0.832
0.807
0.812
0.832
0.804
0.801
0.777
0.570
0.551
0.640
0.786
0.652
0.670
0.612
1.020
0.895
0.623
0.516
0.597
0.346
0.656
0.660
0.563
0.528
0.413
0.253
0.213
0.253
0.231
0.263
0.322
0.193
0.073
0.115
0.126
0.000
0.000
0.000
0.073
0.089
0.000
0.000
0.126
0.000
0.000
0.052
0.136
0.073
0.000
0.000
0.089
0.000
0.000
0.073
0.103
0.103
0.000
0.000
0.000
0.000
0.000
0.000
0.000
0.219
0.253
0.219
0.213
0.219
0.213
0.253
0.422
0.531
0.354
0.511
0.368
0.447
0.365
0.954
0.711
0.817
0.593
0.709
0.630
0.700
0.599
0.648
0.458
0.546
0.555
0.966
0.481
0.428
0.543
0.731
0.705
0.563
0.601
0.399
0.206
0.278
0.334
0.365
0.146
0.361
0.513
0.604
0.521
0.541
0.546
0.652
0.608
0.406
0.368
0.513
0.413
0.489
0.701
0.738
0.711
0.724
0.654
0.634
0.802
0.869
0.901
0.893
0.796
0.703
0.668
0.593
0.843
0.791
0.705
0.740
0.570
0.236
0.213
0.444
0.560
0.541
0.541
0.458
0.531
0.536
0.438
0.368
0.375
0.521
0.551
0.413
0.487
0.538
0.481
0.213
0.416
0.541
0.455
0.523
0.461
0.974
0.974
0.393
0.382
0.470
0.619
0.470
0.630
0.606
0.715
0.513
0.464
0.179
0.253
0.342
0.487
0.523
0.379
0.225
0.242
0.155
0.505
0.523
0.309
0.595
0.644
0.538
0.475
0.652
0.435
0.296
0.475
0.450
0.518
0.473
0.231
0.273
0.253
0.242
0.346
0.309
0.309
0.338
0.263
0.136
0.467
0.296
0.425
0.444
0.495
0.500
0.403
0.365
0.389
0.516
0.511
0.386
0.623
0.724
0.761
0.700
0.737
0.772
0.962
0.640
0.475
0.461
0.574
0.612
0.636
0.273
0.403
0.342
0.541
0.447
0.551
0.703
0.572
0.747
0.680
0.672
0.666
0.464
0.716
0.727
0.973
0.941
0.342
0.511
0.551
0.492
0.403
0.292
0.213
0.396
0.610
0.560
0.375
0.247
0.219
0.282
0.314
0.453
0.326
0.309
0.577
0.694
0.453
1.047
0.705
0.422
0.612
0.711
0.590
0.546
0.664
0.746
0.849
0.807
0.761
0.735
0.775
0.799
0.694
0.753
0.701
0.652
0.595
0.541
0.500
0.453
0.558
0.513
0.703
0.780
0.896
0.820
0.820
0.760
0.715
0.615
0.718
0.595
0.763
0.847
0.570
0.593
0.791
0.551
0.516
0.419
0.523
0.538
0.495
0.634
0.538
0.528
0.447
0.533
0.258
0.278
0.305
0.484
0.406
0.416
0.464
0.484
0.431
0.314
0.422
0.301
0.338
0.428
0.406
0.396
0.590
0.382
0.422
0.425
0.287
0.268
0.350
0.513
0.365
0.282
0.438
0.346
0.346
0.193
0.357
0.253
0.368
0.282
0.292
0.268
0.403
0.425
0.282
0.533
0.258
0.481
0.258
0.193
0.393
0.318
0.375
0.206
0.342
0.314
0.354
0.503
0.644
0.688
0.636
0.670
0.907
0.610
0.654
0.518
0.508
0.627
0.676
0.523
0.406
0.379
0.330
0.146
0.225
0.278
0.225
0.089
0.322
0.296
0.206
0.193
0.361
0.278
0.301
0.287
0.330
0.273
1.008
0.794
0.511
0.595
0.632
0.579
0.718
0.698
0.503
0.505
0.563
0.450
0.688
0.579
0.546
0.487
0.409
0.588
0.305
0.193
0.403
0.458
0.508
0.413
0.416
0.368
0.497
0.558
0.555
0.646
0.656
0.464
0.492
0.473
0.583
0.513
0.711
0.577
0.231
0.453
0.444
0.684
0.541
0.513
0.365
0.581
0.548
0.526
0.492
0.219
0.361
0.531
0.528
0.590
0.458
0.555
0.455
0.666
0.852
0.827
0.684
0.765
0.860
0.513
0.590
0.593
0.497
0.625
0.481
0.599
0.419
0.231
0.453
0.688
0.658
0.630
0.365
0.346
0.326
0.301
0.225
0.193
0.546
0.495
0.588
0.536
0.533
0.464
0.558
0.455
0.617
0.737
0.666
0.666
0.814
0.832
0.738
0.832
0.593
0.658
0.662
0.447
0.389
0.531
0.634
0.583
0.563
0.731
0.692
0.686
0.553
0.574
0.796
0.835
0.923
0.632
0.688
0.713
0.705
0.872
0.824
0.676
0.548
0.705
0.386
0.425
0.553
0.475
0.567
0.727
0.597
0.511
0.475
0.435
0.521
0.422
0.242
0.546
0.413
0.441
0.318
0.231
0.309
0.409
0.538
0.636
0.481
0.406
0.521
0.484
0.375
0.354
0.413
0.508
0.511
0.528
0.422
0.258
0.225
0.403
0.464
0.375
0.287
0.305
0.789
0.672
0.907
0.558
0.565
0.672
0.700
0.368
0.533
0.662
0.406
0.416
0.682
0.686
0.690
0.806
0.763
0.899
0.899
0.833
0.794
0.558
0.574
0.625
0.330
0.447
0.455
0.330
0.523
0.625
0.481
0.680
0.796
0.646
0.636
0.543
0.393
0.357
0.765
0.796
0.455
0.146
0.346
0.447
0.242
0.389
0.263
0.282
0.179
0.375
0.393
0.171
0.242
0.619
0.484
0.296
0.236
0.225
0.115
0.258
0.318
0.146
0.242
0.200
0.073
0.126
0.089
0.052
0.089
0.000
0.126
0.000
0.000
0.136
0.453
0.632
0.604
0.801
0.722
0.682
0.711
0.579
0.627
0.586
0.458
0.511
0.666
0.560
0.495
0.413
0.528
0.500
0.428
0.330
0.409
0.342
0.473
0.478
0.531
0.503
0.200
0.213
0.206
0.000
0.253
0.253
0.455
0.268
0.368
0.638
0.787
0.396
0.538
0.258
0.354
0.508
0.495
0.664
0.623
0.610
0.751
0.670
0.705
0.729
0.553
0.690
0.815
0.832
0.729
0.804
0.804
0.858
0.733
0.713
0.634
0.662
0.733
0.705
0.694
0.703
0.722
0.817
0.799
0.832
0.586
0.505
0.546
0.740
0.828
0.729
0.601
0.617
0.497
0.253
0.263
0.242
0.292
0.368
0.346
0.458
0.242
0.301
0.247
0.219
0.318
0.309
0.326
0.206
0.171
0.115
0.155
0.163
0.136
0.213
0.136
0.089
0.052
0.155
0.052
0.171
0.258
0.000
0.000
0.000
0.000
0.000
0.000
0.000
0.089
0.000
0.171
0.136
0.136
0.000
0.000
0.000
0.000
0.000
0.000
0.000
0.000
0.000
0.000
0.000
0.000
0.052
0.000
0.073
0.000
0.000
0.052
0.000
0.000
0.000
0.089
0.000
0.000
0.000
0.000
0.000
0.000
0.000
0.000
0.000
0.052
0.000
0.000
0.000
0.000
0.231
0.263
0.193
0.000
0.213
0.326
0.406
0.481
0.495
0.461
0.475
0.528
0.296
0.342
0.563
0.473
0.382
0.473
0.441
0.475
0.326
0.382
0.413
0.548
0.179
0.441
0.694
0.638
0.581
0.586
0.500
0.314
0.225
0.322
0.242
0.236
0.386
0.206
0.330
0.393
0.636
0.581
0.379
0.225
0.247
0.268
0.368
0.447
0.555
0.458
0.200
0.052
0.136
0.389
0.236
0.193
0.236
0.326
0.253
0.126
0.136
0.242
0.354
0.438
0.548
0.318
0.146
0.253
0.247
0.253
0.263
0.354
0.458
1.058
0.523
1.066
0.543
0.668
0.674
0.640
0.724
0.905
0.656
0.458
0.444
0.593
0.342
0.546
0.625
0.389
0.526
0.219
0.487
0.508
0.668
0.678
0.692
0.756
0.804
0.775
0.768
0.822
0.670
0.765
0.857
0.692
0.372
0.484
0.804
0.763
0.579
0.644
0.802
0.623
0.375
0.533
0.372
0.396
1.013
0.772
0.895
0.399
0.453
0.375
0.292
0.435
0.314
0.447
0.372
0.342
0.357
0.470
0.431
0.399
0.231
0.574
0.538
0.625
0.715
0.413
0.690
0.737
0.749
0.789
0.868
0.601
0.844
0.726
0.627
0.701
0.749
0.761
0.811
0.660
0.737
0.780
0.523
0.644
0.724
0.794
0.765
0.656
0.740
0.817
0.749
0.761
0.733
0.804
0.777
0.508
0.621
0.664
0.656
0.715
0.500
0.350
0.342
0.296
0.595
0.595
0.670
0.844
0.840
0.782
0.601
0.674
0.546
0.441
0.453
0.406
0.481
0.419
0.322
0.461
0.447
0.342
0.334
0.473
0.382
0.403
0.548
