0.654
0.348
0.197
0.581
0.503
0.601
0.454
0.523
0.495
0.528
0.518
0.425
0.492
0.609
0.393
0.292
0.249
0.259
0.249
0.168
0.168
0.152
0.000
0.168
0.051
0.144
0.000
0.000
0.161
0.000
0.000
0.000
0.000
0.000
0.124
0.051
0.000
0.000
0.161
0.114
0.000
0.000
0.072
0.000
0.124
0.000
0.000
0.161
0.000
0.000
0.000
0.000
0.134
0.114
0.000
0.422
0.377
0.636
0.409
0.556
0.419
0.565
0.366
0.554
0.329
0.525
0.370
0.445
0.644
0.677
0.532
0.556
0.568
0.632
0.622
0.409
0.528
0.707
0.692
0.419
0.830
0.831
0.380
0.454
0.632
0.547
0.540
0.434
0.689
0.611
0.383
0.707
0.605
0.537
0.505
0.492
0.746
0.387
0.287
1.039
0.980
0.929
0.820
0.918
1.017
0.943
0.975
0.921
0.954
1.033
0.967
1.003
0.922
0.892
0.793
1.028
0.995
1.037
0.978
0.994
1.006
0.881
0.928
0.995
0.944
0.770
0.831
0.892
0.620
0.528
0.454
0.317
0.287
0.124
0.072
0.161
0.161
0.168
0.134
0.152
0.000
0.161
0.000
0.114
0.114
0.161
0.000
0.051
0.176
0.114
0.000
0.000
0.072
0.124
0.088
0.000
0.000
0.000
0.000
0.051
0.134
0.088
0.176
0.102
0.051
0.124
0.000
0.000
0.000
0.152
0.406
0.490
0.425
0.505
0.259
0.373
0.348
0.599
0.377
0.650
0.434
0.518
0.563
0.474
0.409
0.579
0.577
0.955
0.955
0.904
0.700
0.978
0.978
0.894
1.023
0.983
1.033
0.922
0.901
0.788
0.777
0.775
0.445
0.692
0.790
0.811
0.809
0.622
0.611
0.700
1.006
0.947
0.999
1.032
0.924
0.908
1.027
1.061
0.996
0.839
0.891
0.912
1.067
1.061
1.048
0.882
0.965
0.933
0.979
0.974
0.849
0.753
0.859
0.583
0.687
0.273
0.609
0.795
0.783
0.537
0.409
0.114
0.102
0.197
0.197
0.000
0.000
0.000
0.000
0.000
0.377
0.000
0.000
0.000
0.000
0.000
0.000
0.051
0.000
0.000
0.000
0.000
0.168
0.183
0.000
0.000
0.000
0.000
0.183
0.000
0.000
0.000
0.000
0.000
0.000
0.000
0.000
0.000
0.000
0.000
0.000
0.051
0.183
0.124
0.072
0.000
0.144
0.051
0.000
0.000
0.000
0.000
0.000
0.000
0.152
0.000
0.000
0.000
0.000
0.000
0.000
0.124
0.437
0.363
0.558
0.725
0.714
0.609
0.833
0.689
0.611
0.300
0.579
0.551
0.811
0.837
0.556
0.540
0.772
0.815
0.806
0.743
0.814
0.845
0.786
0.679
0.658
0.811
0.675
0.666
0.650
0.729
0.675
0.626
0.819
0.620
0.788
0.756
0.628
0.692
0.628
0.599
0.831
0.744
0.750
0.658
0.748
0.834
0.762
0.700
0.767
0.503
0.585
0.785
0.775
0.732
0.748
0.689
0.725
0.588
0.679
0.723
0.879
0.403
0.287
0.409
0.325
0.249
0.348
0.215
0.134
0.243
0.249
0.238
0.144
0.380
0.264
0.443
0.674
0.720
0.736
0.622
0.746
0.831
0.830
0.831
0.970
0.939
0.772
0.739
0.878
0.870
0.995
0.848
0.842
0.937
0.890
0.837
0.873
0.755
0.716
0.636
0.722
0.583
0.660
0.729
0.707
0.822
0.969
0.898
1.005
0.904
0.952
0.980
0.904
0.965
0.890
0.994
0.905
0.966
0.837
0.814
0.885
0.675
0.333
0.243
0.333
0.425
0.366
0.233
0.161
0.183
0.515
0.819
0.638
0.760
0.709
0.793
0.714
0.590
0.674
0.176
0.833
0.482
0.309
0.000
0.321
0.227
0.238
0.124
0.243
0.124
0.233
0.000
0.209
0.000
0.144
0.190
0.161
0.000
0.072
0.000
0.000
0.197
0.114
0.152
0.102
0.000
0.000
0.161
0.000
0.000
0.000
0.124
0.000
0.233
0.176
0.144
0.000
0.000
0.445
0.668
0.425
0.572
0.650
0.348
0.579
0.269
0.341
0.648
0.638
0.596
0.585
0.434
0.687
0.523
0.366
0.624
0.640
1.010
1.014
0.859
0.870
0.963
0.961
0.897
0.897
0.970
1.009
0.986
1.029
1.032
1.008
1.005
0.962
0.862
0.954
1.025
0.904
0.975
0.977
0.739
0.572
0.505
0.668
0.434
0.393
0.397
0.537
0.594
0.554
0.648
0.750
0.638
0.823
0.762
0.950
0.857
0.837
0.878
0.944
1.027
0.939
0.919
0.911
0.888
0.799
0.918
0.843
0.804
0.691
0.919
0.796
0.751
0.846
0.616
0.714
0.683
0.626
0.696
0.722
0.537
0.168
0.254
0.503
0.278
0.183
0.203
0.072
0.000
0.451
0.689
0.551
0.700
0.632
0.984
1.042
0.652
1.040
0.894
0.730
0.811
0.895
0.854
0.791
0.703
0.716
0.644
0.620
0.656
0.634
0.465
0.603
0.640
0.523
0.768
0.387
0.451
0.425
0.607
0.508
0.412
0.370
0.176
0.227
0.183
0.000
0.088
0.124
0.051
0.183
0.134
0.419
0.492
0.487
0.457
0.568
0.590
0.611
0.683
0.448
0.603
0.718
0.783
0.843
0.948
0.915
0.696
0.409
0.495
0.618
0.565
0.707
0.714
0.683
0.554
0.853
0.634
0.479
0.422
0.397
0.359
0.397
0.674
0.551
0.572
0.476
0.577
0.454
0.611
0.692
0.744
0.814
0.820
0.876
0.698
0.696
0.696
0.652
0.777
0.785
0.630
0.530
0.341
0.292
0.221
0.215
0.088
0.227
0.144
0.000
0.124
0.209
0.051
0.000
0.000
0.124
0.000
0.000
0.000
0.000
0.183
0.114
0.000
0.000
0.000
0.134
0.102
0.000
0.000
0.000
0.000
0.000
0.000
0.161
0.000
0.000
0.000
0.000
0.051
0.000
0.114
0.000
0.000
0.325
0.549
0.460
0.348
0.400
0.366
0.348
0.377
0.549
0.624
0.397
0.409
0.300
0.337
0.419
0.590
0.510
0.547
0.448
0.907
0.984
0.788
0.756
0.741
0.638
0.980
0.825
0.873
0.725
0.732
0.917
0.751
0.990
1.032
0.730
1.009
0.988
0.900
0.884
0.912
0.891
0.884
1.030
1.005
0.986
1.023
0.969
1.008
1.030
0.983
1.020
0.820
0.823
0.734
0.654
0.581
0.535
0.197
0.144
0.215
0.000
0.000
0.176
0.000
0.000
0.114
0.000
0.000
0.168
0.072
0.168
0.000
0.124
0.000
0.305
0.535
0.505
0.412
0.273
0.259
0.283
0.437
0.796
0.843
0.698
0.583
0.732
0.497
0.445
0.518
0.495
0.828
0.309
0.243
0.518
0.722
0.788
0.801
0.561
0.765
0.698
0.525
0.390
0.518
0.765
0.762
0.703
0.572
0.333
0.465
0.709
0.804
0.652
0.660
0.785
0.825
0.817
0.554
0.716
0.482
0.826
0.687
0.658
0.884
0.831
0.544
0.520
0.572
0.723
0.325
0.249
0.209
0.102
0.000
0.168
0.051
0.051
0.409
1.006
0.999
0.999
0.865
0.940
0.924
0.869
0.820
0.915
0.946
0.915
0.843
0.885
0.822
0.630
0.963
0.926
0.767
0.660
0.672
0.790
0.811
0.454
0.809
0.775
0.714
0.849
0.616
0.730
0.783
0.672
0.755
0.650
0.882
0.751
0.758
0.873
0.870
0.490
0.505
0.520
0.577
0.959
0.845
0.955
0.910
0.804
0.973
0.982
1.006
1.005
0.997
1.006
0.933
0.917
0.914
1.067
0.926
0.748
0.344
0.321
0.238
0.337
0.088
0.209
0.183
0.114
0.000
0.168
0.072
0.000
0.124
0.000
0.144
0.000
0.114
0.000
0.072
0.000
0.000
0.088
0.161
0.000
0.088
0.168
0.124
0.000
0.000
0.000
0.000
0.000
0.000
0.000
0.000
0.000
0.000
0.508
0.583
0.000
0.249
0.203
0.209
0.428
0.341
0.487
0.468
0.642
0.607
0.696
0.892
0.572
0.537
0.428
0.585
0.542
0.646
0.479
0.333
0.750
0.574
0.581
0.707
0.675
0.828
0.636
0.656
0.549
0.510
0.592
0.383
0.348
0.397
0.168
0.233
0.134
0.051
0.238
0.000
0.168
0.000
0.000
0.102
0.000
0.161
0.088
0.102
0.000
0.000
0.000
0.102
0.072
0.000
0.000
0.000
0.215
0.114
0.197
0.000
0.377
0.051
0.000
0.000
0.000
0.000
0.000
0.000
0.000
0.134
0.000
0.000
0.102
0.000
0.000
0.114
0.161
0.000
0.463
0.849
0.750
0.463
0.227
0.443
0.454
0.366
0.596
0.209
0.603
0.565
0.403
0.484
0.748
0.622
0.628
0.403
0.412
0.599
0.377
0.723
0.618
0.377
0.743
0.544
0.535
0.636
0.437
0.468
0.694
0.370
0.221
0.329
0.363
0.528
0.658
0.640
0.570
0.215
0.215
0.409
0.425
0.283
0.317
0.428
0.355
0.249
0.264
0.152
0.380
0.734
0.616
0.431
0.383
0.377
0.497
0.596
0.161
0.190
0.152
0.397
0.227
0.183
0.168
0.134
0.183
0.161
0.000
0.000
0.134
0.000
0.000
0.072
0.072
0.051
0.000
0.051
0.000
0.000
0.088
0.000
0.000
0.000
0.000
0.102
0.000
0.000
0.000
0.000
0.000
0.000
0.000
0.000
0.000
0.000
0.000
0.000
0.072
0.000
0.000
0.000
0.451
0.448
0.734
0.363
0.520
0.743
0.508
0.437
0.777
0.741
0.588
0.574
0.654
0.397
0.243
0.292
0.422
0.309
0.283
0.321
0.233
0.209
0.283
0.383
0.300
0.183
0.325
0.561
0.317
0.305
0.563
0.296
0.287
0.227
0.309
0.124
0.221
0.325
0.209
0.321
0.397
0.333
0.393
0.556
0.273
0.243
0.341
0.249
0.161
0.380
0.161
0.793
0.662
0.490
0.412
0.431
0.341
0.190
0.238
0.412
0.273
0.352
0.259
0.321
0.400
0.300
0.325
0.221
0.254
0.215
0.114
0.254
0.000
0.000
0.000
0.114
0.072
0.124
0.000
0.000
0.051
0.000
0.000
0.000
0.000
0.000
0.000
0.051
0.000
0.000
0.000
0.102
0.124
0.000
0.000
0.176
0.000
0.000
0.000
0.000
0.000
0.000
0.000
0.000
0.000
0.000
0.072
0.176
0.102
0.400
0.373
0.596
0.197
0.161
0.000
0.254
0.278
0.203
0.419
0.383
0.751
0.474
0.624
0.300
0.594
0.753
0.744
0.709
0.609
0.500
0.487
0.596
0.739
0.373
0.305
0.801
0.337
0.325
0.348
0.451
0.359
0.594
0.471
0.329
0.393
0.325
0.544
0.209
0.518
0.484
0.476
0.503
0.535
0.751
0.596
0.383
0.484
0.233
0.254
0.292
0.305
0.329
0.542
0.305
0.273
0.325
0.687
0.565
0.227
0.227
0.300
0.544
0.380
0.305
0.479
0.348
0.329
0.114
0.329
0.370
0.440
0.221
0.209
0.144
0.000
0.209
0.124
0.000
0.102
0.000
0.134
0.000
0.000
0.051
0.000
0.000
0.000
0.000
0.000
0.000
0.088
0.000
0.000
0.000
0.000
0.000
0.000
0.102
0.000
0.209
0.134
0.000
0.000
0.000
0.124
0.000
0.000
0.114
0.000
0.000
0.000
0.114
0.000
0.134
0.051
0.000
0.000
0.190
0.233
0.072
0.000
0.000
0.000
0.000
0.088
0.000
0.072
0.000
0.238
0.000
0.000
0.000
0.000
0.000
0.000
0.000
0.000
0.051
0.000
0.072
0.051
0.000
0.000
0.249
0.348
0.393
0.359
0.523
0.393
0.190
0.393
0.419
0.233
0.321
0.329
0.497
0.397
0.691
0.419
0.403
0.383
0.400
0.773
0.366
0.287
0.317
0.283
0.380
0.209
0.508
0.720
0.416
0.416
0.508
0.579
0.490
0.642
0.387
0.363
0.537
0.592
0.463
0.355
0.333
0.278
0.685
0.422
0.479
0.300
0.283
0.144
0.383
0.296
0.683
0.448
0.309
0.443
0.412
0.743
0.729
0.344
0.373
0.422
0.383
0.448
0.547
0.528
0.590
0.425
0.551
0.503
0.451
0.409
0.518
0.734
0.465
0.454
0.283
0.337
0.238
0.238
0.352
0.254
0.183
0.072
0.333
0.259
0.238
0.227
0.249
0.114
0.051
0.000
0.168
0.000
0.000
0.088
0.051
0.000
0.000
0.161
0.152
0.197
0.622
0.457
0.460
0.431
0.337
0.283
0.264
0.437
0.373
0.393
0.412
0.515
0.482
0.352
0.377
0.465
0.500
0.445
0.460
0.431
0.630
0.652
0.561
0.648
0.694
0.484
0.215
0.556
0.630
0.644
0.530
0.508
0.463
0.422
0.518
0.626
0.679
0.660
0.549
0.683
0.705
0.594
0.383
0.622
0.720
0.630
0.510
0.510
0.782
0.716
0.760
0.594
0.786
0.770
0.778
0.658
0.292
0.325
0.482
0.734
0.579
0.495
0.425
0.454
0.592
0.549
0.425
0.313
0.431
0.520
0.419
0.419
0.642
0.503
0.309
0.409
0.607
0.497
0.579
0.341
0.490
0.390
0.393
0.928
1.034
1.004
0.863
0.971
0.912
0.931
1.006
1.004
0.986
1.013
0.977
0.658
0.882
0.881
0.616
0.460
0.679
0.622
0.497
0.341
0.363
0.300
0.197
0.134
0.176
0.168
0.233
0.088
0.168
0.233
0.390
0.161
0.259
0.283
0.278
0.344
0.254
0.616
0.596
0.662
0.648
0.652
0.547
0.596
0.772
0.603
0.337
0.422
0.603
0.556
0.727
0.756
0.819
0.992
0.890
0.815
0.830
0.966
0.879
0.831
0.836
1.015
0.977
1.091
0.990
1.015
1.050
1.009
0.926
0.947
0.999
1.012
0.897
0.911
0.905
0.959
0.806
0.859
0.919
0.898
0.866
0.806
0.445
0.329
0.243
0.203
0.650
0.660
0.751
0.983
0.709
0.878
0.940
0.881
0.962
0.744
0.914
0.888
0.798
0.885
1.003
0.836
0.652
0.674
0.760
0.873
0.648
0.542
0.585
0.801
0.801
0.727
0.884
0.380
0.535
0.636
0.820
0.783
0.914
0.741
0.851
0.881
0.917
0.837
0.793
0.767
0.554
0.919
0.763
0.828
0.875
0.815
0.812
0.817
0.510
0.457
0.551
0.581
0.561
0.590
0.505
0.590
0.572
0.756
0.620
0.785
0.707
0.574
0.601
0.460
0.471
0.765
0.352
0.352
0.269
0.215
0.161
0.448
0.558
0.707
0.768
0.530
0.683
0.853
0.440
0.565
0.630
0.668
0.632
0.840
0.895
0.856
0.675
0.337
0.518
0.926
0.978
0.914
0.811
0.756
0.845
0.851
0.640
0.551
0.746
0.730
0.780
0.540
0.727
0.675
0.632
0.482
0.445
0.440
0.221
0.363
0.366
0.254
0.209
0.921
0.954
0.817
0.720
0.936
0.935
1.000
0.951
0.869
0.854
0.947
0.865
1.000
1.027
1.004
1.009
1.025
0.944
0.979
0.873
0.940
0.979
0.760
0.875
0.390
0.406
0.474
0.468
0.445
0.287
0.238
0.183
0.183
0.000
0.051
0.144
0.134
0.209
0.000
0.102
0.278
0.337
0.254
0.088
0.197
0.000
0.152
0.221
0.000
0.190
0.072
0.000
0.134
0.161
0.152
0.000
0.088
0.102
0.102
0.000
0.000
0.102
0.000
0.144
0.000
0.152
0.000
0.000
0.114
0.000
0.000
0.000
0.000
0.051
0.072
0.000
0.000
0.088
0.000
0.134
0.161
0.072
0.000
0.051
0.000
0.124
0.000
0.176
0.000
0.000
0.051
0.000
0.152
0.000
0.000
0.161
0.000
0.051
0.072
0.296
0.416
0.403
0.554
0.577
0.532
0.500
0.377
0.497
0.563
0.554
0.547
0.979
0.898
0.902
0.961
0.961
0.933
0.959
0.925
0.970
0.891
0.963
0.891
0.795
0.537
0.510
0.632
0.854
0.785
0.668
0.859
0.869
0.497
0.672
0.674
0.668
0.616
0.492
0.607
0.590
0.720
0.718
0.881
1.006
0.940
0.971
1.038
0.924
0.988
0.924
0.946
0.935
0.870
0.884
0.990
0.974
1.000
1.010
0.967
1.009
0.977
0.898
0.951
0.768
0.984
0.898
0.846
0.862
0.980
0.853
0.873
0.783
0.692
0.898
0.540
0.530
0.780
0.542
0.542
0.377
0.763
0.508
0.668
0.736
0.636
0.727
0.570
0.492
0.233
0.296
0.124
0.243
0.243
0.355
0.273
0.287
0.134
0.238
0.000
0.072
0.176
0.000
0.000
0.000
0.197
0.000
0.000
0.000
0.000
0.144
0.000
0.102
0.000
0.000
0.000
0.000
0.000
0.000
0.000
0.102
0.114
0.445
0.644
0.811
0.837
0.793
0.834
0.842
0.939
0.793
0.862
0.862
0.814
0.727
0.782
0.785
0.513
0.549
0.624
0.616
0.737
0.547
0.675
0.677
0.756
0.908
0.826
0.849
0.872
0.846
0.840
0.879
0.778
0.718
0.370
0.476
0.428
0.644
0.547
0.380
0.596
0.618
0.497
0.904
0.891
0.348
0.577
0.532
0.644
0.720
0.668
0.801
0.611
0.243
0.544
0.636
0.714
0.537
0.515
0.618
0.474
0.603
0.528
0.363
0.254
0.134
0.000
0.209
0.190
0.183
0.176
0.000
0.000
0.837
0.812
0.209
0.341
0.422
0.454
0.520
0.403
0.773
0.626
0.406
0.611
0.540
0.544
0.762
0.656
0.243
0.437
0.648
0.622
0.942
0.753
0.854
0.954
0.910
0.922
0.819
0.814
0.685
0.854
0.782
0.503
0.238
0.209
0.144
0.215
0.518
0.448
0.716
0.683
0.654
0.694
0.727
0.568
0.400
0.238
0.588
0.264
0.344
0.152
0.190
0.000
0.072
0.000
0.190
0.102
0.000
0.000
0.000
0.088
0.088
0.000
0.000
0.000
0.161
0.051
0.000
0.000
0.000
0.000
0.000
0.000
0.088
0.000
0.051
0.124
0.344
0.000
0.000
0.000
0.000
0.000
0.000
0.183
0.190
0.000
0.000
0.530
0.640
0.585
0.646
0.599
0.796
0.703
0.687
0.700
0.337
0.183
0.249
0.544
0.309
0.215
0.278
0.249
0.406
0.780
0.685
0.278
0.648
0.215
0.341
0.359
0.273
0.666
0.428
0.370
0.644
0.409
0.648
0.412
0.238
0.168
0.670
0.520
0.820
0.756
0.233
0.390
0.431
0.741
0.296
0.670
0.344
0.309
0.520
0.860
0.823
0.596
0.249
0.300
0.484
0.492
0.646
0.283
0.321
0.321
0.124
0.264
0.209
0.000
0.000
0.124
0.051
0.221
0.000
0.144
0.000
0.215
0.134
0.102
0.134
0.051
0.000
0.051
0.197
0.000
0.000
0.000
0.000
0.000
0.000
0.000
0.000
0.000
0.000
0.000
0.000
0.000
0.000
0.000
0.000
0.000
0.000
0.203
0.495
0.370
0.607
0.373
0.300
0.317
0.443
0.648
0.490
0.283
0.259
0.300
0.254
0.152
0.468
0.373
0.492
0.428
0.406
0.233
0.243
0.203
0.203
0.269
0.471
0.513
0.437
0.428
0.581
0.528
0.317
0.190
0.370
0.440
0.390
0.278
0.190
0.238
0.341
0.355
0.513
0.373
0.088
0.419
0.325
0.650
0.366
0.542
0.400
0.703
0.406
0.283
0.300
0.152
0.422
0.377
0.264
0.406
0.624
0.558
0.445
0.574
0.296
0.380
0.451
0.518
0.337
0.428
0.613
0.359
0.583
0.445
0.321
0.474
0.124
0.321
0.309
0.309
0.296
0.161
0.287
0.383
0.471
0.292
0.161
0.114
0.114
0.183
0.221
0.088
0.000
0.102
0.190
0.000
0.300
0.474
0.254
0.264
0.448
0.588
0.425
0.259
0.476
0.434
0.373
0.161
0.333
0.352
0.264
0.300
0.363
0.317
0.443
0.642
0.428
0.513
0.292
0.341
0.448
0.390
0.454
0.479
0.638
0.837
0.422
0.568
0.300
0.443
0.703
0.599
0.451
0.654
0.601
0.558
0.344
0.451
0.305
0.390
0.532
0.476
0.556
0.523
0.603
0.428
0.640
0.515
0.348
0.370
0.337
0.287
0.352
0.484
0.672
0.570
0.419
0.474
0.476
0.513
0.687
0.685
0.530
0.609
0.609
0.425
0.283
0.596
0.551
0.734
0.689
0.616
0.532
0.670
0.727
0.520
0.572
0.451
0.765
0.537
0.487
0.406
0.465
0.532
0.551
0.370
0.465
0.373
0.168
0.292
0.269
0.249
0.152
0.215
0.197
0.190
0.072
0.051
0.051
0.000
0.072
0.000
0.000
0.183
0.000
0.000
0.000
0.134
0.000
0.000
0.000
0.000
0.000
0.000
0.000
0.000
0.000
0.000
0.000
0.000
0.072
0.000
0.000
0.051
0.000
0.000
0.000
0.176
0.072
0.051
0.000
0.000
0.134
0.000
0.000
0.197
0.000
0.273
0.000
0.197
0.183
0.000
0.000
0.000
0.000
0.114
0.209
0.000
0.380
0.503
0.296
0.249
0.513
0.403
0.333
0.317
0.278
0.540
0.468
0.341
0.278
0.487
0.363
0.370
0.287
0.337
0.221
0.278
0.273
0.554
0.624
0.313
0.344
0.474
0.313
0.592
0.675
0.305
0.397
0.508
0.599
0.711
0.592
0.528
0.563
0.269
0.508
0.532
0.530
0.416
0.428
0.577
0.476
0.352
0.443
0.691
0.579
0.607
0.700
0.535
0.563
0.739
0.618
0.412
0.551
0.468
0.383
0.448
0.406
0.970
0.817
0.935
1.019
0.954
0.988
0.944
0.882
0.962
0.915
0.744
0.746
0.780
0.525
0.359
0.495
0.445
0.249
0.168
0.363
0.765
0.736
0.497
0.510
0.616
0.632
0.652
0.611
0.599
0.505
0.616
0.654
0.714
0.725
0.630
0.654
0.990
1.024
0.914
0.955
1.008
0.959
1.003
0.994
1.009
1.042
1.004
1.015
1.020
0.791
0.869
0.780
0.801
0.820
0.390
0.694
0.736
0.918
0.967
0.618
0.283
0.296
0.227
0.209
0.264
0.190
0.183
0.278
0.287
0.124
0.422
0.556
0.748
0.692
0.264
0.114
0.233
0.183
0.168
0.000
0.203
0.269
0.203
0.264
0.176
0.341
0.000
0.000
0.000
0.000
0.000
0.000
0.124
0.215
0.000
0.000
0.000
0.243
0.176
0.114
0.088
0.134
0.370
0.197
0.088
0.183
0.000
0.102
0.124
0.161
0.134
0.000
0.134
0.000
0.152
0.209
0.000
0.144
0.000
0.000
0.161
0.000
0.183
0.102
0.000
0.000
0.161
0.161
0.000
0.176
0.000
0.000
0.176
0.102
0.000
0.114
0.000
0.000
0.152
0.313
0.000
0.134
0.176
0.000
0.000
0.254
0.000
0.000
0.000
0.000
0.114
0.134
0.102
0.072
0.000
0.000
0.176
0.144
0.000
0.000
0.051
0.000
0.000
0.134
0.000
0.000
0.000
0.000
0.000
0.000
0.144
0.168
0.000
0.161
0.000
0.000
0.088
0.144
0.000
0.000
0.000
0.134
0.134
0.161
0.203
0.000
0.168
0.000
0.000
0.000
0.144
0.000
0.000
0.000
0.051
0.102
0.000
0.072
0.152
0.000
0.000
0.144
0.124
0.000
0.000
0.000
0.000
0.000
0.000
0.000
0.348
0.243
0.221
0.134
0.152
0.000
0.000
0.000
0.000
0.000
0.124
0.000
0.000
0.000
0.000
0.000
0.000
0.000
0.168
0.000
0.168
0.000
0.000
0.000
0.114
0.114
0.000
0.144
0.000
0.000
0.000
0.000
0.114
0.000
0.000
0.000
0.000
0.152
0.000
0.000
0.000
0.000
0.183
0.000
0.000
0.000
0.000
0.000
0.051
0.190
0.114
0.000
0.088
0.203
0.000
0.114
0.161
0.209
0.190
0.000
0.000
0.000
0.000
0.144
0.000
0.152
0.134
0.144
0.000
0.000
0.000
0.000
0.000
0.152
0.000
0.000
0.000
0.152
0.161
0.134
0.000
0.000
0.000
0.000
0.000
0.000
0.124
0.072
0.000
0.000
0.000
0.000
0.000
0.000
0.114
0.000
0.000
0.000
0.000
0.000
0.000
0.000
0.487
0.646
0.636
0.640
0.780
0.826
0.907
0.910
0.900
0.888
0.929
0.951
0.932
0.929
0.925
0.836
0.845
0.825
0.820
0.839
0.679
0.660
0.790
0.668
0.611
0.490
0.492
0.476
0.403
0.628
0.694
0.547
0.785
0.583
0.425
0.463
0.490
0.495
0.532
0.366
0.448
0.479
0.532
0.445
0.355
0.344
0.799
0.624
0.495
0.416
0.917
0.765
0.540
0.763
0.814
0.583
0.722
0.825
0.884
0.691
0.879
0.713
0.822
0.687
0.551
0.530
0.508
0.393
0.500
0.221
0.691
0.451
0.515
0.730
0.448
0.532
0.443
0.561
0.051
0.254
0.309
0.152
0.168
0.203
0.134
0.144
0.238
0.152
0.161
0.412
0.440
0.287
0.168
0.144
0.227
0.190
0.176
0.190
0.161
0.000
0.209
0.088
0.000
0.072
0.000
0.000
0.197
0.000
0.000
0.190
0.134
0.000
0.000
0.176
0.000
0.088
0.000
0.072
0.051
0.443
0.484
0.333
0.313
0.366
0.542
0.758
0.622
0.445
0.727
0.594
0.422
0.753
0.403
0.694
0.603
0.809
0.660
0.518
0.523
0.700
0.660
0.666
0.857
0.826
0.563
1.013
0.851
0.882
0.891
0.853
0.428
0.736
0.422
0.808
0.770
0.652
0.772
0.624
0.513
0.727
0.702
0.677
0.616
0.656
0.729
0.630
0.471
0.660
0.755
0.763
0.640
0.767
0.691
0.808
0.849
0.532
0.638
0.799
0.561
0.594
0.777
0.718
0.359
0.492
0.646
0.572
0.636
0.397
0.373
0.525
0.535
0.656
0.773
0.454
0.579
0.554
0.991
0.901
0.881
0.904
0.995
0.854
0.973
0.986
0.986
0.987
1.033
1.064
0.979
0.898
0.921
0.734
0.530
0.907
0.859
0.734
0.845
0.907
0.783
0.767
0.628
0.727
0.778
0.869
0.762
0.313
0.928
0.825
0.254
0.238
0.000
0.000
0.273
0.124
0.134
0.072
0.000
0.124
0.000
0.000
0.000
0.000
0.144
0.000
0.000
0.000
0.176
0.088
0.000
0.000
0.000
0.000
0.000
0.102
0.000
0.051
0.114
0.000
0.000
0.088
0.051
0.000
0.000
0.000
0.000
0.000
0.000
0.000
0.000
0.051
0.000
0.114
0.102
0.348
0.283
0.144
0.051
0.000
0.000
0.176
0.000
0.000
0.000
0.000
0.530
0.716
0.585
0.607
0.762
0.344
0.551
0.743
0.574
0.540
0.662
0.510
0.622
0.592
0.565
0.243
0.440
0.727
0.510
0.233
0.124
0.542
0.273
0.183
0.278
0.400
0.463
0.443
0.692
0.547
0.269
0.387
0.317
0.313
0.088
0.283
0.283
0.152
0.249
0.183
0.176
0.221
0.831
0.756
0.482
0.227
0.243
0.337
0.551
0.793
0.454
0.601
0.725
0.683
0.505
0.309
0.134
0.102
0.273
0.183
0.203
0.161
0.124
0.161
0.102
0.000
0.000
0.000
0.000
0.000
0.183
0.397
0.406
0.849
0.479
0.451
0.460
0.636
0.497
0.523
0.700
0.634
0.652
0.660
0.638
0.720
0.646
0.705
0.482
0.197
0.479
0.508
0.352
0.495
0.603
0.476
0.646
0.583
0.630
0.510
0.463
0.445
0.329
0.440
0.503
0.565
0.694
0.537
0.500
0.419
0.520
0.508
0.677
0.814
0.734
0.718
0.677
0.387
0.437
0.254
0.264
0.176
0.363
0.273
0.313
0.337
0.508
0.648
0.616
0.463
0.793
0.333
0.476
0.460
0.321
0.457
0.264
0.377
0.313
0.254
0.753
0.542
0.535
0.409
0.366
1.010
0.866
0.969
0.995
0.995
0.918
0.904
1.022
0.951
0.922
1.053
1.039
0.879
1.009
0.966
1.054
1.008
0.987
0.727
0.551
0.518
0.495
0.520
0.681
0.632
0.624
0.652
0.547
0.674
0.664
0.707
0.741
0.656
0.624
0.725
0.937
0.888
0.892
0.921
0.940
0.753
0.921
0.495
0.428
0.711
0.640
0.525
0.626
0.613
0.798
0.716
0.892
0.777
0.646
0.670
0.703
0.537
0.325
0.341
0.565
0.431
0.513
0.542
0.662
0.440
0.775
0.583
0.510
0.734
0.703
0.753
0.662
0.709
0.679
0.431
0.460
0.479
0.176
0.221
0.215
0.152
0.000
0.000
0.000
0.144
0.000
0.000
0.000
0.102
0.000
0.000
0.000
0.000
0.000
0.387
0.000
0.443
0.980
0.770
0.839
0.895
0.936
0.692
0.725
0.932
0.505
0.782
0.795
0.674
0.620
0.471
0.628
0.585
0.520
0.590
0.692
0.656
0.437
0.474
0.190
0.393
0.660
0.683
0.687
0.681
0.660
0.618
0.702
0.577
0.833
0.622
0.842
0.812
0.556
0.574
0.660
0.525
0.540
0.616
0.465
0.465
0.718
1.043
0.885
1.027
0.775
0.713
0.898
0.900
0.727
1.058
0.833
1.048
0.955
1.001
1.082
1.043
0.933
0.987
0.942
0.897
0.870
0.720
0.670
0.722
0.819
0.898
0.811
0.419
0.243
0.551
0.831
0.831
0.849
0.568
0.574
0.646
0.720
0.540
0.183
0.152
0.114
0.249
0.259
0.124
0.000
0.124
0.000
0.072
0.215
0.000
0.088
0.000
0.000
0.000
0.000
0.102
0.000
0.000
0.000
0.000
0.000
0.000
0.000
0.000
0.088
0.144
0.000
0.000
0.000
0.000
0.161
0.144
0.000
0.000
0.000
0.000
0.000
0.000
0.309
0.000
0.000
0.102
0.500
0.460
0.839
0.588
0.696
0.387
0.875
0.760
0.366
0.624
0.677
0.775
0.558
0.857
0.790
0.176
0.366
0.465
0.605
0.445
0.412
0.652
0.685
0.451
0.377
0.454
0.535
0.689
0.675
0.383
0.729
0.822
0.630
0.596
0.603
0.741
0.758
0.556
0.772
0.508
0.341
0.341
0.355
0.344
0.243
0.278
0.183
0.409
0.476
0.636
0.839
0.746
0.535
0.743
0.839
0.482
0.574
0.471
0.668
0.638
0.565
0.161
0.269
0.278
0.233
0.215
0.259
0.051
0.183
0.051
0.114
0.209
0.088
0.000
0.000
0.000
0.072
0.000
0.051
0.000
0.000
0.000
0.000
0.000
0.051
0.176
0.000
0.000
0.000
0.000
0.000
0.000
0.000
0.152
0.144
0.000
0.000
0.000
0.102
0.264
0.383
0.515
0.572
0.583
0.479
0.366
0.377
0.785
0.443
0.565
0.490
0.793
0.611
0.400
0.287
0.329
0.419
0.321
0.523
0.845
0.590
0.616
0.579
0.666
0.782
0.658
0.428
0.703
0.590
0.955
0.713
0.730
0.892
0.963
0.705
0.476
0.741
0.581
0.574
0.783
0.801
0.305
0.714
0.865
0.928
0.648
0.468
0.765
0.732
0.495
0.648
0.474
0.670
0.681
0.479
0.814
0.828
0.778
0.675
0.780
0.696
0.736
0.725
0.803
0.505
0.741
0.775
0.616
0.679
0.520
0.355
0.287
0.254
0.215
0.215
0.134
0.134
0.161
0.215
0.088
0.000
0.412
0.317
0.554
0.460
0.634
0.451
0.955
0.997
0.931
0.879
0.702
0.872
0.901
0.895
0.894
0.926
0.907
0.836
0.795
0.911
0.681
0.812
0.698
0.605
0.468
0.743
0.732
0.768
0.778
0.613
0.727
0.727
0.650
0.530
0.691
0.662
0.632
0.718
0.679
0.474
0.542
0.497
0.620
0.773
0.515
0.508
0.554
0.590
0.700
0.691
0.646
0.422
0.397
0.500
0.505
0.390
0.630
0.419
0.400
0.713
0.795
0.581
0.674
0.632
0.510
0.683
0.532
0.387
0.660
0.465
0.500
0.428
0.969
0.709
0.799
0.904
0.919
0.859
0.952
0.873
0.895
1.039
0.999
0.902
0.978
1.035
0.987
0.868
0.977
0.931
0.980
0.772
0.664
0.556
0.744
0.482
0.487
0.809
0.674
0.763
0.468
0.243
0.233
0.221
0.000
0.144
0.124
0.144
0.000
0.000
0.000
0.102
0.000
0.000
0.221
0.000
0.000
0.197
0.000
0.000
0.124
0.072
0.000
0.072
0.144
0.134
0.051
0.000
0.000
0.190
0.000
0.000
0.000
0.051
0.102
0.000
0.000
0.152
0.000
0.000
0.000
0.114
0.000
0.000
0.000
0.000
0.000
0.000
0.525
0.568
0.694
0.681
0.730
0.806
0.718
0.570
0.675
0.707
0.620
0.720
0.705
0.679
0.515
0.605
0.528
0.777
0.666
0.725
0.515
0.471
0.703
0.806
0.777
0.348
0.809
0.798
0.878
0.743
0.863
0.904
0.948
0.887
0.996
0.947
0.979
0.984
1.013
1.029
0.977
1.017
0.987
0.943
0.870
0.854
0.751
0.664
0.812
0.753
0.853
0.884
0.870
0.982
0.997
0.978
0.924
0.854
0.831
0.863
0.570
0.648
0.393
0.161
0.572
0.558
0.422
0.465
0.537
0.383
0.309
0.238
0.283
0.000
0.278
0.203
0.440
0.479
0.434
0.227
0.088
0.072
0.102
0.144
0.152
0.152
0.000
0.203
0.000
0.000
0.114
0.000
0.000
0.000
0.000
0.000
0.000
0.000
0.183
0.471
0.416
0.176
0.215
0.124
0.209
0.000
0.000
0.134
0.000
0.000
0.497
0.696
0.804
0.558
0.636
0.700
0.707
0.579
0.599
0.537
0.321
0.370
0.088
0.161
0.183
0.227
0.000
0.152
0.000
0.000
0.000
0.000
0.000
0.124
0.051
0.000
0.000
0.000
0.000
0.000
0.000
0.000
0.000
0.000
0.000
0.051
0.124
0.124
0.000
0.209
0.359
0.366
0.233
0.233
0.072
0.124
0.209
0.287
0.333
0.249
0.000
0.000
0.000
0.102
0.088
0.269
0.422
0.445
0.254
0.152
0.259
0.355
0.183
0.168
0.051
0.134
0.124
0.124
0.215
0.221
0.243
0.352
0.227
0.397
0.359
0.292
0.183
0.072
0.227
0.161
0.203
0.325
0.221
0.000
0.215
0.403
0.329
0.254
0.215
0.190
0.161
0.221
0.144
0.341
0.380
0.313
0.176
0.254
0.000
0.152
0.000
0.051
0.176
0.144
0.000
0.209
0.383
0.390
0.259
0.000
0.114
0.152
0.000
0.144
0.124
0.176
0.088
0.209
0.254
0.134
0.000
0.144
0.134
0.051
0.088
0.161
0.287
0.540
0.292
0.341
0.144
0.072
0.051
0.124
0.000
0.000
0.134
0.000
0.072
0.000
0.283
0.366
0.203
0.197
0.203
0.072
0.124
0.209
0.134
0.535
0.309
0.278
0.445
0.176
0.168
0.292
0.264
0.380
0.341
0.273
0.134
0.114
0.000
0.134
0.000
0.088
0.114
0.088
0.000
0.124
0.000
0.051
0.000
0.000
0.000
0.000
0.000
0.072
0.203
0.317
0.215
0.190
0.292
0.000
0.000
0.190
0.616
0.495
0.355
0.249
0.366
0.403
0.278
0.300
0.221
0.403
0.264
0.144
0.000
0.134
0.190
0.300
0.134
0.124
0.176
0.000
0.102
0.102
0.000
0.000
0.341
0.292
0.254
0.209
0.072
0.183
0.000
0.000
0.161
0.000
0.176
0.152
0.000
0.051
0.051
0.000
0.190
0.144
0.000
0.000
0.000
0.000
0.000
0.000
0.000
0.000
0.000
0.124
0.088
0.000
0.000
0.000
0.072
0.000
0.000
0.088
0.000
0.051
0.134
0.000
0.000
0.000
0.000
0.000
0.102
0.000
0.000
0.072
0.000
0.000
0.000
0.000
0.000
0.000
0.051
0.000
0.000
0.134
0.000
0.000
0.168
0.000
0.000
0.000
0.072
0.000
0.000
0.124
0.000
0.000
0.000
0.000
0.000
0.000
0.134
0.000
0.000
0.000
0.072
0.000
0.134
0.000
0.000
0.088
0.134
0.000
0.000
0.000
0.000
0.000
0.000
0.134
0.000
0.000
0.000
0.000
0.102
0.309
0.000
0.088
0.000
0.000
0.000
0.000
0.000
0.000
0.000
0.000
0.000
0.000
0.000
0.000
0.000
0.000
0.000
0.000
0.000
0.000
0.000
0.000
0.161
0.572
0.300
0.221
0.273
0.215
0.102
0.124
0.161
0.183
0.152
0.390
0.344
0.190
0.088
0.190
0.102
0.124
0.124
0.000
0.000
0.000
0.088
0.051
0.000
0.168
0.000
0.144
0.000
0.000
0.088
0.152
0.051
0.176
0.000
0.197
0.168
0.124
0.000
0.072
0.197
0.000
0.000
0.134
0.000
0.000
0.000
0.000
0.000
0.124
0.000
0.000
0.152
0.000
0.000
0.000
0.000
0.000
0.000
0.000
0.000
0.000
0.000
0.000
0.000
0.102
0.000
0.000
0.000
0.000
0.072
0.000
0.000
0.000
0.088
0.000
0.088
0.102
0.000
0.000
0.000
0.000
0.000
0.000
0.000
0.134
0.000
0.000
0.000
0.000
0.000
0.000
0.000
0.000
0.000
0.000
0.000
0.000
0.000
0.000
0.114
0.000
0.344
0.088
0.072
0.102
0.000
0.000
0.000
0.000
0.124
0.000
0.000
0.051
0.000
0.000
0.072
0.000
0.000
0.088
0.051
0.000
0.000
0.072
0.000
0.000
0.000
0.051
0.000
0.000
0.000
0.000
0.000
0.000
0.000
0.000
0.000
0.000
0.000
0.000
0.000
0.102
0.000
0.000
0.114
0.000
0.072
0.088
0.000
0.000
0.000
0.000
0.000
0.124
0.000
0.000
0.000
0.000
0.000
0.000
0.000
0.000
0.000
0.088
0.000
0.124
0.000
0.000
0.051
0.000
0.000
0.000
0.000
0.000
0.000
0.000
0.000
0.102
0.000
0.000
0.072
0.000
0.000
0.000
0.114
0.000
0.000
0.000
0.051
0.000
0.000
0.000
0.000
0.190
0.287
0.124
0.344
0.114
0.134
0.134
0.134
0.523
0.168
0.168
0.176
0.370
0.269
0.114
0.269
0.161
0.176
0.203
0.000
0.114
0.152
0.072
0.114
0.072
0.176
0.355
0.227
0.000
0.243
0.102
0.000
0.161
0.278
