0.703
0.899
0.622
0.715
0.817
0.853
0.783
0.890
0.951
0.929
0.952
0.971
0.967
1.001
1.026
1.034
1.027
1.000
0.984
1.017
0.983
1.003
1.015
1.013
0.960
0.964
0.992
0.960
0.896
0.752
0.850
0.579
0.758
0.697
0.761
0.781
0.649
0.586
0.420
0.565
0.661
0.796
0.653
0.856
0.632
0.581
0.661
0.464
0.637
0.737
0.632
0.710
0.630
0.726
0.752
0.647
0.507
0.643
0.730
0.522
0.616
0.594
0.833
0.839
0.933
0.937
1.032
0.966
0.962
0.953
1.004
0.970
0.786
0.680
0.357
0.483
0.411
0.554
0.441
0.592
0.314
0.314
0.494
0.839
0.896
0.874
0.572
0.565
0.592
0.520
0.502
0.583
0.423
0.776
0.586
0.505
0.435
0.371
0.414
0.489
0.537
0.554
0.510
0.381
0.302
0.244
0.330
0.279
0.274
0.239
0.222
0.051
0.184
0.338
0.486
0.594
0.497
0.579
0.878
0.847
0.955
0.922
0.991
0.992
1.003
1.000
0.938
0.796
0.881
0.594
0.728
0.807
0.834
0.892
0.967
0.936
0.963
0.995
0.968
0.467
0.255
0.197
0.668
0.850
0.603
0.478
0.839
0.807
0.776
0.896
0.828
0.892
0.680
0.752
0.742
0.719
0.510
0.565
0.464
0.420
0.405
0.537
0.682
0.357
0.274
0.364
0.723
0.688
0.728
0.848
0.814
0.781
0.859
0.883
0.919
0.916
0.943
0.955
0.913
0.859
0.916
0.929
0.963
0.990
0.988
0.993
0.995
0.974
0.916
0.922
0.931
0.941
0.929
0.836
0.892
0.894
0.857
0.788
0.549
0.827
0.874
0.919
0.892
0.980
0.941
0.868
0.892
0.780
0.744
0.574
0.659
0.588
0.693
0.811
0.639
0.655
0.682
0.781
0.773
0.768
0.822
0.507
0.628
0.530
0.491
0.512
0.605
0.542
0.505
0.704
0.643
0.710
0.785
0.923
0.785
1.009
0.581
0.637
0.661
0.494
0.561
0.649
0.780
0.761
0.701
0.583
0.491
0.628
0.570
0.616
0.467
0.603
0.695
0.697
0.645
0.577
0.639
0.672
0.574
0.483
0.794
0.807
0.691
0.848
0.771
0.432
0.719
0.697
0.724
0.776
0.927
0.848
0.749
0.962
0.672
0.429
0.544
0.517
0.456
0.222
0.532
0.944
0.948
0.483
0.951
1.001
0.949
0.987
1.008
1.018
0.943
0.447
0.532
0.429
0.579
0.401
0.368
0.284
0.450
0.456
0.306
0.310
0.284
0.144
0.153
0.102
0.000
0.153
0.153
0.306
0.655
0.572
0.284
0.125
0.306
0.102
0.244
0.191
0.000
0.000
0.000
0.114
0.000
0.000
0.088
0.000
0.000
0.051
0.000
0.000
0.000
0.643
0.872
0.847
0.916
0.936
1.013
1.013
0.991
1.015
0.976
0.971
0.869
0.730
0.974
0.959
0.395
0.161
0.000
0.125
0.184
0.197
0.125
0.000
0.000
0.000
0.153
0.114
0.051
0.000
0.000
0.114
0.135
0.250
0.125
0.153
0.072
0.161
0.210
0.000
0.293
0.848
0.941
0.971
0.919
0.830
0.848
0.717
0.645
0.664
0.579
0.655
0.820
0.916
0.796
0.825
0.890
0.561
0.823
0.740
0.775
0.714
0.934
0.922
0.980
0.995
1.000
0.978
0.982
0.979
0.953
0.979
0.995
1.029
0.982
1.047
0.979
1.006
1.051
1.076
1.058
0.982
0.532
0.819
0.944
0.848
0.778
0.841
0.841
0.900
0.742
0.663
0.803
0.668
0.494
0.510
0.715
0.645
0.822
0.618
0.827
0.915
0.905
0.796
0.785
0.695
0.751
0.663
0.612
0.815
0.684
0.733
0.775
0.590
0.721
0.822
0.872
0.798
0.691
0.793
0.817
0.958
0.916
0.947
0.899
0.922
0.992
0.956
0.878
0.927
0.803
0.966
0.997
1.015
0.956
0.893
0.975
0.917
0.938
0.999
1.004
0.967
0.893
0.731
0.414
0.664
0.561
0.371
0.467
0.388
0.411
0.438
0.483
0.532
0.357
0.581
0.628
0.515
0.357
0.497
0.388
0.486
0.645
0.453
0.371
0.620
0.563
0.486
0.520
0.368
0.499
0.505
0.520
0.502
0.398
0.577
0.607
0.663
0.371
0.659
0.601
0.346
0.607
0.607
0.388
0.583
0.464
0.441
0.250
0.429
0.326
0.260
0.326
0.293
0.318
0.364
0.391
0.475
0.481
0.353
0.144
0.322
0.153
0.270
0.676
0.872
0.982
0.970
0.875
0.863
0.860
0.803
0.811
0.773
0.730
0.785
0.588
0.781
0.752
0.887
0.951
0.902
0.791
0.626
0.647
0.475
0.505
0.512
0.525
0.556
0.462
0.657
0.411
0.592
0.420
0.710
0.527
0.815
0.871
0.933
0.871
0.507
0.776
0.731
0.586
0.804
0.672
0.850
0.883
0.919
0.955
0.959
0.931
0.934
0.958
0.959
0.933
0.955
0.933
0.902
0.881
0.919
0.919
0.970
0.984
1.018
1.005
1.022
1.003
0.990
0.960
0.974
1.006
1.024
0.833
0.742
0.756
0.827
0.799
0.691
0.735
0.927
0.927
0.827
0.768
0.616
0.744
0.717
0.788
0.672
0.657
0.674
0.624
0.746
0.603
0.632
0.666
0.768
0.583
0.733
0.751
0.863
0.668
0.773
0.664
0.626
0.776
0.651
0.599
0.710
0.941
0.672
0.563
0.632
0.624
0.670
0.599
0.699
0.817
0.620
0.637
0.483
0.310
0.435
0.670
0.626
0.542
0.398
0.255
0.177
0.088
0.161
0.470
0.375
0.712
0.678
0.793
0.544
0.616
0.483
0.381
0.368
0.385
0.411
0.581
0.672
0.563
0.497
0.381
0.614
0.742
0.701
0.807
0.537
0.494
0.603
0.628
0.423
0.974
0.966
0.616
0.889
0.554
0.507
0.612
0.670
0.475
0.703
0.721
0.603
0.574
0.664
0.823
0.857
0.614
0.997
0.866
0.704
0.845
0.971
0.708
0.739
1.017
0.980
0.962
0.948
0.906
0.976
0.872
0.959
1.003
0.429
0.326
0.216
0.346
0.222
0.153
0.114
0.191
0.851
0.884
0.216
0.761
0.974
1.019
0.828
0.653
0.801
0.761
0.859
0.618
0.594
0.450
0.556
0.478
0.420
0.542
0.381
0.637
0.338
0.346
0.306
0.330
0.239
0.260
0.255
0.144
0.088
0.177
0.204
0.592
0.894
0.899
0.972
0.993
0.922
0.962
0.892
0.817
0.763
0.833
0.542
0.581
0.754
0.314
0.375
0.706
0.661
0.368
0.250
0.279
0.297
0.512
0.616
0.330
0.520
0.678
0.726
0.695
0.751
0.857
0.661
0.730
0.740
0.688
0.764
0.841
0.820
0.817
0.831
0.768
0.817
0.768
0.811
0.752
0.913
0.877
0.881
0.929
0.841
0.819
0.811
0.530
0.799
0.804
0.799
0.837
0.912
0.916
0.910
0.875
0.801
0.945
0.929
0.972
0.943
0.915
0.958
0.970
0.968
0.938
0.817
0.913
0.903
0.920
0.892
0.822
0.809
0.635
0.758
0.744
0.697
0.819
0.785
0.714
0.601
0.693
0.717
0.641
0.599
0.588
0.793
0.551
0.653
0.620
0.535
0.761
0.770
0.771
0.719
0.744
0.746
0.653
0.542
0.568
0.714
0.839
0.607
0.788
0.715
0.731
0.704
0.744
0.527
0.568
0.414
0.556
0.807
0.834
0.438
0.483
0.395
0.603
0.717
0.764
0.353
0.364
0.676
0.657
0.544
0.462
0.686
0.483
0.747
0.697
0.581
0.778
0.695
0.456
0.453
0.647
0.499
0.568
0.353
0.659
0.817
0.620
1.009
0.983
0.880
0.956
0.997
0.987
0.972
1.001
0.999
0.968
0.892
0.974
0.933
0.919
0.974
0.912
0.966
0.966
0.907
0.839
0.850
0.820
0.749
0.836
0.886
0.806
0.884
0.827
0.703
0.728
0.756
0.641
0.603
0.561
0.812
0.866
0.842
0.866
0.907
0.956
0.945
0.941
0.987
0.987
0.947
0.938
0.905
0.819
0.851
0.830
0.814
0.811
0.695
0.676
0.714
0.719
0.510
0.682
0.624
0.768
0.645
0.624
0.414
0.517
0.815
0.869
0.811
0.759
0.778
0.706
0.845
0.822
0.877
0.798
0.900
0.820
0.763
0.781
0.771
0.790
0.735
0.831
0.814
0.856
0.875
0.842
0.823
0.663
0.661
0.628
0.391
0.204
0.326
0.342
0.318
0.371
0.222
0.169
0.184
0.216
0.000
0.088
0.000
0.088
0.051
0.000
0.000
0.000
0.000
0.000
0.000
0.177
0.088
0.000
0.000
0.000
0.153
0.255
0.288
0.628
0.530
0.507
0.467
0.507
0.561
0.574
0.594
0.607
0.583
0.378
0.622
0.510
0.360
0.274
0.260
0.360
0.184
0.542
0.326
1.071
0.936
0.878
0.999
0.874
0.811
0.862
0.819
0.823
0.588
0.708
0.572
0.963
0.799
0.714
0.837
0.637
0.668
0.823
0.872
0.830
0.756
0.893
0.823
0.833
0.830
0.764
0.770
0.618
0.804
0.737
0.806
0.897
0.903
0.902
0.859
0.949
0.934
1.003
1.008
0.937
0.947
0.896
0.742
0.951
0.949
0.956
0.964
0.951
0.841
0.401
0.385
0.357
0.326
0.326
0.368
0.542
0.505
0.314
0.244
0.318
0.250
0.279
0.274
0.169
0.349
0.244
0.297
0.791
0.862
0.744
0.411
0.334
0.385
0.368
0.405
0.346
0.288
0.360
0.364
0.102
0.346
0.250
0.250
0.191
0.222
0.125
0.204
0.284
0.270
0.210
0.114
0.169
0.216
0.216
0.284
0.346
0.314
0.244
0.204
0.279
0.210
0.184
0.000
0.244
0.135
0.222
0.250
0.222
0.169
0.197
0.000
0.184
0.228
0.239
0.250
0.270
0.360
0.279
0.222
0.239
0.260
0.228
0.330
0.144
0.302
0.228
0.342
0.284
0.274
0.234
0.265
0.360
0.228
0.288
0.250
0.270
0.284
0.297
0.197
0.288
0.244
0.197
0.284
0.177
0.244
0.239
0.274
0.255
0.153
0.244
0.197
0.368
0.391
0.357
0.302
0.191
0.216
0.216
0.244
0.125
0.102
0.102
0.161
0.000
0.088
0.114
0.088
0.244
0.260
0.279
0.288
0.184
0.153
0.250
0.334
0.255
0.191
0.197
0.239
0.250
0.297
0.306
0.114
0.169
0.210
0.161
0.216
0.153
0.161
0.216
0.169
0.144
0.000
0.000
0.000
0.114
0.000
0.000
0.000
0.401
0.456
0.228
0.177
0.346
0.051
0.288
0.000
0.270
0.114
0.153
0.114
0.051
0.051
0.000
0.000
0.000
0.000
0.239
0.000
0.222
0.000
0.153
0.000
0.051
0.000
0.274
0.641
0.088
0.222
0.000
0.125
0.169
0.000
0.125
0.000
0.088
0.441
0.912
0.913
0.964
0.982
0.868
0.822
0.869
0.733
0.739
0.863
0.693
0.764
0.785
0.653
0.663
0.408
0.778
0.759
0.723
0.381
0.297
0.322
0.714
0.306
0.462
0.583
0.614
0.803
0.799
0.825
0.735
0.505
0.388
0.381
0.322
0.297
0.502
0.429
0.605
0.561
0.532
0.632
0.628
0.664
0.228
0.310
0.293
0.724
0.558
0.618
0.764
0.670
0.467
0.191
0.549
0.558
0.599
0.579
0.752
0.758
0.778
0.931
0.964
0.966
1.010
0.996
0.982
0.952
0.982
0.987
0.991
0.841
0.934
0.547
0.570
0.429
0.923
0.929
0.962
0.930
0.983
0.924
0.963
0.922
0.967
1.014
1.004
1.026
1.043
0.991
0.906
0.854
0.735
0.823
0.827
0.697
0.791
0.637
0.624
0.845
0.798
0.761
0.607
0.703
0.708
0.768
0.862
0.859
0.768
0.872
0.948
0.854
0.936
0.881
0.850
0.790
0.962
0.964
0.960
0.894
0.875
0.937
0.952
0.905
0.907
0.862
0.943
0.991
0.974
0.978
0.967
1.000
0.986
0.966
0.967
0.987
0.930
0.919
0.851
0.820
0.768
0.811
0.783
0.847
0.817
0.890
0.868
0.726
0.823
0.494
0.414
0.556
0.751
0.817
0.931
0.704
0.806
0.712
0.561
0.747
0.512
0.807
0.825
0.817
0.944
0.963
0.979
0.997
0.990
0.987
0.984
0.995
0.983
1.001
0.952
0.706
1.019
1.021
1.015
1.015
0.986
0.993
0.919
0.990
0.929
0.953
0.978
0.923
0.814
0.655
0.628
0.739
0.807
0.719
0.744
0.686
0.754
0.978
0.951
0.944
0.815
0.959
0.972
0.996
0.999
0.990
0.972
0.978
0.959
0.971
0.959
0.933
0.844
0.848
0.801
0.851
0.922
0.854
0.874
0.947
0.949
0.924
0.936
0.890
0.902
0.837
0.868
0.842
0.791
0.730
0.714
0.637
0.586
0.607
0.637
0.664
0.542
0.649
0.742
0.775
0.547
0.780
0.695
0.844
0.520
0.592
0.830
0.565
0.668
0.684
0.426
0.704
0.385
0.549
0.517
0.592
0.695
0.601
0.624
0.525
0.470
0.322
0.114
0.265
0.161
0.114
0.051
0.000
0.000
0.125
0.072
0.000
0.072
0.072
0.114
0.000
0.239
0.088
0.125
0.000
0.000
0.000
0.000
0.000
0.072
0.000
0.000
0.161
0.000
0.000
0.000
0.144
0.072
0.000
0.000
0.000
0.244
0.483
0.607
0.353
0.401
0.544
0.723
0.530
0.643
0.712
0.719
0.556
0.570
0.414
0.401
0.371
0.793
0.733
0.893
0.920
0.851
0.916
0.837
0.796
0.878
0.951
0.920
0.903
0.983
0.999
1.000
0.982
0.968
1.009
1.028
0.986
1.042
1.012
1.005
1.028
1.023
0.997
0.915
0.668
0.788
0.699
0.592
0.649
0.618
0.798
0.786
0.712
0.556
0.766
0.764
0.678
0.723
0.632
0.626
0.668
0.641
0.470
0.554
0.756
0.771
0.581
0.831
0.827
0.880
0.841
0.972
0.964
0.907
0.936
0.976
1.027
0.947
0.967
0.949
0.851
0.906
0.887
0.837
0.902
0.976
0.970
0.993
0.945
0.986
0.963
0.878
0.890
0.746
0.807
0.822
0.811
0.913
0.936
0.909
0.880
0.880
0.688
0.780
0.860
0.865
0.776
0.728
0.609
0.719
0.499
0.768
0.756
0.848
0.649
0.429
0.318
0.590
0.405
0.334
0.284
0.274
0.563
0.688
0.616
0.609
0.561
0.703
0.622
0.558
0.270
0.274
0.302
0.464
0.731
0.574
0.793
0.860
0.955
0.952
0.944
0.896
0.865
0.972
0.986
0.966
0.990
0.912
0.958
0.943
0.990
0.988
0.976
0.845
0.726
0.893
0.833
0.915
0.970
1.019
1.001
0.964
1.021
0.988
0.953
0.868
0.927
0.903
0.825
0.620
0.781
0.680
0.599
0.697
0.704
0.637
0.572
0.630
0.502
0.657
0.688
0.655
0.647
0.703
0.630
0.699
0.768
0.739
0.723
0.744
0.731
0.574
0.489
0.788
0.657
0.844
0.724
0.549
0.641
0.547
1.101
1.024
0.927
0.909
0.959
0.979
1.005
1.008
0.967
1.023
0.967
0.539
0.586
0.486
0.494
0.378
0.314
0.322
0.274
0.405
0.381
0.274
0.473
0.284
0.338
0.342
0.322
0.210
0.204
0.177
0.144
0.072
0.000
0.756
0.903
0.924
0.936
0.991
0.953
0.983
1.013
0.937
0.878
0.793
0.796
0.758
0.899
0.833
0.814
0.886
0.863
0.890
0.834
0.790
0.881
0.739
0.371
0.583
0.494
0.464
0.444
0.260
0.000
0.135
0.088
0.135
0.088
0.000
0.599
0.326
0.088
0.135
0.000
0.464
0.668
0.752
0.429
0.429
0.349
0.475
0.510
0.563
0.744
0.666
0.478
0.581
0.616
0.542
0.637
0.693
0.659
0.756
0.686
0.581
0.860
0.919
0.880
0.955
0.936
0.980
0.987
0.970
1.031
0.944
0.872
0.856
0.848
0.819
0.905
0.975
1.010
0.991
1.008
1.022
1.008
0.984
0.987
0.962
0.959
0.856
0.872
0.647
0.839
0.814
0.872
0.811
0.751
0.721
0.752
0.776
0.825
0.822
0.860
0.837
0.771
0.579
0.752
0.670
0.568
0.630
0.714
0.609
0.731
0.806
0.796
0.653
0.773
0.704
0.742
0.549
0.746
0.558
0.916
0.903
0.941
1.026
0.983
0.955
0.512
0.940
1.014
0.955
0.986
0.890
0.902
0.899
0.940
1.004
1.017
0.991
0.956
0.958
0.857
0.964
0.972
0.982
0.856
0.986
0.988
0.993
0.984
0.922
0.781
0.915
0.568
0.678
0.731
0.740
0.616
0.752
0.804
0.837
0.770
0.893
0.850
0.833
0.944
0.886
0.841
0.859
0.794
0.814
0.483
0.854
0.962
0.923
0.976
0.966
0.943
0.701
0.851
0.877
0.848
0.812
0.860
0.371
0.338
0.815
0.930
0.823
0.899
0.850
0.726
0.385
0.408
0.759
0.949
0.963
0.947
1.009
1.028
0.984
0.983
0.974
0.986
1.038
1.008
1.014
0.922
0.913
0.586
0.618
0.670
0.639
0.614
0.645
0.674
0.780
0.822
0.822
0.717
0.544
0.856
0.872
0.812
0.927
0.860
0.893
0.944
0.948
0.963
0.984
0.990
0.929
0.628
0.579
0.554
0.554
0.470
0.624
0.489
0.740
0.456
0.544
0.450
0.375
0.411
0.597
0.395
0.353
0.322
0.318
0.177
0.408
0.381
0.464
0.934
0.990
0.902
0.907
0.856
0.381
0.255
0.284
0.222
0.473
0.651
0.889
0.917
0.947
0.990
1.001
1.005
1.022
1.013
0.986
0.980
0.948
0.943
0.907
0.807
0.809
0.920
0.874
0.869
0.605
0.758
0.599
0.781
0.746
0.766
0.491
0.630
0.639
0.703
0.614
0.715
0.574
0.470
0.664
0.417
0.539
0.381
0.527
0.368
0.470
0.381
0.719
0.432
0.719
0.666
0.749
0.801
0.618
0.763
0.314
0.614
0.558
0.450
0.568
0.726
0.420
0.522
0.491
0.807
0.704
0.770
0.785
0.807
0.527
0.688
0.814
0.892
0.845
0.930
0.847
0.758
0.749
0.836
0.710
0.657
0.668
0.791
0.894
0.877
0.833
0.926
0.920
0.956
1.004
0.999
0.990
0.933
0.938
0.890
0.979
0.922
0.955
0.931
0.922
0.966
1.013
1.057
1.008
1.041
0.966
0.929
0.937
0.899
0.653
0.637
0.561
0.833
0.758
0.688
0.691
0.697
0.579
0.806
0.645
0.594
0.639
0.491
0.641
0.624
0.565
0.672
0.857
0.905
0.661
0.731
0.744
0.868
0.788
0.856
0.326
0.643
0.865
0.759
0.699
0.851
0.730
0.645
0.601
0.688
0.785
0.586
0.670
0.733
0.475
0.478
0.464
0.663
0.632
0.470
0.730
0.754
0.586
0.639
0.778
0.682
0.481
0.820
0.712
0.549
0.353
0.426
0.441
0.678
0.635
0.435
0.475
0.438
0.398
0.441
0.432
0.643
0.907
0.459
0.481
0.497
0.773
0.691
0.934
0.842
0.781
0.974
0.759
0.887
0.844
0.884
0.831
0.988
0.953
0.967
0.943
0.892
0.919
1.001
0.943
0.966
0.894
0.875
0.872
0.951
0.868
0.844
0.823
0.902
0.817
0.830
0.539
0.781
0.820
0.682
0.819
0.761
0.697
0.764
0.842
0.752
0.532
0.814
0.766
0.699
0.842
0.831
0.868
0.945
0.962
0.924
0.788
0.915
0.902
0.902
0.900
0.863
0.845
0.758
0.791
0.841
0.860
0.896
0.912
0.845
0.903
0.906
0.909
0.893
0.886
0.682
0.708
0.408
0.599
0.645
0.473
0.426
0.703
0.842
0.771
0.862
0.910
0.896
0.848
0.834
0.880
0.817
0.668
0.672
0.744
0.721
0.773
0.947
0.970
0.922
0.903
0.664
0.761
0.686
0.758
0.645
0.798
0.739
0.680
0.632
0.775
0.737
0.691
0.730
0.549
0.712
0.462
0.579
0.699
0.723
0.719
0.704
0.614
0.586
0.657
0.703
0.791
0.635
0.811
0.693
0.752
0.771
0.836
0.739
0.754
0.851
0.522
0.682
0.801
0.916
0.869
0.881
0.975
0.906
0.926
0.896
0.847
0.798
0.649
0.781
0.682
0.607
0.759
0.574
0.643
0.756
0.850
0.594
0.886
0.975
0.964
0.934
0.758
0.751
0.894
0.869
0.880
0.881
0.878
0.907
0.917
0.910
0.859
0.886
0.979
0.963
0.892
0.856
0.905
0.877
0.770
0.747
0.597
0.735
0.731
0.733
0.712
0.814
0.850
0.799
0.814
0.798
0.728
0.616
0.688
0.381
0.735
0.542
0.701
0.515
0.310
0.381
0.663
0.411
0.334
0.414
0.581
0.883
0.897
0.860
0.790
0.785
0.794
0.680
0.836
0.712
0.717
0.691
0.730
0.862
0.712
0.934
0.836
0.893
0.920
0.936
0.956
0.959
1.010
1.001
0.975
0.926
0.893
0.868
0.841
0.851
0.866
0.856
0.785
0.878
0.902
0.920
0.913
0.863
0.728
0.862
0.622
0.791
0.828
0.886
0.986
1.013
0.982
0.869
0.798
0.872
0.592
0.916
0.574
0.579
0.728
0.668
0.657
0.689
0.577
0.592
0.609
0.624
0.626
0.579
0.803
0.865
0.819
0.723
0.561
0.657
0.739
0.706
0.820
0.780
0.825
0.844
0.605
0.612
0.664
0.686
0.408
0.489
0.590
0.441
0.537
0.512
0.724
0.459
0.754
0.592
0.601
0.825
0.862
0.699
0.817
0.395
0.568
0.353
0.473
0.599
0.751
0.841
0.535
0.620
0.661
0.893
0.357
0.527
0.657
0.558
0.537
0.577
1.019
0.893
0.920
0.844
0.664
0.260
0.622
0.930
0.909
0.991
0.979
1.004
0.735
0.502
0.874
0.626
0.391
0.414
0.342
0.260
0.270
0.177
0.318
0.250
0.334
0.255
0.161
0.915
0.931
0.814
0.947
0.955
0.984
0.974
0.984
0.979
0.953
0.988
0.934
0.841
0.938
0.930
0.714
0.766
0.670
0.695
0.539
0.666
0.649
0.491
0.761
0.288
0.368
0.464
0.426
0.435
0.597
0.515
0.459
0.624
0.737
0.680
0.804
0.905
0.871
0.929
0.872
0.952
0.947
0.980
0.967
1.005
0.999
0.978
0.936
0.956
0.896
0.953
1.009
0.984
0.913
0.983
0.986
1.008
1.033
0.967
0.903
0.951
0.936
0.848
0.714
0.601
0.699
0.475
0.572
0.693
0.708
0.801
0.754
0.728
0.401
0.637
0.401
0.689
0.483
0.438
0.746
0.628
0.771
0.544
0.666
0.706
0.530
0.817
0.719
0.714
0.661
0.717
0.886
0.883
0.710
0.453
0.740
0.764
0.806
0.831
0.558
0.618
0.630
0.647
0.710
0.618
0.726
0.768
0.616
0.505
0.751
0.872
0.886
0.878
0.783
0.814
0.869
0.851
0.770
0.862
0.979
0.886
0.940
0.944
0.956
0.988
0.960
0.899
0.689
0.612
0.649
0.607
0.497
0.570
0.796
0.507
0.342
0.491
0.837
0.603
0.432
0.270
0.244
0.239
0.216
0.447
0.375
0.435
0.265
0.051
0.349
0.297
0.326
0.612
0.827
0.971
0.937
0.934
0.995
0.955
0.974
0.944
0.956
0.982
0.915
0.872
0.833
0.798
0.853
0.881
0.804
0.663
0.724
0.796
0.791
0.807
0.863
0.897
0.927
0.866
0.714
0.791
0.544
0.459
0.456
0.467
0.405
0.255
0.486
0.682
0.481
0.657
0.293
0.334
0.624
0.721
0.535
0.668
0.902
0.938
0.845
0.893
0.930
0.875
0.877
0.791
0.712
0.804
0.850
0.871
0.857
0.889
0.661
0.728
0.850
0.780
0.742
0.643
0.788
0.823
0.854
0.825
0.909
0.866
0.794
0.771
0.721
0.577
0.326
0.432
0.420
0.563
0.414
0.388
0.318
0.450
0.420
0.951
0.798
0.988
0.902
0.971
0.971
0.991
0.995
0.980
0.917
0.887
0.919
0.912
1.000
0.868
0.912
0.880
0.794
0.616
0.535
0.556
0.632
0.730
0.556
0.561
0.456
0.408
0.459
0.414
0.265
0.781
0.655
0.570
0.411
0.447
0.414
0.423
0.438
0.579
0.453
0.456
0.429
0.375
0.659
0.385
0.441
0.411
0.618
0.607
0.527
0.414
0.401
0.701
0.759
0.723
1.081
1.104
0.825
0.883
0.817
0.801
0.836
0.770
0.865
0.791
0.749
0.502
0.793
0.842
0.775
0.686
0.686
0.710
0.752
0.794
0.764
0.878
0.877
0.793
0.786
0.910
0.597
0.653
0.724
0.537
0.809
0.842
0.887
0.936
0.943
0.860
0.812
0.721
0.686
0.831
0.909
0.896
0.860
0.672
0.752
0.806
0.710
0.746
0.686
0.715
0.483
0.834
0.612
0.653
0.614
0.542
0.834
0.770
0.701
0.790
0.841
0.923
0.833
0.917
0.892
0.922
0.907
0.833
0.811
0.689
0.733
0.812
0.834
0.823
0.880
0.926
0.983
0.952
0.941
0.940
0.929
0.934
0.937
0.837
0.923
0.869
0.771
0.778
0.850
0.809
0.730
0.710
0.776
0.682
0.771
0.780
0.643
0.827
0.850
0.776
0.897
0.778
0.874
0.878
0.848
0.922
0.890
0.996
0.988
0.997
1.027
0.991
0.987
1.049
1.015
1.003
0.999
1.024
0.966
0.983
1.009
1.013
0.990
1.005
0.972
0.943
0.909
0.717
0.699
0.678
0.714
0.717
0.510
0.751
0.764
0.830
0.791
0.751
0.574
0.883
0.967
0.825
0.724
0.752
0.742
0.639
0.860
0.830
0.979
0.910
0.958
0.947
0.910
0.896
0.785
0.740
0.616
0.754
0.788
0.735
0.841
0.850
0.831
0.754
0.927
1.015
0.912
0.907
0.926
0.839
0.881
0.922
0.899
0.817
0.730
0.776
0.811
0.464
0.676
0.717
0.719
0.790
0.603
0.796
0.803
0.860
0.763
0.733
0.823
0.558
0.368
0.626
0.507
0.417
0.561
0.699
0.385
0.655
0.647
0.689
0.544
0.701
0.622
0.464
0.565
0.659
0.594
0.794
0.568
0.643
0.522
0.815
0.547
0.391
0.510
0.785
0.659
0.647
0.892
0.962
0.984
0.972
0.938
0.953
0.922
0.572
0.817
0.775
0.916
0.817
0.892
0.900
0.884
0.815
0.749
0.819
0.892
0.945
0.930
0.937
0.966
0.972
0.945
0.951
0.960
0.893
0.703
0.890
0.590
0.746
0.577
0.391
0.260
0.401
0.499
0.549
0.398
0.398
0.470
0.432
0.556
0.577
0.499
0.515
0.395
0.378
0.666
0.556
0.527
0.459
0.517
0.520
0.624
0.637
0.385
0.459
0.456
0.368
0.318
0.435
0.489
0.270
0.505
0.297
0.473
0.405
0.360
0.453
0.260
0.385
0.322
0.401
0.568
0.489
0.371
0.507
0.549
0.420
0.577
0.353
0.568
0.447
0.234
0.408
0.265
0.570
0.689
0.527
0.599
0.828
0.883
0.780
0.827
0.740
0.825
0.874
0.863
0.825
0.828
0.759
0.793
0.664
0.568
0.558
0.628
0.535
0.517
0.607
0.395
0.306
0.678
0.731
0.788
0.781
0.788
0.825
0.841
0.853
0.666
0.728
0.744
0.724
0.836
0.877
0.900
0.980
0.938
0.934
0.941
0.913
0.947
0.872
0.868
0.785
0.563
0.639
0.653
0.655
0.594
0.586
0.710
0.664
0.682
0.686
0.701
0.758
0.773
0.733
0.491
0.664
0.737
0.645
0.620
0.794
0.655
0.620
0.527
0.491
0.432
0.763
0.688
0.616
0.803
0.678
0.565
0.715
0.712
0.554
0.695
0.539
0.326
0.338
0.527
0.515
0.318
0.637
0.601
0.568
0.605
0.547
0.581
0.657
0.417
0.770
0.680
0.776
0.699
0.842
0.764
0.788
0.803
0.811
0.814
0.831
0.742
0.664
0.746
0.649
0.532
0.693
0.724
0.353
0.408
0.342
0.306
0.314
0.371
0.470
0.512
0.497
0.051
0.551
0.605
0.470
0.581
0.737
0.803
0.905
0.637
0.820
0.691
0.426
0.780
0.680
0.554
0.657
0.494
0.902
0.890
0.980
1.024
0.844
0.842
0.735
0.850
0.588
0.502
0.874
0.883
0.676
0.754
0.703
0.781
0.892
0.796
0.417
0.752
0.902
0.915
0.586
0.338
0.368
0.357
0.216
0.204
0.177
0.169
0.114
0.293
0.114
0.088
0.579
0.405
0.000
0.302
0.051
0.088
0.535
0.754
0.936
0.845
0.754
0.822
0.890
0.701
0.803
0.842
0.703
0.823
0.605
0.756
0.663
0.603
0.703
0.672
0.680
0.395
0.512
0.470
0.572
0.420
0.570
0.520
0.520
0.395
0.512
0.607
0.790
0.609
0.338
0.429
0.483
0.435
0.639
0.375
0.535
0.574
0.542
0.783
0.655
0.620
0.478
0.586
0.672
0.770
0.871
0.863
0.820
0.672
0.605
0.599
0.708
0.764
0.561
0.733
0.841
0.786
0.666
0.682
0.691
0.551
0.723
0.778
0.447
0.408
0.512
0.592
0.880
0.525
0.574
0.616
0.326
0.754
0.659
0.699
0.620
0.649
0.542
0.429
0.302
0.710
0.960
0.934
0.871
0.850
0.770
0.719
0.395
0.670
0.759
0.695
0.724
0.754
0.794
0.659
0.551
0.664
0.746
0.515
0.579
0.651
0.653
0.854
0.714
1.003
0.827
0.889
0.984
0.865
0.927
0.886
0.877
0.892
0.927
1.009
0.988
0.966
0.990
0.956
0.953
0.924
0.927
0.897
0.909
0.916
0.865
0.881
0.773
0.822
0.851
0.880
0.919
0.884
0.630
0.597
0.398
0.572
0.547
0.375
0.349
0.204
0.234
0.556
0.395
0.255
0.391
0.260
0.318
0.583
0.535
0.322
0.574
0.525
0.635
0.481
0.364
0.851
0.597
0.438
0.712
0.796
0.697
0.742
0.558
0.684
0.547
0.742
0.657
0.459
0.441
0.747
0.464
0.558
0.776
0.751
0.715
0.588
0.547
0.712
0.714
0.786
0.763
0.809
0.807
0.828
0.857
0.862
0.940
0.975
0.856
0.857
0.839
0.883
0.817
0.773
0.877
0.966
0.992
0.976
0.963
0.923
0.970
0.945
0.944
0.894
0.825
0.817
0.862
0.919
0.974
0.959
0.995
1.003
0.979
0.947
0.926
0.962
0.967
0.938
0.823
0.839
0.689
0.643
0.780
0.804
0.839
0.733
0.785
0.845
0.712
0.228
0.250
0.539
0.622
0.724
0.733
0.746
0.704
0.586
0.657
0.731
0.775
0.674
0.688
0.668
0.933
0.799
0.746
0.570
0.655
0.624
0.556
0.467
0.515
0.670
0.723
0.505
0.737
0.661
0.752
0.775
0.717
0.817
0.620
0.856
0.624
0.614
0.628
0.915
0.844
0.771
0.456
0.426
0.607
0.607
0.761
0.768
0.535
0.381
0.801
0.752
0.731
0.497
0.570
0.551
0.426
0.676
0.924
0.775
0.563
0.715
0.746
0.686
0.532
0.592
0.408
0.360
0.486
0.668
0.447
0.963
0.554
0.628
0.853
0.889
0.728
0.761
0.735
0.827
0.815
0.574
0.563
0.674
0.731
0.751
0.668
0.714
0.920
0.703
0.823
0.793
0.971
0.637
0.786
0.719
0.740
0.637
0.704
0.697
0.544
0.624
0.906
0.894
0.987
0.975
0.978
0.949
0.988
0.561
0.447
0.334
0.250
0.360
0.346
0.395
0.310
0.770
0.865
0.622
0.535
0.478
0.483
0.462
0.314
0.408
0.353
0.395
0.450
0.664
0.478
0.459
0.265
0.368
0.364
0.293
0.310
0.371
0.499
0.467
0.441
0.342
0.255
0.385
0.462
0.781
0.878
0.828
0.902
0.853
0.947
0.893
0.768
0.845
0.791
0.817
0.793
0.704
0.682
0.881
0.964
1.024
0.993
0.948
0.917
0.941
0.944
0.964
0.990
0.949
0.955
0.983
0.884
0.845
0.929
0.922
0.763
0.791
0.441
0.686
0.577
0.512
0.530
0.542
0.414
0.353
0.586
0.470
0.284
0.572
0.817
0.770
0.429
0.740
0.807
0.820
0.691
0.798
0.866
0.916
0.905
0.963
0.933
0.915
0.884
0.839
0.948
0.983
0.909
0.975
0.976
0.962
0.982
1.010
0.992
0.964
0.958
0.963
0.887
0.937
0.997
0.991
1.032
1.062
1.028
0.979
0.793
0.878
0.817
0.768
0.691
0.556
0.701
0.622
0.481
0.704
0.657
0.814
0.740
0.773
0.836
0.809
0.668
0.661
0.620
0.628
0.651
0.530
0.532
0.664
0.647
0.639
0.728
0.668
0.618
0.697
0.731
0.871
0.806
0.723
0.712
0.486
0.391
0.586
0.563
0.360
0.342
0.450
0.960
0.862
0.966
0.978
0.992
0.975
0.909
0.823
0.971
0.990
0.966
0.991
0.984
0.920
0.959
0.940
0.900
0.963
0.968
0.986
1.000
0.952
0.958
0.945
0.922
0.920
0.894
0.730
0.785
0.635
0.773
0.794
0.723
0.672
0.693
0.265
0.522
0.739
0.701
0.746
0.726
0.761
0.703
0.438
0.417
0.614
0.801
0.877
0.770
0.570
0.740
0.881
0.815
0.794
0.863
0.892
0.893
0.869
0.833
0.796
0.655
0.786
0.906
0.912
0.966
0.980
0.931
0.868
0.823
0.749
0.791
0.691
0.701
0.781
0.532
0.563
0.583
0.699
0.265
0.684
0.778
0.897
0.956
0.955
0.986
0.971
0.927
0.956
0.955
0.945
0.917
0.844
0.868
0.881
0.803
0.684
0.860
0.817
0.790
0.766
0.773
0.714
0.708
0.770
0.724
0.890
0.834
0.850
0.759
0.726
0.414
0.763
0.754
0.680
0.666
0.825
0.739
0.758
0.715
0.680
0.691
0.827
0.865
0.868
0.724
0.841
0.735
0.940
0.907
0.845
0.881
0.847
0.887
0.889
0.915
0.959
0.926
0.831
0.940
0.834
0.841
0.686
0.854
0.887
0.929
0.845
0.866
0.780
0.781
0.717
0.880
0.949
0.996
0.931
0.903
0.691
0.841
0.612
0.244
0.649
0.831
0.565
0.799
0.900
0.990
0.865
0.892
0.949
0.955
0.892
0.814
0.880
0.791
0.752
0.764
0.539
0.768
0.470
0.520
0.609
0.833
0.647
0.751
0.801
0.871
0.869
0.897
0.754
0.704
0.778
0.872
0.971
0.951
0.990
0.992
1.027
0.997
0.956
1.033
0.974
0.990
1.001
1.029
1.042
1.046
0.968
0.958
0.916
0.877
0.920
0.907
0.809
0.959
0.842
0.811
0.691
0.682
0.639
0.799
0.632
0.678
0.637
0.577
0.752
0.649
0.676
0.815
0.682
0.776
0.626
0.670
0.686
0.697
0.699
0.603
0.780
0.790
0.749
0.809
0.933
0.893
0.790
0.903
0.869
0.972
1.006
1.003
1.000
0.978
0.933
1.000
0.999
0.975
0.988
0.995
1.017
0.897
0.780
0.854
0.909
0.828
0.966
0.962
0.949
0.922
0.847
0.790
0.903
0.896
0.812
0.265
0.239
0.857
0.933
0.929
0.809
0.823
0.776
0.798
0.742
0.850
0.689
0.512
0.515
0.438
0.310
0.072
0.000
0.153
0.072
0.000
0.088
0.114
0.000
0.000
0.102
0.135
0.000
0.102
0.000
0.561
0.144
0.000
0.000
0.161
0.388
0.577
0.651
0.637
0.649
0.647
0.462
0.051
0.284
0.330
0.000
0.135
0.051
0.000
0.125
0.000
0.177
0.000
0.000
0.000
0.125
0.135
0.000
0.000
0.000
0.000
0.000
0.000
0.000
0.000
0.000
0.000
0.000
0.000
0.000
0.000
0.000
0.000
0.000
0.000
0.114
0.222
0.293
0.334
0.244
0.342
0.375
0.297
0.204
0.586
0.375
0.222
0.411
0.551
0.547
0.414
0.657
0.666
0.701
0.381
0.530
0.375
0.570
0.525
0.270
0.398
0.417
0.153
0.169
0.375
0.326
0.222
0.270
0.310
0.169
0.260
0.255
0.222
0.444
0.265
0.395
0.184
0.216
0.346
0.668
0.535
0.330
0.530
0.426
0.426
0.426
0.547
0.293
0.279
0.632
0.441
0.353
0.395
0.395
0.417
0.265
0.527
0.364
0.302
0.184
0.191
0.000
0.385
0.866
0.799
0.799
0.761
0.793
0.819
0.739
0.616
0.655
0.597
0.655
0.697
0.411
0.447
0.426
0.326
0.353
0.288
0.314
0.169
0.244
0.184
0.234
0.244
0.338
0.216
0.153
0.161
0.169
0.204
0.391
0.599
0.357
0.491
0.385
0.293
0.288
0.330
0.228
0.360
0.239
0.326
0.306
0.334
0.216
0.302
0.310
0.378
0.216
0.274
0.260
0.197
0.318
0.234
0.314
0.306
0.260
0.197
0.284
0.197
0.288
0.322
0.204
0.197
0.228
0.210
0.051
0.284
0.293
0.144
0.216
0.191
0.279
0.520
0.547
0.385
0.360
0.310
0.184
0.334
0.326
0.388
0.357
0.314
0.342
0.250
0.297
0.342
0.395
0.161
0.314
0.297
0.381
0.293
0.270
0.435
0.228
0.239
0.310
0.260
0.265
0.088
0.306
0.297
0.244
0.239
0.114
0.306
0.216
0.228
0.222
0.234
0.184
0.114
0.228
0.216
0.177
0.144
0.228
0.000
0.135
0.000
0.255
0.244
0.284
0.293
0.255
0.255
0.184
0.279
0.244
0.169
0.197
0.191
0.288
0.255
0.051
0.000
0.102
0.000
0.000
0.000
0.000
0.000
0.000
0.000
0.051
0.000
0.000
0.000
0.000
0.051
0.102
0.161
0.000
0.000
0.000
0.000
0.197
0.000
0.478
0.435
0.204
0.125
0.177
0.051
0.072
0.000
0.144
0.000
0.135
0.102
0.135
0.000
0.000
0.000
0.088
0.000
0.000
0.000
0.000
0.000
0.000
0.000
0.000
0.000
0.000
0.135
0.000
0.000
0.000
0.000
0.000
0.000
0.293
0.459
0.558
0.525
0.670
0.809
0.845
0.890
0.929
0.890
0.860
0.869
0.923
0.815
0.909
0.889
0.975
0.963
0.970
0.972
0.871
0.976
0.979
1.008
0.975
0.974
