0.690
0.604
0.634
0.495
0.615
0.399
0.406
0.546
0.389
0.309
0.350
0.489
0.393
0.361
0.389
0.413
0.301
0.435
0.419
0.489
0.518
0.997
0.912
0.887
0.832
0.918
0.934
0.905
0.425
0.777
0.835
0.927
0.792
0.957
0.942
0.835
0.861
0.866
0.851
0.881
0.768
0.597
0.435
0.969
0.928
0.846
0.802
0.881
0.962
0.970
0.981
0.908
0.814
0.660
0.670
0.608
0.495
0.747
0.558
0.431
0.543
0.615
0.428
0.772
0.898
0.768
0.640
0.791
0.658
0.915
0.601
0.751
0.758
0.791
0.864
0.872
0.786
0.782
0.799
0.899
0.938
0.852
0.995
0.744
0.935
0.988
0.977
0.914
1.003
0.934
0.786
1.056
0.999
0.846
0.902
0.925
0.698
0.827
0.801
0.812
0.817
0.881
0.806
0.688
0.864
0.815
0.662
0.553
0.758
0.630
0.654
0.765
0.716
0.924
0.941
0.911
0.950
0.952
0.957
0.731
0.782
0.860
0.634
0.779
0.849
0.770
0.802
0.458
0.579
0.824
0.742
0.638
0.877
0.868
0.836
0.890
0.858
0.963
0.935
0.959
0.976
0.991
0.931
0.957
0.835
0.927
0.940
0.933
0.966
0.827
0.880
0.875
0.928
0.991
0.978
0.938
0.836
0.935
1.003
1.018
0.995
0.820
0.931
0.928
0.846
0.648
0.644
0.577
0.772
0.698
0.857
0.733
0.684
0.756
0.747
0.642
0.768
0.828
0.718
0.630
0.543
0.500
0.652
0.567
0.666
0.705
0.638
0.713
0.851
0.713
0.738
0.599
0.546
0.610
0.746
0.952
0.883
0.983
0.937
0.950
0.968
0.555
0.887
0.660
0.735
0.807
0.819
0.883
0.738
0.893
0.875
0.828
0.963
0.887
0.742
0.886
0.924
0.985
0.966
0.987
0.977
0.937
0.965
0.961
0.857
0.895
0.945
0.819
0.711
0.740
0.365
0.713
0.832
0.902
0.840
0.475
0.658
0.583
0.881
0.737
0.923
0.957
0.854
0.886
0.981
0.927
0.899
0.924
0.809
0.841
0.516
0.754
0.920
0.912
0.889
0.847
0.772
0.822
0.528
0.521
0.495
0.318
0.346
0.447
0.350
0.500
0.435
0.473
0.505
0.560
0.461
0.761
0.619
0.623
0.579
0.682
0.461
0.470
0.231
0.670
0.738
0.599
0.819
0.784
0.844
0.711
0.767
0.733
0.619
0.957
1.011
0.858
0.889
0.907
0.941
0.984
0.871
0.881
0.871
0.909
0.869
0.843
0.799
0.678
1.000
1.022
0.789
0.619
0.612
0.804
0.724
0.654
0.648
0.747
0.664
0.489
0.278
0.354
0.322
0.389
0.393
0.489
0.902
0.937
0.963
0.835
0.877
0.959
0.984
0.984
1.000
0.978
0.931
0.941
0.481
0.884
0.690
0.560
0.841
0.840
0.898
0.625
0.684
0.835
0.866
0.895
0.827
0.899
0.733
0.817
0.777
0.738
0.654
0.588
0.563
0.553
0.492
0.612
0.601
0.658
0.588
0.666
0.555
0.563
0.478
0.577
0.425
0.548
0.438
0.409
0.563
0.543
0.441
0.518
0.508
0.521
0.630
0.450
0.500
0.431
0.646
0.475
0.450
0.379
0.403
0.403
0.365
0.984
0.923
0.940
1.029
0.858
0.869
0.901
0.968
0.844
0.950
0.972
0.974
0.907
0.716
0.738
0.586
0.742
0.747
0.558
0.546
0.786
0.972
0.961
0.836
0.722
0.546
0.526
0.368
0.389
0.577
0.572
0.709
0.610
0.368
0.593
0.627
0.419
0.583
0.470
0.484
0.619
0.553
0.528
0.621
0.646
0.505
0.541
0.680
0.497
0.334
0.375
0.346
0.516
0.386
0.475
0.357
0.497
0.638
0.541
0.526
0.278
0.586
0.500
0.484
0.565
0.503
0.287
0.438
0.495
0.435
0.375
0.458
0.518
0.458
0.553
0.495
0.461
0.365
0.258
0.225
0.268
0.282
0.073
0.163
0.163
0.263
0.450
0.126
0.089
0.126
0.511
0.625
0.809
0.733
0.852
0.887
0.917
0.959
0.968
0.920
0.935
0.914
0.930
0.951
0.940
0.828
0.775
0.824
0.799
0.852
0.915
0.893
0.908
0.883
0.740
0.909
0.890
0.835
0.863
0.875
0.619
0.735
0.646
0.555
0.676
0.492
0.740
0.855
0.909
0.819
0.901
0.819
0.851
0.851
0.925
0.923
0.914
0.950
0.915
0.904
0.797
0.896
0.968
0.968
0.942
0.896
0.881
0.925
0.938
0.970
0.974
0.887
0.838
0.931
0.941
0.976
0.806
0.806
0.933
0.951
0.940
0.841
0.902
0.772
0.742
0.844
0.824
0.812
0.881
0.570
0.650
0.744
0.597
0.678
0.690
0.563
0.572
0.676
0.632
0.419
0.558
0.508
0.567
0.650
0.574
0.481
0.497
0.567
0.425
0.533
0.464
0.523
0.487
0.688
0.431
0.724
0.403
0.608
0.597
0.654
0.372
0.692
0.666
0.636
0.503
0.447
0.393
0.455
0.533
0.615
0.621
0.458
0.560
0.263
0.646
0.656
0.478
1.026
1.005
0.733
0.914
0.957
0.907
0.588
0.908
0.847
0.857
0.864
0.981
0.938
0.944
0.930
0.952
0.858
0.857
0.841
0.696
0.731
0.744
0.899
0.954
0.941
0.623
0.825
0.911
0.820
0.817
0.908
0.970
0.938
0.546
0.403
0.419
0.503
0.386
0.560
0.193
0.314
0.242
0.186
0.309
0.186
0.136
0.213
0.242
0.263
0.231
0.305
0.213
0.115
0.146
0.103
0.000
0.186
0.000
0.103
0.193
0.000
0.052
0.000
0.136
0.000
0.146
0.000
0.200
0.000
0.052
0.000
0.073
0.000
0.000
0.000
0.136
0.126
0.089
0.000
0.000
0.000
0.073
0.186
0.000
0.000
0.115
0.000
0.000
0.103
0.103
0.115
0.171
0.089
0.000
0.000
0.052
0.000
0.268
0.670
0.775
0.836
0.777
0.832
0.887
0.901
0.809
0.892
0.833
0.889
0.902
0.841
0.802
0.746
0.720
0.840
0.656
0.824
0.969
0.880
0.895
0.646
0.481
0.577
0.382
0.273
0.242
0.213
0.171
0.193
0.186
0.089
0.236
0.219
0.389
0.334
0.382
0.703
0.774
0.825
0.804
0.354
0.444
0.918
0.836
0.915
0.935
0.911
0.830
0.801
0.908
0.909
0.962
0.924
0.917
0.883
0.896
0.973
0.963
0.819
0.830
0.849
0.794
0.940
0.968
0.889
0.786
0.830
0.899
0.852
0.925
0.962
0.963
0.819
0.836
1.003
0.965
0.952
0.868
0.914
0.993
0.772
0.860
0.892
0.660
0.814
0.883
0.797
0.718
0.688
0.802
0.898
1.116
0.782
0.822
0.968
0.984
0.942
0.792
0.874
0.830
0.804
0.809
0.536
0.350
0.453
0.809
0.484
0.792
0.812
0.422
0.500
0.396
0.694
0.660
0.253
0.425
0.551
0.832
0.784
0.815
0.422
0.326
0.409
0.495
0.475
0.775
0.843
0.528
0.648
0.386
0.282
0.326
0.346
0.536
0.703
0.686
0.729
0.478
0.774
0.646
0.733
0.579
0.422
0.354
0.567
0.674
0.450
0.296
0.425
0.698
0.338
0.644
0.765
0.583
0.792
0.688
0.905
0.898
0.905
0.874
0.642
0.854
0.887
0.883
0.838
0.940
0.969
0.942
0.952
0.912
0.896
0.686
0.789
0.958
0.883
0.775
0.797
0.892
0.761
0.864
0.487
0.855
0.794
0.763
0.694
0.726
0.664
0.758
0.467
0.536
0.718
0.801
0.740
0.857
0.974
0.973
0.627
0.756
0.921
0.908
0.904
0.878
0.890
0.958
0.806
0.740
0.763
0.857
0.944
0.957
1.000
0.942
0.940
0.981
0.854
0.951
0.977
0.970
0.883
0.707
0.819
0.763
0.775
0.676
0.625
0.858
0.915
0.978
0.966
0.874
0.646
0.458
0.648
0.650
0.538
0.720
0.780
0.866
0.942
0.923
0.924
0.857
0.656
0.733
0.674
0.646
0.784
0.767
0.686
0.634
0.478
0.835
0.619
0.513
0.551
0.574
0.541
0.422
0.523
0.574
0.619
0.523
0.318
0.538
0.497
0.593
0.746
0.772
0.638
0.586
0.680
0.583
0.521
0.716
0.296
0.146
0.361
0.787
0.849
1.003
0.920
0.921
0.927
0.912
0.875
0.937
0.812
0.935
1.056
0.857
0.737
0.833
0.872
0.898
0.947
0.908
0.924
0.968
0.884
0.789
0.709
0.684
0.595
0.827
0.670
0.737
0.737
0.858
0.792
0.763
0.640
0.393
0.646
0.765
0.670
0.947
0.820
0.833
0.902
0.957
0.864
0.846
0.724
0.797
0.887
0.920
0.754
0.890
0.840
0.731
0.918
0.874
0.849
0.893
0.851
0.880
0.787
0.802
0.742
0.481
0.419
0.487
0.350
0.386
0.282
0.309
0.610
0.458
0.406
0.326
0.686
0.775
0.761
0.700
0.742
0.604
0.828
0.835
0.749
0.794
0.835
0.872
0.896
0.775
0.824
0.779
0.749
0.899
0.958
0.915
0.954
0.954
0.950
0.924
0.954
0.924
0.779
0.827
0.993
0.789
0.852
0.883
0.920
0.963
0.962
0.896
0.796
0.722
0.908
0.931
1.003
0.980
0.951
0.792
0.871
0.852
0.840
0.905
0.881
0.937
0.782
0.751
0.461
0.735
0.682
0.765
0.703
0.601
0.623
0.428
0.574
0.595
0.623
0.664
0.644
0.503
0.570
0.615
0.513
0.599
0.597
0.664
0.528
0.656
0.608
0.650
0.720
0.536
0.399
0.664
0.676
0.777
0.761
0.758
0.648
0.678
0.662
0.722
0.365
0.634
0.382
0.406
0.688
0.419
0.368
0.438
0.599
0.497
0.696
0.541
1.048
0.948
0.868
1.058
0.724
0.636
0.630
0.779
0.896
0.802
0.814
0.658
0.911
0.952
0.840
0.718
0.403
0.565
0.713
0.678
0.666
0.756
0.722
0.511
0.787
0.806
0.884
0.958
0.835
0.869
0.858
0.630
0.889
0.847
0.825
0.890
0.753
0.467
0.309
0.278
0.231
0.422
0.548
0.225
0.386
0.630
0.791
0.475
0.361
0.500
0.735
0.989
0.940
1.058
0.682
0.928
0.966
0.909
0.881
0.972
0.937
0.860
0.940
0.987
0.938
0.952
0.958
0.792
0.925
0.758
0.784
0.775
0.722
1.009
1.007
0.768
0.784
0.782
0.934
0.892
0.855
0.952
0.930
0.955
0.824
0.747
0.551
0.703
0.686
0.558
0.473
0.379
0.375
0.301
0.236
0.171
0.338
0.558
0.595
0.670
0.809
0.738
0.768
0.893
0.933
0.930
0.992
0.722
0.703
0.987
0.772
0.792
0.784
0.774
0.822
0.796
0.857
0.901
0.970
0.972
0.952
0.941
0.825
0.746
0.599
0.886
0.866
0.761
0.902
0.893
0.934
0.892
0.942
0.976
0.942
0.947
0.961
0.959
0.914
0.981
0.969
0.952
0.930
0.838
0.858
0.822
0.841
0.652
0.680
0.455
0.724
0.822
0.718
0.619
0.640
0.707
0.642
0.615
0.724
0.709
0.672
0.597
0.601
0.772
0.782
0.928
0.972
0.969
0.997
0.980
0.958
0.944
0.935
0.985
0.969
1.031
0.963
0.722
0.847
0.889
0.912
0.796
0.814
0.892
0.884
0.945
0.978
0.899
0.796
0.709
0.799
0.799
0.860
0.567
0.811
0.892
0.907
0.912
0.947
0.915
0.777
0.863
0.951
0.802
0.731
0.763
0.811
0.889
0.612
0.403
0.236
0.193
0.231
0.236
0.287
0.338
0.368
0.386
0.447
0.146
0.403
0.696
0.354
0.296
0.278
0.560
0.608
0.768
0.601
0.772
0.789
0.832
0.574
0.770
0.881
0.801
0.789
0.861
0.846
0.792
0.815
0.838
0.817
0.890
0.923
0.902
0.777
0.868
0.940
0.962
0.963
0.917
0.902
0.794
0.801
0.830
0.843
0.884
0.892
0.914
0.959
0.954
0.937
0.931
0.920
0.991
0.987
1.000
0.972
0.880
0.722
0.828
0.911
0.966
0.753
0.852
0.747
0.590
0.718
0.403
0.533
0.599
0.666
0.638
0.521
0.444
0.804
0.791
0.648
0.538
0.511
0.546
0.548
0.428
0.648
0.878
1.008
0.857
0.935
0.896
0.737
0.892
0.966
0.951
0.980
0.931
0.930
0.965
0.981
0.930
0.954
0.696
0.453
0.581
0.720
0.570
0.372
0.409
0.206
0.200
0.326
0.186
0.200
0.292
0.338
0.475
0.467
0.416
0.413
0.296
0.444
0.186
0.219
0.296
0.413
0.242
0.200
0.301
0.365
0.767
0.703
0.487
0.740
0.869
0.604
0.565
0.878
0.905
0.947
0.901
0.918
0.934
0.952
0.863
0.957
0.887
0.924
0.883
0.871
0.668
0.844
0.881
0.765
0.779
0.650
0.696
0.908
0.838
0.775
0.640
0.735
0.698
0.742
0.809
0.792
0.581
0.334
0.413
0.346
0.425
0.334
0.200
0.361
0.630
0.503
0.484
0.696
0.718
0.632
0.563
0.601
0.754
0.852
0.662
0.815
0.711
0.854
0.843
1.030
0.938
0.838
0.851
0.923
0.912
0.925
0.944
0.921
0.847
0.858
0.920
0.914
0.924
0.838
0.694
0.715
0.819
0.918
0.908
0.914
0.822
0.871
0.738
0.786
0.852
0.760
0.874
0.907
0.965
0.958
0.927
0.931
0.801
0.941
0.931
0.892
0.819
0.904
0.698
0.860
0.318
0.497
0.716
0.858
0.883
0.909
0.806
0.833
0.560
0.658
0.654
0.516
0.684
0.632
0.662
0.654
0.744
0.572
0.686
0.642
0.604
0.660
1.056
0.925
0.907
0.942
0.958
0.940
0.911
0.996
0.909
0.787
0.899
0.866
0.955
0.955
0.944
0.950
0.973
0.928
0.841
0.931
0.954
0.937
0.948
0.907
0.942
0.912
0.565
0.268
0.225
0.767
0.858
0.875
0.930
0.947
0.931
0.892
0.878
0.847
0.892
0.819
0.753
0.852
0.835
0.664
0.680
0.652
0.658
0.690
0.811
0.318
0.242
0.453
0.625
0.615
0.565
0.473
0.692
0.467
0.528
0.478
0.475
0.565
0.599
0.874
0.931
0.993
0.981
0.974
0.984
0.944
0.904
0.931
0.921
0.930
0.902
0.880
0.895
0.887
0.789
0.705
0.806
0.656
0.836
0.849
0.908
0.952
0.985
1.007
0.796
0.782
0.765
0.409
0.648
0.763
0.758
0.632
0.513
0.447
0.393
0.654
0.775
0.775
0.615
0.765
0.866
0.835
0.892
0.985
0.976
0.957
0.945
0.586
0.815
0.828
0.761
0.768
0.782
0.742
0.553
0.731
0.565
0.541
0.577
0.738
0.583
0.644
0.630
0.489
0.588
0.567
0.403
0.570
0.684
0.623
0.895
0.579
0.674
0.646
0.567
0.646
0.572
0.855
0.553
0.767
0.623
0.772
0.648
0.749
0.492
0.684
0.610
0.786
0.588
0.784
0.715
0.455
0.526
0.833
0.606
0.838
0.992
1.012
0.735
0.720
0.740
0.731
0.889
1.003
0.923
0.844
0.911
0.770
0.904
0.809
0.782
0.887
0.817
0.287
0.350
0.481
0.577
0.796
0.789
0.707
0.868
0.581
0.444
0.937
0.844
0.884
0.874
0.898
0.828
0.893
0.893
0.902
0.827
0.860
0.804
0.811
0.880
0.742
0.724
0.828
0.844
0.586
0.621
0.782
0.896
0.923
0.898
0.931
0.844
0.841
0.467
0.797
0.746
0.875
0.774
0.703
0.779
0.796
0.830
0.887
0.849
0.756
0.917
0.864
0.809
0.447
0.615
0.640
0.701
0.696
0.342
0.518
0.435
0.503
0.253
0.292
0.263
0.219
0.282
0.453
0.500
0.636
0.386
0.590
0.724
0.768
0.700
0.690
0.528
0.583
0.799
0.792
0.830
0.733
0.807
0.847
0.874
0.709
0.751
0.914
0.884
0.847
0.849
0.869
0.854
0.830
0.886
0.815
0.662
0.644
0.690
0.625
0.746
0.658
0.570
0.843
0.656
0.775
0.849
0.822
0.794
0.737
0.855
0.828
0.770
0.700
0.775
0.718
0.574
0.409
0.751
0.887
0.957
0.941
0.941
0.937
0.928
0.969
0.905
0.898
0.893
0.727
0.811
0.895
0.976
0.993
0.854
0.278
0.273
0.623
0.819
0.852
0.846
0.767
0.698
0.680
0.700
0.630
0.707
0.817
0.690
0.678
0.615
0.632
0.700
0.668
0.599
0.660
0.632
0.536
0.593
0.597
0.621
0.538
0.526
0.505
0.581
0.646
0.450
0.500
0.461
0.536
0.518
0.533
0.505
0.538
0.461
0.500
0.287
0.475
0.528
1.025
0.907
1.051
0.686
0.751
0.947
0.948
0.763
0.841
0.688
0.817
0.606
0.898
0.692
0.832
0.713
0.646
0.720
0.386
0.909
1.016
0.972
0.851
0.838
0.733
0.775
0.662
0.733
0.678
0.676
0.767
0.652
0.599
0.918
0.574
0.849
0.887
0.871
0.899
0.801
0.866
0.796
0.877
0.782
0.892
0.871
0.754
0.726
0.615
0.758
0.684
0.413
0.361
0.393
0.242
0.368
0.273
0.200
0.163
0.467
0.375
0.330
1.046
0.869
0.375
0.847
0.791
0.654
0.588
0.634
0.563
0.640
0.508
0.619
0.705
0.646
0.292
0.346
0.368
0.292
0.193
0.193
0.521
0.521
0.268
0.495
0.518
0.543
0.516
0.646
0.638
0.461
0.422
0.453
0.513
0.612
0.500
0.484
0.382
0.696
0.756
0.705
0.787
0.799
0.672
0.774
0.735
0.447
0.484
0.789
0.846
0.918
0.933
1.005
0.950
0.931
0.852
0.965
0.957
0.987
0.950
0.899
0.871
0.955
0.646
0.608
0.968
0.890
0.718
0.763
0.801
0.688
0.847
0.846
0.886
0.744
0.806
0.777
0.705
0.749
0.672
0.551
0.617
0.612
0.638
0.684
0.646
0.787
0.623
0.615
0.838
0.777
0.701
0.621
0.470
0.615
0.638
0.536
0.399
0.654
0.911
0.644
0.560
0.523
0.565
0.999
0.855
0.881
0.935
0.841
0.729
0.880
0.928
0.722
0.820
0.843
0.836
0.857
0.835
0.872
0.855
0.797
0.760
0.738
0.774
0.784
0.827
0.761
0.866
0.815
0.877
0.934
0.863
0.861
0.857
0.909
0.898
0.278
0.690
0.884
0.765
0.658
0.623
0.718
0.676
0.801
0.700
0.640
0.656
0.768
0.630
0.981
0.835
0.904
0.820
0.907
0.861
0.652
0.817
0.682
0.963
0.886
0.815
0.861
0.827
0.847
0.871
0.698
0.791
0.901
0.533
0.662
0.884
0.646
0.648
0.713
0.758
0.389
0.330
0.309
0.247
0.305
0.200
0.389
0.314
0.126
0.292
0.282
0.292
0.511
0.263
0.342
0.236
0.350
0.382
0.242
0.441
0.478
0.516
0.772
0.686
0.796
0.763
0.747
0.789
0.740
0.789
0.827
0.775
0.789
0.858
0.902
0.912
0.884
0.872
0.920
0.909
0.925
0.896
0.825
0.627
0.864
0.945
0.935
0.974
0.924
0.802
0.860
0.789
0.654
0.799
0.796
0.767
0.907
0.954
0.961
0.958
0.966
0.980
1.001
0.985
0.996
0.974
0.914
0.896
0.866
0.861
0.886
0.871
0.672
0.570
0.686
0.761
0.772
0.676
0.784
0.518
0.610
0.595
0.761
0.593
0.726
0.638
0.606
0.804
0.846
0.786
0.393
0.450
0.403
0.658
0.350
0.342
0.268
0.330
0.593
0.551
0.247
0.632
0.478
0.450
0.422
0.268
0.428
0.497
0.763
0.746
0.505
0.548
0.287
0.365
0.268
0.586
0.389
0.354
0.231
0.425
0.955
0.707
0.508
0.497
0.615
0.827
0.828
0.744
0.840
0.881
0.869
0.984
1.005
0.942
0.970
0.716
0.435
0.481
0.458
0.431
0.225
0.365
0.253
0.253
0.292
0.263
0.318
0.200
0.292
0.000
0.073
0.179
0.186
0.052
0.136
0.073
0.000
0.000
0.171
0.171
0.089
0.193
0.073
0.000
0.073
0.000
0.000
0.000
0.326
0.000
0.000
0.000
0.073
0.000
0.000
0.000
0.000
0.000
0.000
0.000
0.000
0.000
0.073
0.000
0.000
0.000
0.000
0.000
0.000
0.000
0.000
0.000
0.000
0.000
0.000
0.163
0.000
0.000
0.000
0.000
0.000
0.000
0.126
0.000
0.000
0.052
0.073
0.000
0.000
0.000
0.103
0.000
0.089
0.000
0.115
0.089
0.000
0.000
0.000
0.000
0.000
0.000
0.126
0.000
0.000
0.000
0.000
0.000
0.000
0.052
0.155
0.000
0.052
0.000
0.115
0.000
0.000
0.000
0.115
0.000
0.146
0.200
0.000
0.000
0.000
0.103
0.000
0.000
0.052
0.052
0.000
0.163
0.000
0.000
0.000
0.000
0.171
0.000
0.282
0.511
0.318
0.000
0.503
0.627
0.672
0.606
0.500
0.236
0.000
0.052
0.000
0.136
0.163
0.089
0.000
0.115
0.073
0.126
0.473
0.770
0.830
0.768
0.836
0.918
0.904
0.872
0.852
0.815
0.872
0.915
0.945
0.938
0.941
0.896
0.958
0.901
0.940
0.930
0.835
0.799
0.406
0.666
0.825
0.779
0.690
0.447
0.500
0.431
0.179
0.428
0.495
0.558
0.684
0.630
0.606
0.543
0.428
0.701
0.737
0.543
0.543
0.670
0.824
0.802
0.608
0.872
0.855
0.884
0.889
0.890
0.884
0.792
0.857
0.809
0.811
0.760
0.914
0.905
0.937
0.968
0.959
0.933
0.918
0.825
0.844
0.791
0.896
0.921
0.933
0.978
0.955
0.907
0.893
0.954
0.895
0.731
0.878
0.905
0.954
0.977
0.952
0.978
0.984
0.884
0.753
0.909
0.796
0.664
0.500
0.666
0.642
0.718
0.802
0.630
0.832
0.928
0.792
0.666
0.843
0.815
0.586
0.604
0.553
0.461
0.528
0.590
0.419
0.379
0.548
0.583
0.593
0.447
0.546
0.500
0.617
0.586
0.503
0.318
0.447
0.282
0.368
0.305
0.296
0.330
0.453
0.438
0.273
0.305
0.146
0.396
0.346
0.444
0.379
0.342
0.389
0.322
0.447
0.386
0.866
0.701
0.604
0.684
0.670
0.763
0.828
0.726
0.729
0.904
0.940
0.940
0.942
0.915
0.954
0.955
0.918
0.840
0.951
0.884
0.886
0.898
0.858
0.962
0.974
0.908
0.928
0.947
0.963
0.950
0.924
0.386
0.052
0.608
0.193
0.495
0.428
0.330
0.428
0.247
0.296
0.200
0.258
0.314
0.330
0.146
0.193
0.206
0.258
0.461
0.438
0.292
0.179
0.314
0.478
0.338
0.478
0.357
0.342
0.389
0.000
0.330
0.399
0.268
0.330
0.236
0.213
0.236
0.247
0.179
0.441
0.428
0.382
0.531
0.219
0.422
0.273
0.163
0.231
0.225
0.396
0.399
0.406
0.422
0.258
0.000
0.458
0.236
0.533
0.334
0.330
0.450
0.322
0.213
0.193
0.219
0.000
0.000
0.000
0.089
0.000
0.000
0.163
0.000
0.000
0.231
0.000
0.089
0.073
0.000
0.193
0.000
0.115
0.000
0.052
0.000
0.089
0.052
0.000
0.000
0.000
0.000
0.000
0.052
0.089
0.318
0.186
0.000
0.146
0.052
0.115
0.000
0.000
0.073
0.000
0.000
0.000
0.000
0.103
0.000
0.000
0.000
0.000
0.115
0.000
0.000
0.052
0.000
0.089
0.000
0.073
0.146
0.000
0.163
0.000
0.073
0.000
0.000
0.000
0.000
0.301
0.375
0.236
0.403
0.200
0.538
0.268
0.521
0.450
0.357
0.163
0.000
0.000
0.126
0.273
0.000
0.163
0.115
0.000
0.163
0.073
0.000
0.000
0.000
0.179
0.115
0.000
0.052
0.000
0.000
0.000
0.000
0.000
0.073
0.200
0.171
0.171
0.000
0.292
0.555
0.292
0.287
0.258
0.236
0.330
0.406
0.817
0.747
0.782
0.905
0.928
0.912
0.887
0.899
0.933
0.843
0.907
0.890
0.841
0.855
0.947
0.861
0.467
0.604
0.767
0.326
0.707
0.627
0.200
0.646
0.716
0.678
0.526
0.802
0.820
0.623
0.756
0.804
0.664
0.322
0.735
0.765
0.890
0.875
0.925
0.947
0.945
0.861
0.874
0.892
0.915
0.912
0.720
0.878
0.899
0.864
0.570
0.866
0.933
0.871
0.772
0.820
0.731
0.843
0.871
0.858
0.789
0.898
0.957
0.968
0.952
0.933
0.955
0.978
0.955
0.827
0.767
0.849
0.884
0.940
0.992
0.951
0.763
0.642
0.666
0.872
0.756
0.763
0.636
0.648
0.551
0.676
0.563
0.536
0.640
0.686
0.484
0.634
0.538
0.581
0.599
0.652
0.581
0.428
0.660
0.807
0.851
0.852
0.958
1.106
0.838
0.864
0.899
0.428
0.933
0.925
1.000
1.000
0.974
0.713
0.877
0.945
0.784
0.881
0.966
0.952
0.917
0.907
0.957
0.942
0.917
0.890
0.844
0.838
0.907
0.942
0.863
0.840
0.854
0.904
0.858
0.958
0.954
0.918
0.758
0.855
0.924
0.927
0.886
0.904
0.947
0.784
0.735
0.698
0.588
0.758
0.461
0.354
0.727
0.802
0.802
0.731
0.709
0.543
0.774
0.754
0.883
0.536
0.806
0.794
0.713
0.740
0.660
0.553
0.737
0.789
0.918
0.985
0.775
0.779
0.912
0.895
0.844
0.911
0.942
0.920
0.911
0.854
0.927
0.909
0.792
0.855
0.792
0.872
0.907
0.974
0.950
0.985
0.992
0.951
0.886
0.909
0.887
0.908
0.965
0.958
0.763
0.927
0.933
0.890
0.763
0.881
0.815
0.753
0.680
0.606
0.747
0.588
0.720
0.670
0.642
0.528
0.606
0.627
0.692
0.581
0.784
0.772
0.806
0.851
0.811
0.742
0.567
0.804
0.484
0.458
0.586
0.487
0.531
0.447
0.458
0.503
0.458
0.676
0.709
0.668
0.581
0.812
0.546
0.258
0.292
0.314
0.273
0.163
0.318
0.409
0.342
0.386
0.666
0.593
0.640
0.660
0.508
0.640
0.962
0.988
0.768
0.966
0.866
0.508
0.899
0.908
0.789
0.780
0.713
0.425
0.875
0.513
0.478
0.623
0.654
0.851
0.746
0.861
0.758
0.595
0.636
0.508
0.386
0.338
0.263
0.495
0.684
0.253
0.263
0.263
0.379
0.282
0.508
0.487
0.503
0.581
0.763
0.346
0.171
0.822
0.615
0.925
0.806
0.828
0.733
0.467
0.644
0.735
0.650
0.664
0.551
0.627
0.389
0.322
0.330
0.428
0.406
0.715
0.428
0.422
0.523
0.567
0.481
0.425
0.309
0.601
0.292
0.389
0.543
0.464
0.791
0.718
0.828
0.500
0.638
0.606
0.361
0.368
0.386
0.219
0.225
0.330
0.334
0.505
0.548
0.597
0.242
0.531
0.455
0.676
0.804
0.670
0.495
0.644
0.899
0.851
0.774
0.828
0.945
1.000
0.753
0.801
0.942
0.958
0.934
0.904
0.925
0.835
0.754
0.758
0.678
0.738
0.570
0.822
0.860
0.680
0.874
0.768
0.660
0.858
0.718
0.791
0.632
0.678
0.521
0.688
0.832
0.815
1.005
0.802
0.958
0.775
0.801
0.924
0.934
0.927
0.179
0.115
0.000
0.413
0.819
0.774
0.904
0.918
0.899
0.927
0.957
0.945
0.977
0.902
0.957
0.898
0.935
0.928
0.650
0.292
0.546
0.709
0.724
0.838
0.692
0.874
0.838
0.941
0.972
0.904
0.511
0.492
0.731
0.761
0.878
0.942
0.966
1.000
0.962
0.878
0.855
0.917
0.884
0.777
0.851
0.836
0.703
0.754
0.601
0.638
0.505
0.666
0.672
0.692
0.441
0.558
0.516
0.636
0.680
0.533
0.425
0.438
0.292
0.492
0.455
0.492
0.403
0.450
0.484
0.563
0.567
0.318
0.368
0.342
0.386
0.435
0.346
0.287
0.089
0.338
0.857
0.770
0.694
0.912
0.898
0.815
0.901
0.789
0.416
0.753
0.688
0.518
0.458
0.464
0.505
0.263
0.615
0.817
0.617
0.612
0.711
0.893
0.698
0.811
0.804
0.874
0.830
0.768
0.484
0.416
0.357
0.450
0.419
0.531
0.630
0.777
0.927
0.751
0.917
0.884
0.664
0.555
0.896
0.904
0.869
0.930
0.937
0.912
0.933
0.836
0.779
0.705
0.807
0.889
0.720
0.784
0.749
0.738
0.814
0.802
0.817
0.718
0.646
0.606
0.684
0.413
0.588
0.610
0.780
0.869
0.753
0.688
0.763
0.640
0.636
0.357
0.526
0.777
0.914
0.977
0.866
0.784
0.841
0.920
0.881
0.934
0.896
0.863
0.896
0.941
0.804
0.807
0.779
0.774
0.553
0.682
0.789
0.711
0.767
0.843
0.796
0.642
0.782
0.642
0.796
0.682
0.770
0.597
0.847
0.786
0.822
0.915
0.934
0.954
0.948
0.965
0.992
0.957
0.954
1.018
0.978
0.931
0.954
0.968
0.999
0.977
0.963
0.972
1.000
0.789
0.920
0.890
0.869
0.782
0.450
0.570
0.487
0.744
0.744
0.680
0.819
0.832
0.824
0.608
0.742
0.676
0.583
0.567
0.581
0.608
0.572
0.528
0.656
0.583
0.513
0.625
0.508
0.505
0.646
0.680
0.615
0.680
0.789
0.513
0.893
1.076
0.833
0.650
0.875
0.883
0.942
0.869
0.945
0.951
0.954
0.869
0.890
0.809
0.543
0.396
0.497
0.393
0.497
0.644
0.652
0.968
1.067
0.644
0.650
0.835
0.727
0.700
0.709
0.817
0.896
0.857
0.908
0.945
0.958
0.952
0.937
0.931
0.942
0.928
0.909
0.895
0.791
0.780
0.860
0.902
0.895
0.877
0.794
0.969
0.955
0.731
0.768
0.866
0.553
0.774
0.746
0.738
0.666
0.467
0.382
0.287
0.314
0.301
0.413
0.382
0.225
0.136
0.171
0.179
0.000
0.000
0.000
0.136
0.073
0.089
0.000
0.089
0.000
0.000
0.052
0.103
0.089
0.000
0.000
0.073
0.000
0.000
0.103
0.136
0.155
0.000
0.000
0.000
0.000
0.000
0.000
0.000
0.314
0.361
0.278
0.242
0.322
0.330
0.389
0.521
0.670
0.500
0.701
0.560
0.610
0.492
0.854
0.847
0.944
0.833
0.880
0.874
0.898
0.832
0.828
0.705
0.820
0.801
0.963
0.792
0.632
0.819
0.920
0.908
0.819
0.820
0.656
0.292
0.342
0.523
0.565
0.242
0.526
0.737
0.809
0.753
0.812
0.782
0.857
0.872
0.709
0.615
0.763
0.668
0.765
0.887
0.958
0.927
0.931
0.880
0.864
0.963
1.005
0.995
0.969
0.969
0.902
0.927
0.863
0.961
0.959
0.904
0.927
0.744
0.403
0.342
0.680
0.758
0.797
0.777
0.724
0.804
0.784
0.682
0.740
0.640
0.751
0.729
0.680
0.676
0.751
0.668
0.516
0.692
0.700
0.682
0.688
0.726
0.947
1.056
0.646
0.563
0.806
0.908
0.682
0.904
0.887
0.958
0.836
0.729
0.282
0.413
0.577
0.705
0.696
0.548
0.350
0.393
0.287
0.742
0.807
0.546
0.820
0.847
0.799
0.674
0.877
0.646
0.450
0.692
0.684
0.747
0.727
0.382
0.435
0.382
0.334
0.543
0.526
0.487
0.513
0.447
0.242
0.694
0.484
0.688
0.682
0.722
0.749
0.604
0.558
0.658
0.754
0.751
0.668
0.887
0.902
0.901
0.912
0.940
0.934
0.987
0.860
0.789
0.715
0.806
0.835
0.825
0.470
0.650
0.533
0.737
0.718
0.786
0.895
0.841
0.907
0.880
0.841
0.890
0.724
0.928
0.927
0.963
0.917
0.521
0.774
0.775
0.711
0.558
0.389
0.386
0.666
0.660
0.791
0.590
0.354
0.309
0.354
0.441
0.523
0.475
0.475
0.749
0.815
0.619
1.061
0.944
0.686
0.830
0.869
0.849
0.825
0.855
0.909
0.931
0.941
0.938
0.921
0.933
0.959
0.896
0.952
0.914
0.849
0.819
0.807
0.807
0.765
0.877
0.804
0.925
0.976
0.993
0.948
0.974
0.962
0.976
0.901
0.928
0.852
0.951
0.983
0.809
0.815
0.925
0.782
0.792
0.668
0.777
0.747
0.799
0.846
0.791
0.729
0.696
0.753
0.533
0.461
0.513
0.642
0.640
0.634
0.612
0.581
0.617
0.528
0.676
0.523
0.590
0.654
0.619
0.590
0.744
0.513
0.553
0.565
0.438
0.406
0.478
0.610
0.521
0.450
0.595
0.523
0.563
0.386
0.581
0.484
0.541
0.470
0.489
0.467
0.595
0.617
0.438
0.642
0.428
0.644
0.484
0.413
0.590
0.541
0.590
0.382
0.621
0.500
0.558
0.711
0.899
0.838
0.841
0.840
0.944
0.838
0.934
0.777
0.733
0.794
0.887
0.737
0.642
0.528
0.484
0.301
0.330
0.422
0.361
0.179
0.553
0.500
0.372
0.282
0.555
0.372
0.393
0.409
0.523
0.444
1.008
0.907
0.864
0.854
0.890
0.890
0.993
0.951
0.761
0.768
0.817
0.692
0.887
0.820
0.817
0.698
0.672
0.786
0.492
0.346
0.705
0.656
0.746
0.652
0.658
0.636
0.777
0.784
0.852
0.869
0.898
0.731
0.787
0.701
0.825
0.791
0.855
0.809
0.447
0.670
0.742
0.846
0.761
0.761
0.586
0.807
0.789
0.772
0.692
0.346
0.634
0.740
0.756
0.814
0.684
0.784
0.703
0.854
0.935
0.935
0.841
0.914
0.941
0.822
0.802
0.822
0.753
0.830
0.698
0.777
0.684
0.475
0.720
0.791
0.767
0.735
0.572
0.579
0.595
0.447
0.396
0.346
0.775
0.727
0.822
0.765
0.825
0.744
0.763
0.744
0.828
0.914
0.887
0.896
0.948
0.977
0.923
0.914
0.838
0.890
0.880
0.722
0.640
0.802
0.811
0.840
0.833
0.909
0.905
0.912
0.812
0.840
0.937
0.965
0.966
0.911
0.892
0.901
0.934
0.972
0.966
0.914
0.684
0.884
0.606
0.627
0.774
0.701
0.806
0.866
0.884
0.758
0.772
0.654
0.784
0.705
0.450
0.782
0.630
0.682
0.619
0.505
0.528
0.700
0.707
0.779
0.686
0.634
0.634
0.644
0.475
0.513
0.593
0.612
0.701
0.709
0.608
0.409
0.464
0.590
0.692
0.597
0.478
0.450
0.937
0.852
1.003
0.722
0.851
0.901
0.934
0.658
0.799
0.902
0.666
0.740
0.875
0.860
0.887
0.941
0.951
0.961
0.980
0.950
0.911
0.815
0.840
0.841
0.599
0.707
0.749
0.565
0.768
0.860
0.720
0.851
0.935
0.895
0.920
0.820
0.664
0.558
0.918
0.905
0.726
0.258
0.500
0.654
0.342
0.572
0.416
0.382
0.338
0.583
0.608
0.296
0.368
0.819
0.703
0.492
0.375
0.365
0.296
0.375
0.458
0.263
0.330
0.326
0.073
0.193
0.089
0.163
0.179
0.103
0.126
0.000
0.000
0.146
0.701
0.872
0.838
0.930
0.907
0.887
0.884
0.794
0.824
0.807
0.726
0.731
0.854
0.782
0.747
0.690
0.711
0.694
0.601
0.475
0.563
0.623
0.668
0.648
0.692
0.678
0.278
0.322
0.213
0.000
0.247
0.350
0.435
0.382
0.406
0.617
0.746
0.599
0.684
0.296
0.470
0.722
0.654
0.812
0.804
0.792
0.895
0.869
0.889
0.868
0.802
0.923
0.920
0.931
0.931
0.912
0.954
0.961
0.952
0.935
0.896
0.930
0.938
0.920
0.895
0.914
0.950
0.958
0.965
0.962
0.827
0.812
0.861
0.961
0.973
0.927
0.884
0.896
0.772
0.447
0.431
0.379
0.450
0.546
0.543
0.658
0.438
0.489
0.379
0.305
0.503
0.492
0.516
0.435
0.318
0.213
0.193
0.193
0.236
0.382
0.206
0.155
0.052
0.200
0.136
0.163
0.396
0.000
0.000
0.000
0.000
0.000
0.000
0.000
0.186
0.000
0.115
0.089
0.200
0.000
0.000
0.000
0.000
0.000
0.000
0.000
0.000
0.000
0.000
0.000
0.000
0.073
0.000
0.155
0.000
0.000
0.089
0.000
0.000
0.000
0.089
0.000
0.000
0.000
0.000
0.000
0.000
0.000
0.000
0.000
0.052
0.000
0.000
0.000
0.000
0.334
0.386
0.292
0.000
0.338
0.548
0.619
0.738
0.738
0.744
0.744
0.772
0.583
0.595
0.825
0.740
0.632
0.658
0.676
0.700
0.538
0.610
0.642
0.761
0.305
0.656
0.830
0.847
0.779
0.787
0.740
0.505
0.330
0.461
0.365
0.354
0.597
0.301
0.531
0.678
0.809
0.814
0.553
0.346
0.368
0.419
0.523
0.678
0.782
0.690
0.350
0.146
0.292
0.615
0.409
0.330
0.416
0.495
0.453
0.318
0.179
0.386
0.526
0.676
0.733
0.481
0.206
0.419
0.393
0.379
0.403
0.536
0.735
0.915
0.650
1.021
0.786
0.889
0.930
0.875
0.959
0.958
0.861
0.735
0.648
0.791
0.553
0.763
0.820
0.588
0.715
0.396
0.756
0.775
0.828
0.901
0.902
0.934
0.947
0.921
0.947
0.945
0.908
0.920
0.947
0.909
0.652
0.740
0.925
0.920
0.840
0.860
0.935
0.860
0.642
0.756
0.634
0.648
0.938
0.895
0.976
0.533
0.615
0.487
0.492
0.543
0.425
0.487
0.492
0.438
0.453
0.518
0.670
0.500
0.382
0.574
0.684
0.782
0.737
0.593
0.827
0.820
0.917
0.928
0.950
0.843
0.959
0.835
0.830
0.914
0.880
0.895
0.948
0.858
0.902
0.907
0.791
0.860
0.917
0.950
0.934
0.895
0.948
0.950
0.908
0.928
0.912
0.923
0.934
0.738
0.861
0.872
0.904
0.924
0.774
0.583
0.533
0.528
0.840
0.866
0.901
0.968
0.977
0.969
0.846
0.843
0.751
0.735
0.632
0.674
0.701
0.742
0.625
0.664
0.615
0.484
0.438
0.621
0.656
0.597
0.694
