0.681
0.054
0.000
0.000
0.000
0.000
0.000
0.000
0.000
0.000
0.000
0.093
0.000
0.054
0.000
0.000
0.000
0.000
0.000
0.142
0.000
0.000
0.076
0.000
0.000
0.093
0.000
0.000
0.000
0.000
0.000
0.132
0.179
0.000
0.132
0.000
0.179
0.000
0.000
0.000
0.000
0.000
0.000
0.000
0.000
0.000
0.000
0.000
0.000
0.000
0.000
0.000
0.000
0.000
0.000
0.000
0.000
0.215
0.120
0.000
0.120
0.076
0.000
0.000
0.000
0.132
0.000
0.093
0.000
0.000
0.000
0.000
0.000
0.000
0.000
0.054
0.000
0.000
0.000
0.000
0.108
0.000
0.076
0.000
0.000
0.000
0.000
0.000
0.000
0.000
0.054
0.000
0.054
0.093
0.108
0.000
0.000
0.093
0.000
0.132
0.000
0.000
0.000
0.000
0.000
0.120
0.000
0.000
0.000
0.000
0.000
0.000
0.000
0.000
0.000
0.000
0.000
0.000
0.000
0.241
0.000
0.000
0.000
0.000
0.000
0.264
0.201
0.000
0.000
0.132
0.000
0.000
0.000
0.000
0.000
0.000
0.000
0.000
0.120
0.142
0.000
0.093
0.000
0.000
0.000
0.000
0.000
0.000
0.000
0.000
0.000
0.152
0.187
0.000
0.000
0.000
0.000
0.000
0.000
0.000
0.000
0.000
0.000
0.000
0.000
0.000
0.000
0.000
0.000
0.000
0.000
0.000
0.000
0.000
0.000
0.000
0.054
0.000
0.000
0.000
0.000
0.000
0.000
0.000
0.000
0.000
0.000
0.000
0.000
0.000
0.000
0.000
0.000
0.000
0.000
0.000
0.000
0.076
0.000
0.000
0.000
0.000
0.000
0.000
0.000
0.000
0.000
0.000
0.000
0.000
0.000
0.000
0.000
0.000
0.000
0.000
0.000
0.000
0.000
0.000
0.000
0.000
0.000
0.000
0.000
0.000
0.000
0.000
0.120
0.000
0.000
0.000
0.000
0.000
0.000
0.000
0.000
0.000
0.000
0.000
0.054
0.194
0.187
0.162
0.000
0.000
0.000
0.000
0.000
0.000
0.241
0.000
0.000
0.000
0.000
0.000
0.000
0.000
0.000
0.000
0.000
0.000
0.000
0.215
0.000
0.000
0.120
0.170
0.000
0.000
0.000
0.000
0.000
0.000
0.000
0.000
0.000
0.235
0.120
0.000
0.000
0.170
0.201
0.314
0.170
0.000
0.142
0.108
0.323
0.357
0.108
0.538
0.353
0.222
0.457
0.508
0.388
0.570
0.642
0.706
0.816
0.668
0.728
0.479
0.475
0.463
0.403
0.427
0.554
0.399
0.388
0.280
0.431
0.698
0.619
0.708
0.750
0.708
0.710
0.809
0.806
0.824
0.704
0.728
0.646
0.767
0.816
0.789
0.827
0.834
0.775
0.742
0.797
0.870
0.868
0.802
0.808
0.754
0.775
0.607
0.800
0.736
0.600
0.780
0.870
0.875
0.822
0.630
0.708
0.694
0.635
0.791
0.816
0.871
0.910
0.943
0.904
0.922
0.639
0.648
0.886
0.797
0.696
0.804
0.630
0.530
0.577
0.885
0.946
0.632
0.424
0.744
0.808
0.702
0.797
0.511
0.738
0.822
0.802
0.848
0.585
0.592
0.767
0.795
0.789
0.718
0.659
0.609
0.592
0.528
0.716
0.648
0.758
0.742
0.907
0.968
0.978
0.993
0.997
0.984
0.987
0.968
0.327
0.780
0.554
0.765
0.917
0.829
0.736
0.940
0.888
0.945
0.901
0.836
0.906
0.894
0.934
0.870
0.836
0.744
0.582
0.726
0.752
0.683
0.585
0.702
0.662
0.490
0.410
0.639
0.702
0.734
0.637
0.708
0.516
0.516
0.585
0.369
0.587
0.572
0.414
0.431
0.496
0.514
0.463
0.552
0.490
0.496
0.357
0.381
0.488
0.565
0.590
0.469
0.600
0.679
0.592
0.898
0.793
0.511
0.653
0.406
0.472
0.496
0.327
0.434
0.600
0.493
0.488
0.587
0.839
0.630
0.341
0.508
0.582
0.447
0.444
0.655
0.820
0.646
0.778
0.799
0.700
0.505
0.332
0.332
0.381
0.778
0.759
0.626
0.788
0.514
0.642
0.844
0.700
0.602
0.604
0.789
0.728
0.454
0.659
0.552
0.377
0.399
0.600
0.664
0.444
0.786
0.595
0.590
0.639
0.533
0.657
0.675
0.692
0.580
0.560
0.642
0.744
0.876
0.664
0.575
1.013
0.901
0.848
0.871
0.834
0.392
0.646
0.479
0.742
0.702
0.813
0.789
0.710
0.635
0.621
0.793
0.648
0.891
0.800
0.909
0.886
0.966
0.831
0.585
0.533
0.644
0.621
0.750
0.839
0.730
0.775
0.876
0.848
0.906
0.917
0.865
0.836
0.888
0.902
0.883
0.899
0.945
0.928
0.965
0.968
0.963
0.946
0.853
0.870
0.868
0.898
0.831
0.825
0.902
0.809
0.855
0.846
0.815
0.876
0.791
0.700
0.865
0.689
0.609
0.773
0.920
0.858
0.822
0.345
0.336
0.414
0.241
0.384
0.327
0.187
0.332
0.093
0.000
0.132
0.323
0.460
0.450
0.235
0.093
0.108
0.162
0.054
0.132
0.132
0.541
0.132
0.580
0.809
0.875
0.948
0.853
0.683
0.856
0.780
0.759
0.493
0.937
0.846
0.525
0.839
0.611
0.756
0.797
0.883
0.544
0.377
0.765
0.632
0.420
0.834
0.687
0.664
0.424
0.732
0.668
0.734
0.538
0.791
0.670
0.516
0.544
0.655
0.508
0.444
0.450
0.373
0.505
0.309
0.388
0.700
0.642
0.666
0.541
0.457
0.560
0.424
0.577
0.361
0.677
0.651
0.505
0.557
0.619
0.808
0.839
0.736
0.802
0.914
0.925
0.945
0.896
0.959
0.969
0.871
0.235
0.896
0.954
0.996
1.001
0.985
1.031
1.054
1.073
1.045
1.006
0.975
1.003
1.009
0.972
0.980
0.952
0.934
0.870
0.829
0.875
0.896
0.630
0.681
0.533
0.698
0.858
0.873
0.797
0.560
0.797
0.778
0.771
0.675
0.590
0.712
0.570
0.522
0.414
0.604
0.990
0.996
0.959
0.806
0.906
0.951
1.013
0.975
0.945
0.945
0.942
0.937
0.940
0.912
0.866
0.829
0.698
0.808
0.902
0.922
0.918
0.940
0.873
0.909
0.936
0.949
0.977
0.959
0.957
0.978
0.971
0.936
0.918
0.332
0.788
0.917
0.912
0.931
0.873
0.858
0.681
0.648
0.454
0.811
0.773
0.778
0.692
0.637
0.637
0.761
0.865
0.763
0.773
0.748
0.831
0.834
0.860
0.909
0.914
0.829
0.818
0.808
0.746
0.769
0.773
0.710
0.722
0.786
0.853
0.776
0.918
0.866
0.871
0.793
0.802
0.918
0.933
0.926
0.923
0.948
0.971
1.027
0.962
0.885
0.502
0.769
0.948
0.951
1.010
1.043
1.027
0.946
0.575
0.910
0.922
0.963
0.893
0.825
0.706
0.829
0.447
0.567
0.653
0.888
0.890
0.655
0.853
0.836
0.818
0.600
0.804
0.769
0.782
0.580
0.309
0.336
0.685
0.706
0.838
0.858
0.726
1.022
0.848
0.677
0.806
0.475
0.922
0.926
0.917
0.818
0.738
0.811
0.831
0.906
0.933
0.972
0.694
0.672
0.597
0.754
0.824
0.985
0.855
0.724
0.815
0.505
0.846
0.853
0.851
0.945
1.003
0.906
0.918
0.925
0.948
0.951
0.968
0.933
0.901
0.928
0.917
0.920
0.940
0.940
0.969
0.876
0.209
0.536
0.336
0.000
0.345
0.562
0.142
0.952
0.883
0.929
0.896
0.914
0.748
0.782
0.683
0.600
0.619
0.728
0.928
0.951
0.891
0.447
0.280
0.850
0.863
0.843
0.901
0.893
0.818
0.714
0.668
0.475
0.396
0.560
0.623
0.687
0.712
0.681
0.692
0.861
0.427
0.499
0.595
0.392
0.536
0.479
0.235
0.740
0.672
0.694
0.942
0.844
0.888
0.918
0.971
0.972
0.975
1.001
0.987
0.616
0.765
0.898
1.010
1.007
1.023
1.067
1.013
1.001
0.996
0.966
0.960
0.934
0.577
0.554
0.825
0.904
0.813
0.873
0.797
0.758
0.804
0.653
0.844
0.811
0.910
0.791
0.795
0.738
0.511
0.898
0.646
0.797
0.659
0.980
0.816
0.689
0.557
0.843
0.851
0.834
0.756
0.675
0.616
0.758
0.700
0.668
0.769
0.450
0.664
0.626
0.560
0.463
0.332
0.511
0.414
0.646
0.664
0.508
0.538
0.444
0.585
0.384
0.831
0.868
0.502
0.544
0.332
0.269
0.000
0.000
0.222
0.209
0.170
0.241
0.399
0.590
0.607
0.567
0.778
0.675
0.623
0.616
0.782
0.519
0.546
0.754
0.758
0.657
0.732
0.621
0.786
0.493
0.896
0.910
0.855
0.858
0.865
0.802
0.829
0.894
0.820
0.863
0.917
0.846
0.939
0.917
0.971
0.940
0.918
0.901
0.920
0.820
0.896
0.928
0.956
0.952
0.931
0.948
0.878
0.813
0.838
0.765
0.834
0.758
0.700
0.516
0.683
0.657
0.906
0.942
0.657
0.614
0.726
0.454
0.388
0.336
0.700
0.789
0.786
0.592
0.567
0.353
0.648
0.525
0.728
0.672
0.655
0.704
0.765
0.773
0.851
0.789
0.780
0.891
0.971
0.808
0.888
0.904
0.901
0.931
0.865
0.754
0.776
0.886
0.748
0.962
0.978
1.007
1.027
1.013
0.960
1.022
1.031
0.917
0.959
1.007
1.020
1.030
0.977
0.987
0.988
0.894
0.880
0.959
0.994
0.839
0.519
0.815
0.746
0.420
0.714
0.475
0.752
0.472
0.508
0.765
0.761
0.763
0.708
0.565
0.502
0.771
0.748
0.754
0.675
0.789
0.560
0.549
0.811
0.689
0.782
0.614
0.771
0.756
0.648
0.614
0.655
0.514
0.597
0.587
0.769
0.786
0.683
0.332
0.373
0.639
0.369
0.687
0.720
0.831
0.818
0.758
0.773
0.538
0.767
0.597
0.771
0.592
0.628
0.666
0.692
0.595
0.657
0.505
0.565
0.460
0.602
0.434
0.493
0.549
0.694
0.666
0.479
0.728
0.761
0.710
0.767
0.549
0.602
0.505
0.818
0.575
0.437
0.508
0.441
0.718
0.530
0.672
0.536
0.611
0.457
0.253
0.285
0.179
0.120
0.000
0.000
0.235
0.000
0.000
0.179
0.093
0.000
0.000
0.108
0.000
0.000
0.000
0.000
0.170
0.120
0.000
0.000
0.000
0.000
0.000
0.000
0.000
0.000
0.000
0.000
0.000
0.000
0.369
0.000
0.000
0.000
0.000
0.000
0.000
0.000
0.000
0.000
0.000
0.000
0.000
0.000
0.000
0.000
0.000
0.000
0.000
0.000
0.000
0.000
0.000
0.000
0.000
0.000
0.000
0.000
0.000
0.000
0.000
0.000
0.000
0.000
0.000
0.000
0.000
0.000
0.000
0.000
0.120
0.108
0.162
0.000
0.000
0.000
0.000
0.000
0.000
0.000
0.000
0.000
0.000
0.000
0.000
0.000
0.000
0.000
0.000
0.093
0.170
0.000
0.000
0.000
0.000
0.000
0.000
0.000
0.000
0.000
0.000
0.000
0.054
0.000
0.000
0.000
0.000
0.000
0.000
0.000
0.000
0.000
0.000
0.000
0.000
0.000
0.054
0.000
0.000
0.000
0.142
0.000
0.000
0.000
0.000
0.000
0.000
0.000
0.000
0.000
0.093
0.000
0.000
0.247
0.000
0.000
0.000
0.000
0.000
0.000
0.000
0.000
0.000
0.000
0.000
0.000
0.000
0.000
0.132
0.000
0.000
0.093
0.300
0.241
0.000
0.357
0.275
0.142
0.000
0.228
0.241
0.275
0.290
0.377
0.275
0.108
0.222
0.120
0.000
0.179
0.000
0.132
0.000
0.000
0.000
0.000
0.000
0.162
0.194
0.000
0.162
0.000
0.000
0.093
0.000
0.209
0.000
0.152
0.000
0.000
0.000
0.000
0.120
0.162
0.000
0.000
0.093
0.000
0.000
0.000
0.000
0.076
0.000
0.349
0.349
0.000
0.000
0.000
0.000
0.000
0.000
0.000
0.000
0.000
0.000
0.000
0.000
0.000
0.000
0.000
0.000
0.000
0.000
0.000
0.000
0.000
0.132
0.000
0.000
0.000
0.000
0.000
0.000
0.000
0.000
0.000
0.132
0.000
0.000
0.000
0.000
0.000
0.000
0.000
0.000
0.000
0.000
0.000
0.000
0.000
0.000
0.000
0.000
0.000
0.000
0.076
0.000
0.000
0.000
0.000
0.000
0.000
0.000
0.120
0.000
0.000
0.000
0.000
0.000
0.000
0.000
0.076
0.000
0.000
0.000
0.076
0.000
0.000
0.054
0.000
0.295
0.000
0.000
0.341
0.341
0.000
0.000
0.000
0.000
0.000
0.000
0.000
0.000
0.000
0.000
0.000
0.000
0.000
0.000
0.000
0.000
0.000
0.000
0.000
0.000
0.000
0.000
0.000
0.000
0.000
0.000
0.000
0.000
0.000
0.000
0.000
0.000
0.000
0.000
0.000
0.000
0.000
0.000
0.000
0.000
0.000
0.000
0.000
0.000
0.000
0.000
0.000
0.000
0.000
0.000
0.000
0.000
0.000
0.000
0.000
0.000
0.000
0.000
0.000
0.000
0.000
0.000
0.000
0.000
0.000
0.000
0.076
0.000
0.000
0.000
0.000
0.000
0.000
0.000
0.000
0.000
0.000
0.000
0.000
0.000
0.000
0.000
0.000
0.000
0.108
0.000
0.000
0.000
0.000
0.000
0.076
0.000
0.000
0.000
0.000
0.000
0.000
0.000
0.000
0.000
0.000
0.000
0.000
0.000
0.000
0.000
0.000
0.000
0.000
0.000
0.000
0.108
0.000
0.142
0.000
0.000
0.000
0.000
0.000
0.000
0.285
0.403
0.403
0.000
0.054
0.000
0.000
0.000
0.054
0.000
0.000
0.000
0.000
0.000
0.000
0.000
0.000
0.000
0.000
0.000
0.000
0.000
0.000
0.000
0.000
0.000
0.000
0.000
0.000
0.000
0.000
0.000
0.000
0.000
0.000
0.054
0.000
0.000
0.000
0.000
0.000
0.000
0.000
0.000
0.000
0.000
0.000
0.000
0.000
0.000
0.000
0.000
0.000
0.000
0.000
0.000
0.000
0.000
0.000
0.000
0.000
0.000
0.000
0.000
0.000
0.000
0.000
0.000
0.000
0.000
0.000
0.319
0.179
0.241
0.269
0.241
0.215
0.295
0.264
0.349
0.349
0.336
0.253
0.253
0.215
0.170
0.349
0.361
0.215
0.162
0.170
0.000
0.000
0.000
0.000
0.000
0.076
0.000
0.000
0.132
0.000
0.000
0.000
0.000
0.152
0.000
0.076
0.000
0.000
0.000
0.120
0.000
0.093
0.000
0.000
0.076
0.054
0.000
0.120
0.000
0.000
0.000
0.000
0.000
0.076
0.365
0.000
0.000
0.000
0.000
0.000
0.000
0.000
0.000
0.000
0.000
0.000
0.000
0.000
0.000
0.000
0.000
0.000
0.000
0.000
0.000
0.000
0.000
0.000
0.000
0.000
0.108
0.054
0.000
0.000
0.054
0.000
0.000
0.000
0.000
0.000
0.000
0.000
0.000
0.000
0.000
0.000
0.000
0.000
0.000
0.000
0.000
0.000
0.000
0.000
0.000
0.000
0.000
0.000
0.000
0.000
0.000
0.108
0.108
0.000
0.179
0.000
0.076
0.000
0.000
0.000
0.000
0.000
0.000
0.120
0.000
0.000
0.000
0.000
0.000
0.000
0.000
0.000
0.000
0.000
0.000
0.000
0.000
0.000
0.162
0.000
0.000
0.000
0.000
0.000
0.000
0.000
0.341
0.361
0.000
0.000
0.000
0.000
0.000
0.000
0.000
0.054
0.000
0.142
0.000
0.000
0.000
0.000
0.000
0.000
0.000
0.000
0.132
0.000
0.000
0.000
0.000
0.000
0.000
0.000
0.000
0.000
0.000
0.000
0.000
0.353
0.000
0.000
0.000
0.000
0.000
0.000
0.000
0.000
0.000
0.000
0.000
0.000
0.000
0.000
0.000
0.000
0.000
0.000
0.000
0.000
0.000
0.000
0.000
0.000
0.000
0.000
0.000
0.000
0.000
0.000
0.000
0.000
0.000
0.000
0.000
0.000
0.000
0.000
0.000
0.000
0.000
0.000
0.000
0.000
0.000
0.000
0.000
0.000
0.000
0.000
0.000
0.000
0.000
0.000
0.000
0.000
0.000
0.000
0.000
0.000
0.000
0.000
0.000
0.000
0.000
0.000
0.000
0.000
0.000
0.000
0.000
0.000
0.000
0.000
0.000
0.000
0.000
0.000
0.000
0.000
0.000
0.000
0.000
0.000
0.000
0.000
0.000
0.000
0.000
0.000
0.000
0.000
0.000
0.000
0.000
0.000
0.000
0.162
0.000
0.194
0.000
0.187
0.000
0.000
0.000
0.000
0.000
0.000
0.120
0.000
0.000
0.000
0.000
0.000
0.000
0.000
0.000
0.000
0.000
0.000
0.000
0.000
0.000
0.152
0.290
0.093
0.000
0.000
0.285
0.275
0.000
0.000
0.000
0.108
0.000
0.000
0.000
0.000
0.000
0.000
0.000
0.000
0.000
0.000
0.000
0.000
0.000
0.000
0.000
0.000
0.000
0.000
0.000
0.000
0.000
0.000
0.000
0.000
0.000
0.000
0.000
0.000
0.000
0.000
0.000
0.000
0.000
0.000
0.000
0.000
0.000
0.000
0.000
0.120
0.108
0.000
0.000
0.000
0.000
0.000
0.000
0.000
0.000
0.000
0.000
0.000
0.000
0.000
0.000
0.000
0.000
0.000
0.000
0.000
0.000
0.000
0.000
0.000
0.000
0.000
0.000
0.000
0.000
0.000
0.000
0.000
0.000
0.000
0.000
0.000
0.000
0.000
0.000
0.000
0.000
0.000
0.000
0.000
0.000
0.000
0.000
0.000
0.000
0.000
0.000
0.000
0.000
0.000
0.000
0.000
0.000
0.000
0.000
0.000
0.000
0.000
0.000
0.000
0.000
0.000
0.000
0.000
0.000
0.000
0.000
0.000
0.000
0.000
0.000
0.314
0.215
0.132
0.152
0.000
0.000
0.000
0.000
0.000
0.000
0.000
0.000
0.000
0.000
0.000
0.000
0.000
0.000
0.000
0.000
0.000
0.000
0.120
0.000
0.000
0.000
0.000
0.000
0.000
0.000
0.000
0.000
0.000
0.000
0.000
0.000
0.076
0.000
0.000
0.000
0.000
0.000
0.000
0.000
0.000
0.000
0.000
0.000
0.000
0.000
0.000
0.000
0.120
0.000
0.000
0.000
0.000
0.000
0.000
0.000
0.000
0.000
0.000
0.000
0.054
0.000
0.000
0.000
0.000
0.000
0.000
0.000
0.000
0.000
0.000
0.000
0.000
0.000
0.000
0.000
0.000
0.000
0.000
0.000
0.000
0.000
0.000
0.000
0.000
0.054
0.000
0.222
0.108
0.241
0.314
0.388
0.327
0.000
0.201
0.179
0.502
0.361
0.457
0.860
0.672
0.626
0.557
0.756
0.655
0.493
0.336
0.482
0.704
0.700
0.381
0.450
0.602
0.795
0.718
0.831
0.860
0.662
0.736
0.813
0.630
0.672
0.811
0.679
0.609
0.657
0.718
0.704
0.712
0.740
0.646
0.607
0.628
0.516
0.528
0.365
0.327
0.424
0.247
0.345
0.235
0.399
0.381
0.285
0.327
0.194
0.235
0.264
0.235
0.258
0.275
0.309
0.275
0.327
0.222
0.275
0.269
0.235
0.280
0.264
0.142
0.264
0.258
0.345
0.269
0.253
0.336
0.295
0.323
0.280
0.280
0.345
0.247
0.341
0.417
0.414
0.469
0.399
0.290
0.427
0.365
0.269
0.132
0.406
0.357
0.319
0.275
0.187
0.450
0.437
0.437
0.264
0.295
0.228
0.463
0.396
0.353
0.353
0.290
0.241
0.247
0.253
0.280
0.457
0.396
0.365
0.295
0.120
0.228
0.341
0.373
0.300
0.384
0.414
0.228
0.275
0.290
0.475
0.424
0.179
0.361
0.336
0.247
0.522
0.258
0.280
0.336
0.179
0.222
0.431
0.450
0.290
0.253
0.444
0.479
0.194
0.447
0.388
0.285
0.349
0.332
0.309
0.314
0.228
0.228
0.295
0.511
0.341
0.280
0.269
0.215
0.323
0.336
0.565
0.377
0.361
0.305
0.280
0.253
0.327
0.309
0.269
0.309
0.170
0.365
0.447
0.488
0.264
0.222
0.414
0.345
0.275
0.179
0.222
0.437
0.314
0.353
0.381
0.280
0.132
0.000
0.000
0.170
0.000
0.162
0.000
0.000
0.000
0.000
0.093
0.000
0.000
0.179
0.093
0.000
0.000
0.000
0.000
0.000
0.000
0.000
0.000
0.000
0.000
0.000
0.152
0.076
0.000
0.000
0.000
0.000
0.000
0.000
0.000
0.076
0.000
0.000
0.000
0.000
0.000
0.000
0.000
0.054
0.093
0.000
0.000
0.142
0.000
0.108
0.000
0.142
0.000
0.000
0.000
0.000
0.000
0.000
0.000
0.000
0.000
0.000
0.000
0.000
0.000
0.194
0.336
0.345
0.528
0.530
0.659
0.736
0.602
0.508
0.373
0.417
0.349
0.611
0.479
0.653
0.295
0.616
0.672
0.511
0.562
0.575
0.738
0.728
0.687
0.742
0.771
0.420
0.767
0.831
0.567
0.746
0.776
0.746
0.811
0.894
0.894
0.752
0.834
0.808
0.786
0.912
0.912
0.945
0.972
0.981
1.007
1.022
1.019
0.957
0.899
0.685
0.403
0.538
0.567
0.485
0.659
0.689
0.675
0.712
0.815
0.738
0.841
0.662
0.829
0.909
0.720
0.724
0.664
0.628
0.708
0.704
0.808
0.554
0.761
0.522
0.600
0.672
0.763
0.848
0.846
0.888
0.898
0.802
0.954
0.918
0.881
0.888
0.888
0.870
0.939
0.878
0.681
0.841
0.815
0.754
0.850
0.925
0.784
0.928
0.901
0.965
0.974
0.943
1.010
0.945
0.948
0.933
0.901
0.959
0.946
0.918
0.923
0.623
0.825
0.912
0.901
0.902
0.945
0.756
0.844
0.637
0.758
0.623
0.763
0.871
0.811
0.689
0.746
0.848
0.802
0.891
0.780
0.858
0.871
0.909
0.937
0.971
0.971
0.960
0.888
0.664
0.295
0.162
0.982
0.997
1.016
1.031
1.000
1.000
1.010
0.994
0.679
0.414
0.653
0.475
0.560
0.300
0.469
0.685
0.590
0.744
0.632
0.722
0.931
0.746
0.323
0.736
0.544
0.269
0.806
0.997
1.030
0.951
0.990
0.993
0.499
0.789
0.831
0.851
0.839
0.677
0.485
0.280
0.336
0.788
0.708
0.822
0.844
0.969
0.960
0.996
0.829
0.795
0.824
0.575
0.714
0.822
0.904
0.936
0.886
0.936
0.886
0.901
0.926
0.846
0.904
0.868
0.871
0.906
0.902
0.836
0.740
0.818
0.851
0.873
0.893
0.832
0.778
0.431
0.870
0.883
0.890
0.880
0.898
0.886
0.868
0.929
0.907
0.923
0.824
0.838
0.866
0.891
0.881
0.797
0.614
0.420
0.856
0.861
0.836
0.533
0.595
0.744
0.836
0.716
0.630
0.802
0.756
0.742
0.804
0.853
0.773
0.522
0.767
0.722
0.793
0.894
0.942
0.974
0.988
0.993
0.993
0.937
0.557
0.956
0.991
0.914
0.949
1.009
0.978
0.716
0.841
0.502
0.754
0.954
0.985
1.030
0.991
1.049
0.974
0.956
1.003
0.920
0.890
0.750
0.809
0.630
0.519
0.738
0.353
0.677
0.813
0.505
0.736
0.843
0.754
0.850
0.628
0.609
0.771
0.832
0.702
0.750
0.730
0.702
0.759
0.773
0.516
0.399
0.345
0.525
0.332
0.635
0.516
0.479
0.538
0.595
0.754
0.544
0.437
0.530
0.560
0.417
0.384
0.392
0.557
0.720
0.809
0.681
0.336
0.611
0.675
0.700
0.685
0.754
0.635
0.734
0.628
0.357
0.554
0.567
0.595
0.567
0.722
0.604
0.565
0.590
0.664
0.797
0.758
0.681
0.720
0.616
0.700
0.668
0.702
0.698
0.809
0.870
0.865
0.846
0.873
0.891
0.868
0.937
0.923
0.956
0.956
0.888
0.929
0.878
0.544
0.590
0.424
0.536
0.557
0.689
0.516
0.434
0.767
0.570
0.662
0.309
0.305
0.570
0.434
0.377
0.384
0.323
0.253
0.215
0.215
0.142
0.285
0.341
0.626
0.437
0.689
0.621
0.700
0.689
0.696
0.611
0.544
0.406
0.580
0.567
0.863
0.708
0.748
0.681
0.689
0.748
0.811
0.710
0.822
0.795
0.839
0.811
0.839
0.841
0.778
0.843
0.870
0.866
0.917
0.918
0.942
0.952
0.988
0.937
0.948
0.972
0.899
0.710
0.936
0.963
0.839
0.816
0.560
0.525
0.696
0.754
0.756
0.696
0.585
0.692
0.552
0.609
0.508
0.809
0.744
0.623
0.724
0.786
0.511
0.434
0.644
0.388
0.716
0.846
0.664
0.463
0.648
0.488
0.488
0.427
0.668
0.670
0.437
1.051
0.937
0.567
0.554
0.427
0.392
0.694
0.463
0.505
0.696
0.771
0.767
0.712
0.577
0.788
0.815
0.865
0.771
0.780
0.861
0.675
0.802
0.611
0.822
0.724
0.720
0.740
0.698
0.546
0.769
0.577
0.587
0.722
0.525
0.687
0.522
0.782
0.789
0.769
0.716
0.738
0.797
0.855
0.597
0.734
0.809
0.675
0.870
0.681
0.831
0.786
0.851
0.928
0.945
0.920
0.904
0.816
0.825
0.917
0.839
0.893
0.885
0.883
0.896
0.948
0.896
0.209
0.716
0.827
0.851
0.718
0.716
0.806
0.873
0.775
0.940
0.974
0.954
0.831
0.934
0.871
0.496
0.295
0.410
0.546
0.253
0.639
0.142
0.187
0.142
0.215
0.000
0.187
0.000
0.222
0.000
0.241
0.170
0.295
0.345
0.285
0.332
0.314
0.305
0.357
0.142
0.222
0.194
0.285
0.222
0.194
0.215
0.241
0.264
0.247
0.132
0.187
0.170
0.209
0.264
0.201
0.209
0.247
0.285
0.152
0.194
0.300
0.258
0.108
0.275
0.215
0.427
0.349
0.215
0.290
0.076
0.194
0.228
0.253
0.132
0.000
0.170
0.241
0.170
0.253
0.285
0.300
0.228
0.247
0.247
0.162
0.275
0.170
0.215
0.269
0.162
0.222
0.264
0.228
0.215
0.222
0.076
0.152
0.228
0.093
0.152
0.258
0.280
0.228
0.258
0.000
0.215
0.258
0.275
0.285
0.162
0.209
0.269
0.300
0.132
0.222
0.247
0.336
0.194
0.253
0.235
0.054
0.209
0.000
0.108
0.000
0.142
0.170
0.162
0.152
0.000
0.327
0.420
0.194
0.357
0.373
0.000
0.152
0.194
0.000
0.000
0.152
0.000
0.108
0.152
0.054
0.187
0.000
0.000
0.000
0.093
0.201
0.000
0.000
0.000
0.000
0.000
0.000
0.000
0.076
0.152
0.000
0.000
0.000
0.000
0.132
0.000
0.120
0.000
0.132
0.000
0.000
0.000
0.000
0.000
0.108
0.000
0.000
0.000
0.000
0.076
0.000
0.000
0.000
0.000
0.000
0.000
0.000
0.000
0.000
0.000
0.000
0.000
0.000
0.000
0.000
0.000
0.000
0.000
0.209
0.108
0.132
0.000
0.000
0.000
0.000
0.000
0.215
0.093
0.076
0.000
0.000
0.000
0.000
0.000
0.000
0.000
0.000
0.000
0.000
0.000
0.000
0.000
0.000
0.000
0.000
0.000
0.000
0.152
0.152
0.000
0.000
0.000
0.000
0.000
0.000
0.000
0.000
0.000
0.000
0.000
0.000
0.373
0.076
0.000
0.000
0.000
0.000
0.000
0.000
0.000
0.194
0.170
0.162
0.000
0.054
0.000
0.000
0.000
0.000
0.485
0.305
0.258
0.000
0.170
0.572
0.666
0.668
0.644
0.653
0.681
0.767
0.694
0.619
0.502
0.628
0.253
0.406
0.687
0.493
0.514
0.557
0.635
0.590
0.685
0.825
0.816
0.865
0.802
0.687
0.855
0.702
0.763
0.734
0.750
0.800
0.915
0.954
0.621
0.499
0.855
0.804
0.619
0.836
0.863
0.914
0.873
0.853
0.592
0.685
0.417
0.457
0.659
0.712
0.756
0.544
0.369
0.319
0.444
0.528
0.437
0.285
0.000
0.000
0.093
0.132
0.209
0.054
0.381
0.228
0.076
0.562
0.602
0.734
0.570
0.511
0.275
0.132
0.800
0.724
0.683
0.875
0.881
0.906
0.738
0.592
0.906
0.978
1.000
0.991
0.991
0.997
0.962
0.804
0.910
0.963
0.962
0.977
0.816
0.959
1.023
0.963
1.009
1.052
1.014
1.020
1.041
1.045
0.945
0.949
0.767
0.956
0.899
0.963
0.870
0.902
0.799
0.626
0.675
0.572
0.403
0.773
0.637
0.802
0.410
0.434
0.664
0.457
0.716
0.519
0.454
0.637
0.754
0.708
0.752
0.843
0.975
0.896
0.899
0.848
0.876
0.883
0.856
0.939
0.876
0.937
0.912
0.922
0.894
0.871
0.894
0.914
0.946
0.894
0.951
0.948
0.956
0.978
0.980
0.988
0.925
0.530
0.345
0.926
0.876
0.708
0.824
0.928
0.978
0.948
0.974
0.946
0.936
0.946
0.886
0.896
0.773
0.934
0.846
0.920
0.860
0.912
0.876
0.809
0.813
0.758
0.485
0.410
0.602
0.000
0.187
0.496
0.651
0.614
0.614
0.585
0.341
0.388
0.447
0.285
0.285
0.457
0.511
0.353
0.319
0.209
0.410
0.369
0.314
0.447
0.314
0.142
0.396
0.269
0.309
0.353
0.222
0.450
0.466
0.353
0.399
0.485
0.619
0.530
0.623
0.280
0.575
0.587
0.698
0.552
0.454
0.319
0.427
0.361
0.642
0.577
0.815
0.756
0.815
0.848
0.607
0.687
0.756
0.587
0.655
0.714
0.614
0.702
0.431
0.554
0.666
0.541
0.730
0.775
0.602
0.377
0.357
0.323
0.142
0.228
0.290
0.222
0.132
0.187
0.000
0.162
0.142
0.319
0.264
0.560
0.434
0.639
0.536
0.600
0.431
0.538
0.541
0.519
0.736
0.736
0.704
0.704
0.357
0.611
0.565
0.706
0.740
0.668
0.637
0.811
0.782
0.730
0.710
0.943
0.962
0.922
0.850
0.720
0.479
0.332
0.738
0.870
0.776
0.929
0.907
0.922
0.839
0.957
0.861
0.975
0.809
0.844
0.873
0.898
0.831
0.806
0.775
0.855
0.834
0.776
0.552
0.724
0.710
0.706
0.698
0.587
0.756
0.577
0.420
0.546
0.493
0.657
0.482
0.502
0.511
0.597
0.482
0.447
0.704
0.655
0.602
0.616
0.388
0.482
0.592
0.384
0.549
0.514
0.685
0.621
0.651
0.482
0.850
0.698
0.928
0.816
0.945
0.968
0.899
0.789
0.799
0.957
0.868
0.793
0.834
0.968
0.951
0.934
0.957
0.931
0.960
0.996
0.915
0.929
0.928
0.915
0.836
0.541
0.890
0.825
0.834
0.870
0.767
0.793
0.706
0.679
0.716
0.831
0.829
0.800
0.765
0.726
0.813
0.836
0.886
0.876
0.778
0.692
0.672
0.694
0.712
0.776
0.696
0.860
0.846
0.806
0.791
0.806
0.728
0.883
0.793
0.925
0.945
0.918
0.956
0.959
0.952
0.954
0.918
0.804
0.856
0.883
0.894
0.888
0.925
0.929
0.969
0.962
0.918
0.906
0.963
0.954
0.943
0.685
0.670
0.544
0.657
0.797
0.582
0.384
0.373
0.414
0.377
0.441
0.522
0.575
0.600
0.565
0.516
0.361
0.557
0.410
0.300
0.519
0.511
0.457
0.403
0.406
0.000
0.132
0.000
0.120
0.000
0.000
0.187
0.000
0.396
0.406
0.349
0.275
0.258
0.410
0.472
0.108
0.557
0.562
0.384
0.384
0.247
0.565
0.349
0.554
0.349
0.235
0.108
0.194
0.093
0.132
0.093
0.179
0.377
0.309
0.309
0.290
0.323
0.253
0.332
0.353
0.336
0.388
0.345
0.357
0.431
0.253
0.323
0.305
0.241
0.309
0.300
0.365
0.353
0.482
0.469
0.511
0.609
0.651
0.496
0.475
0.437
0.582
0.336
0.536
0.511
0.406
0.365
0.353
0.675
0.557
0.538
0.454
0.562
0.609
0.424
0.567
0.616
0.592
0.505
0.475
0.482
0.410
0.420
0.577
0.349
0.369
0.215
0.201
0.241
0.496
0.349
0.381
0.295
0.209
0.280
0.345
0.269
0.373
0.406
0.327
0.120
0.280
0.327
0.209
0.336
0.493
0.427
0.305
0.460
0.505
0.496
0.460
0.570
0.403
0.565
0.475
0.336
0.463
0.427
0.469
0.490
0.519
0.369
0.469
0.562
0.309
0.399
0.546
0.522
0.499
0.228
0.194
0.132
0.194
0.000
0.170
0.253
0.241
0.228
0.000
0.000
0.000
0.000
0.000
0.120
0.247
0.000
0.120
0.000
0.336
0.000
0.076
0.076
0.000
0.000
0.264
0.108
0.108
0.201
0.076
0.000
0.000
0.054
0.000
0.000
0.353
0.381
0.241
0.365
0.309
0.000
0.209
0.280
0.488
0.457
0.357
0.714
0.881
0.369
0.215
0.600
0.420
0.437
0.525
0.560
0.431
0.463
0.469
0.626
0.560
0.332
0.514
0.424
0.441
0.692
0.866
0.724
0.357
0.444
0.437
0.848
0.653
0.179
0.369
0.253
0.361
0.295
0.434
0.410
0.365
0.222
0.319
0.285
0.215
0.341
0.179
0.201
0.253
0.162
0.295
0.228
0.093
0.264
0.187
0.215
0.269
0.247
0.170
0.209
0.000
0.000
0.194
0.264
0.258
0.341
0.349
0.108
0.108
0.142
0.120
0.000
0.142
0.000
0.120
0.000
0.000
0.132
0.314
0.399
0.630
0.592
0.838
0.898
0.881
0.914
0.804
0.567
0.730
0.775
0.575
0.677
0.604
0.904
0.948
0.809
0.472
0.463
0.496
0.475
0.546
0.538
0.609
0.621
0.696
0.689
0.666
0.726
0.639
0.644
0.447
0.648
0.726
0.702
0.875
0.834
0.894
0.902
0.929
0.863
0.936
0.820
0.863
0.969
0.990
0.996
0.987
1.056
1.027
0.846
0.898
0.871
0.965
0.940
0.740
0.910
0.956
0.965
0.997
0.899
0.853
0.962
0.936
0.931
1.001
1.026
1.003
0.880
0.799
0.898
0.685
0.683
0.642
0.736
0.831
0.744
0.655
0.577
0.437
0.687
0.708
0.808
0.843
0.968
0.846
0.885
1.020
0.969
0.993
0.668
0.769
0.672
0.949
0.994
0.968
0.959
0.956
0.920
0.966
0.948
0.971
0.959
0.971
0.975
0.966
0.949
0.971
0.954
0.969
0.940
0.855
0.875
0.829
0.659
0.662
0.863
0.856
0.910
0.966
0.870
0.403
0.187
0.628
0.795
0.841
0.915
0.928
0.838
0.718
0.587
0.692
0.767
0.662
0.738
0.773
0.843
0.825
0.822
0.931
0.925
0.969
1.006
0.982
0.999
0.987
0.949
0.890
0.948
0.949
0.885
0.890
0.957
0.886
0.863
0.868
0.784
0.791
0.902
0.929
0.933
0.968
0.965
1.014
0.963
0.962
0.893
0.926
0.689
0.714
0.572
0.653
0.714
0.519
0.632
0.493
0.644
0.799
0.720
0.597
0.580
0.635
0.567
0.778
0.572
0.614
0.653
0.841
0.778
0.653
0.653
0.582
0.554
0.496
0.720
0.813
0.708
0.838
0.714
0.788
0.689
0.648
0.965
0.922
0.909
0.653
0.933
0.689
0.906
0.956
0.946
0.956
0.899
0.929
0.997
0.894
0.899
0.846
0.907
0.898
0.896
0.902
0.883
0.933
0.917
0.968
0.988
0.957
0.991
0.945
0.901
0.901
0.929
0.931
0.809
0.929
0.822
0.722
0.910
0.901
0.918
0.782
0.732
0.899
0.740
0.675
0.722
0.893
0.820
0.800
0.883
0.910
0.925
0.870
0.813
0.811
0.756
0.621
0.931
0.885
0.910
0.954
1.006
0.943
0.926
0.975
1.006
0.920
0.942
0.982
0.628
0.247
0.866
0.894
0.758
0.968
0.994
0.626
0.410
0.742
0.759
0.235
0.799
0.876
0.937
0.868
0.818
0.843
0.855
0.858
0.683
0.585
0.530
0.546
0.706
0.614
0.441
0.392
0.280
0.505
0.611
0.479
0.235
0.530
0.797
0.730
0.657
0.544
0.592
0.664
0.677
0.820
0.562
0.886
0.648
0.619
0.619
0.604
0.734
0.626
0.597
0.560
0.604
0.595
0.533
0.595
0.369
0.925
0.928
0.744
0.554
0.662
0.463
0.585
0.759
0.752
0.607
0.460
0.403
0.602
0.720
0.880
0.888
0.917
0.909
0.917
0.957
0.917
0.899
0.846
0.791
0.915
0.802
0.780
0.985
0.957
0.996
0.988
0.912
0.943
0.732
0.926
0.881
0.977
0.948
0.968
1.001
1.007
1.009
1.010
0.933
0.511
0.460
0.522
0.549
0.345
0.488
0.406
0.253
0.275
0.493
0.309
0.247
0.132
0.314
0.187
0.502
0.341
0.377
0.162
0.170
0.179
0.215
0.222
0.152
0.108
0.258
0.336
0.447
0.369
0.152
0.373
0.000
0.000
0.162
0.469
0.672
0.637
0.607
0.689
0.712
0.759
0.767
0.718
0.732
0.788
0.554
0.562
0.508
0.577
0.784
0.516
0.668
0.829
0.838
0.866
0.793
0.928
0.765
0.860
0.782
0.920
0.677
0.771
0.702
0.738
0.651
0.718
0.514
0.353
0.514
0.642
0.818
0.653
0.651
0.597
0.748
0.704
0.623
0.710
0.575
0.414
0.499
0.604
0.314
0.637
0.450
0.604
0.602
0.700
0.744
0.765
0.775
0.677
0.716
0.784
0.844
0.906
0.909
0.904
0.890
0.912
0.954
0.957
0.956
0.945
0.942
0.909
0.949
0.985
1.027
1.062
1.013
0.960
0.949
0.974
0.971
0.974
0.984
1.033
1.051
1.038
0.991
1.019
0.920
0.885
0.720
0.714
0.546
0.740
0.562
0.825
0.758
0.848
0.672
0.575
0.570
0.420
0.687
0.637
0.619
0.522
0.696
0.349
0.275
0.120
0.000
0.201
0.132
0.054
0.170
0.132
0.285
0.000
0.000
0.132
