0.722
0.636
0.552
0.538
0.666
0.722
0.790
0.696
0.757
0.775
0.612
0.393
0.400
0.810
0.694
0.269
0.666
0.497
0.390
0.377
0.706
0.628
0.713
0.662
0.746
0.724
0.831
0.712
0.747
0.674
0.502
0.567
0.628
0.641
0.732
0.818
0.507
0.762
0.681
0.799
0.852
0.786
0.694
0.791
0.834
0.868
0.953
0.915
0.563
0.540
0.722
1.016
0.864
0.793
0.979
0.895
0.964
0.949
0.910
0.909
0.882
0.882
0.902
0.924
0.919
0.903
0.866
0.833
0.918
0.907
0.881
0.814
0.871
0.896
0.869
0.872
0.874
0.825
0.810
0.868
0.694
0.685
0.805
0.685
0.772
0.608
0.643
0.438
0.754
0.608
0.731
0.794
0.618
0.661
0.647
0.580
0.651
0.438
0.762
0.708
0.435
0.547
0.630
0.504
0.605
0.664
0.808
0.947
0.683
0.729
0.742
0.718
0.843
0.788
0.727
0.788
0.531
0.582
0.591
0.415
0.282
0.342
0.239
0.517
0.554
0.585
0.620
0.572
0.444
0.367
0.403
0.342
0.212
0.572
0.732
0.593
0.519
0.697
0.725
0.712
0.751
0.701
0.739
0.775
0.801
0.866
0.919
0.915
0.917
0.886
0.881
0.886
0.921
0.892
0.934
0.917
0.871
0.868
0.914
0.918
0.899
0.897
0.936
0.888
0.794
0.567
0.764
0.357
0.304
0.166
0.200
0.050
0.282
0.484
0.802
0.910
0.925
0.799
0.891
0.925
0.903
0.985
0.979
1.009
0.949
0.971
0.929
0.576
0.688
0.940
0.925
0.896
0.767
0.808
0.797
0.933
0.886
0.703
0.572
0.810
0.793
0.780
0.872
0.911
0.713
0.640
0.780
0.683
0.759
0.679
0.704
0.688
0.576
0.690
0.690
0.816
0.913
0.674
0.390
0.316
0.936
0.852
0.926
0.864
0.871
0.764
0.696
0.830
0.814
0.645
0.814
0.732
0.830
0.589
0.793
0.846
0.922
0.922
0.871
0.871
0.845
0.896
0.847
0.805
0.741
0.672
0.762
0.842
0.715
0.816
0.845
0.845
0.840
0.811
0.833
0.788
0.574
0.706
0.599
0.754
0.836
0.790
0.850
0.921
0.921
0.869
0.913
0.922
0.929
0.888
0.859
0.852
0.813
0.630
0.563
0.291
0.300
0.250
0.150
0.112
0.122
0.050
0.000
0.000
0.000
0.000
0.141
0.000
0.000
0.000
0.000
0.000
0.000
0.000
0.000
0.000
0.000
0.000
0.000
0.071
0.173
0.000
0.050
0.000
0.000
0.000
0.000
0.071
0.000
0.000
0.000
0.071
0.327
0.764
0.804
0.831
0.825
0.801
0.791
0.799
0.822
0.805
0.767
0.816
0.757
0.701
0.674
0.696
0.744
0.869
0.797
0.567
0.703
0.786
0.764
0.601
0.701
0.858
0.690
0.484
0.393
0.468
0.441
0.687
0.641
0.692
0.902
0.780
0.808
0.766
0.917
0.853
0.718
0.724
0.455
0.757
0.636
0.158
0.282
0.339
0.212
0.071
0.239
0.223
0.158
0.000
0.245
0.050
0.166
0.000
0.000
0.132
0.000
0.000
0.000
0.350
0.000
0.000
0.000
0.000
0.000
0.000
0.000
0.000
0.050
0.000
0.000
0.000
0.000
0.000
0.000
0.000
0.193
0.000
0.166
0.000
0.000
0.000
0.000
0.000
0.737
0.751
0.824
0.879
0.794
0.757
0.790
0.785
0.816
0.882
0.910
0.897
0.833
0.837
0.886
0.892
0.907
0.847
0.778
0.727
0.589
0.441
0.587
0.746
0.794
0.727
0.825
0.930
0.946
0.933
0.801
0.917
0.994
0.949
0.964
0.961
0.899
0.866
0.775
0.845
0.622
0.549
0.601
0.542
0.718
0.580
0.418
0.918
0.973
0.879
0.942
0.954
0.979
0.892
0.614
0.785
0.802
0.471
0.552
0.580
0.754
0.687
0.601
0.649
0.432
0.647
0.521
0.489
0.441
0.531
0.858
0.447
0.710
0.610
0.766
0.797
0.794
0.653
0.591
0.756
0.751
0.827
0.796
0.692
0.879
0.831
0.778
0.921
0.694
0.878
0.914
0.928
0.936
0.951
0.930
0.834
0.833
0.878
0.866
0.918
0.953
0.917
0.850
0.808
0.859
0.893
0.767
0.802
0.885
0.915
0.929
0.839
0.934
0.788
0.804
0.831
0.913
0.913
0.754
0.814
0.761
0.816
0.811
0.796
0.770
0.724
0.737
0.752
0.734
0.775
0.756
0.911
0.869
0.474
0.802
0.713
0.734
0.630
0.732
0.742
0.828
0.661
0.979
0.941
0.666
0.807
0.737
0.677
0.919
0.888
0.725
0.937
0.861
0.811
0.649
0.762
0.704
0.558
0.489
0.463
0.474
0.430
0.494
0.549
0.282
0.360
0.331
0.250
0.300
0.492
0.514
0.245
0.346
0.591
0.641
0.393
0.406
0.415
0.697
0.925
0.903
0.796
0.874
0.910
0.885
0.900
0.891
0.827
0.756
0.824
0.913
0.859
0.842
0.767
0.704
0.676
0.947
0.839
0.872
0.959
0.915
0.942
0.955
0.766
0.549
0.865
0.892
0.731
0.850
0.847
0.807
0.807
0.836
0.886
0.930
0.947
0.938
0.837
0.643
0.796
0.811
0.816
0.871
0.896
0.902
0.940
0.934
0.968
0.918
0.900
0.979
0.910
0.921
0.788
0.769
0.903
0.903
0.831
0.827
0.859
0.805
0.666
0.632
0.762
0.868
0.756
0.761
0.797
0.610
0.521
0.694
0.697
0.906
0.849
0.847
0.899
0.919
0.891
0.930
0.878
0.902
0.866
0.986
0.970
0.859
0.929
0.942
0.926
0.937
0.911
0.972
0.954
0.962
0.822
0.761
0.827
0.994
1.040
0.770
0.805
0.913
0.895
0.897
0.761
0.843
0.811
0.853
0.533
0.409
0.269
0.187
0.295
0.250
0.853
0.849
0.917
0.924
0.910
0.934
0.910
0.925
0.780
0.640
0.618
0.438
0.655
0.649
0.699
0.818
0.552
0.692
0.632
0.390
0.308
0.324
0.585
0.717
0.657
0.295
0.364
0.549
0.734
0.713
0.762
0.438
0.514
0.531
0.360
0.744
0.357
0.521
0.585
0.335
0.668
0.531
0.759
0.514
0.545
0.589
0.460
0.502
0.536
0.193
0.418
0.384
0.447
0.514
0.509
0.589
0.250
0.447
0.463
0.393
0.531
0.710
0.585
0.384
0.421
0.380
0.458
0.418
0.688
0.634
0.387
0.582
0.554
0.672
0.736
0.447
0.591
0.528
0.331
0.335
0.524
0.595
0.353
0.132
0.542
0.676
0.744
0.580
0.444
0.476
0.569
0.438
0.300
0.250
0.327
0.567
0.572
0.651
0.585
0.250
0.367
0.300
0.533
0.264
0.295
0.206
0.430
0.430
0.526
0.295
0.424
0.384
0.278
0.274
0.324
0.409
0.509
0.393
0.569
0.479
0.494
0.384
0.484
0.582
0.487
0.460
0.387
0.521
0.545
0.430
0.418
0.308
0.327
0.587
0.519
0.324
0.458
0.463
0.482
0.681
0.585
0.614
0.731
0.780
0.659
0.370
0.618
0.519
0.463
0.387
0.274
0.479
0.239
0.335
0.468
0.722
0.569
0.482
0.393
0.549
0.339
0.287
0.304
0.282
0.482
0.278
0.601
0.556
0.370
0.406
0.274
0.412
0.335
0.316
0.295
0.400
0.396
0.463
0.452
0.393
0.384
0.304
0.339
0.282
0.342
0.360
0.396
0.415
0.312
0.269
0.353
0.403
0.418
0.291
0.432
0.295
0.441
0.468
0.384
0.264
0.504
0.558
0.626
0.651
0.593
0.647
0.685
0.683
0.788
0.509
0.610
0.624
0.636
0.603
0.616
0.418
0.585
0.514
0.724
0.720
0.742
0.692
0.589
0.526
0.622
0.662
0.739
0.756
0.618
0.455
0.487
0.406
0.476
0.585
0.640
0.514
0.632
0.494
0.925
0.947
0.710
0.899
0.913
0.926
0.875
0.822
0.868
0.847
0.767
0.850
0.865
0.825
0.910
0.904
0.907
0.846
0.859
0.904
0.780
0.701
0.704
0.717
0.468
0.400
0.620
0.797
0.855
0.531
0.415
0.331
0.418
0.558
0.622
0.624
0.690
0.951
0.842
0.888
0.759
0.785
0.746
0.938
0.918
0.913
0.924
0.930
0.964
0.946
0.979
0.994
0.967
0.975
0.941
0.985
0.966
0.962
0.953
0.861
0.752
0.542
0.552
0.612
0.468
0.335
0.670
0.662
0.749
0.746
0.807
0.804
0.914
0.618
0.524
0.715
0.904
0.762
0.742
0.552
0.706
0.540
0.350
0.572
0.409
0.582
0.701
0.687
0.374
0.636
0.634
0.666
0.802
0.655
0.643
0.616
0.973
0.938
1.033
0.906
0.967
0.955
0.910
0.906
0.944
0.921
0.984
0.989
0.919
0.961
0.933
0.900
0.930
0.889
0.883
0.864
0.850
0.847
0.811
0.846
0.793
0.632
0.801
0.821
0.837
0.777
0.616
0.797
0.790
0.802
0.775
0.732
0.762
0.630
0.913
0.834
0.736
0.821
0.793
0.742
0.818
0.871
0.888
0.849
0.830
0.818
0.708
0.749
0.632
0.764
0.449
0.479
0.554
0.725
0.578
0.603
0.703
0.622
0.545
0.690
0.715
0.761
0.565
0.653
0.540
0.717
0.499
0.672
0.605
0.722
0.761
0.696
0.850
0.744
0.729
0.902
0.769
0.558
0.552
0.441
0.403
0.370
0.471
0.409
0.494
0.737
0.668
0.641
0.703
0.610
0.746
0.589
0.767
0.622
0.717
0.804
0.574
0.690
0.610
0.521
0.447
0.622
0.697
0.761
0.746
0.664
0.732
0.775
0.545
0.556
0.749
0.720
0.736
0.859
0.871
0.962
0.942
0.903
0.825
0.886
0.930
0.836
0.915
0.936
0.941
0.837
0.717
0.701
0.928
0.919
0.932
0.900
0.936
0.937
0.889
0.958
0.959
0.904
0.982
0.989
0.975
0.941
0.970
0.929
0.896
0.922
0.929
0.774
0.715
0.683
0.802
0.843
0.793
0.783
0.545
0.466
0.308
0.300
0.166
0.166
0.474
0.655
0.418
0.435
0.742
0.734
0.744
0.752
0.626
0.432
0.549
0.751
0.739
0.701
0.474
0.612
0.724
0.830
0.897
0.862
0.542
0.357
0.769
0.694
0.659
0.732
0.822
0.502
0.400
0.704
0.647
0.674
0.747
0.883
0.679
0.747
0.668
0.649
0.655
0.645
0.865
0.499
0.547
0.370
0.418
0.620
0.487
0.727
0.449
0.377
0.304
0.497
0.374
0.316
0.850
0.717
0.589
0.531
0.780
0.685
0.636
0.904
0.782
0.853
0.893
0.882
0.958
0.924
0.925
0.906
0.919
0.915
0.883
0.824
0.853
0.868
0.888
0.910
0.893
0.903
0.891
0.850
0.866
0.764
0.785
0.862
0.866
0.830
0.764
0.715
0.622
0.659
0.683
0.736
0.780
0.846
0.720
0.777
0.742
0.587
0.421
0.489
0.531
0.732
0.578
0.825
0.847
0.697
0.906
0.915
0.882
0.816
0.822
0.892
0.941
0.885
0.914
0.871
0.907
0.831
0.861
0.888
0.945
0.957
0.968
0.959
0.922
0.929
0.746
0.778
0.744
0.754
0.492
0.668
0.504
0.638
0.569
0.572
0.447
0.538
0.549
0.670
0.645
0.661
0.558
0.666
0.497
0.630
0.367
0.645
0.801
0.697
0.542
0.538
0.747
0.582
0.547
0.724
0.661
0.512
0.628
0.624
0.632
0.487
0.641
0.640
0.603
0.601
0.526
0.468
0.626
0.502
0.502
0.424
0.766
0.687
0.601
0.447
0.499
0.668
0.641
0.681
0.692
0.614
0.630
0.907
0.922
0.766
0.761
0.874
0.925
0.963
0.933
0.955
0.961
0.953
0.941
0.973
0.932
0.977
0.958
0.926
0.830
0.911
1.012
0.926
0.744
0.775
0.610
0.717
0.734
0.641
0.722
0.628
0.659
0.724
0.703
0.892
0.903
0.973
0.842
0.783
0.892
0.839
0.911
0.928
0.814
0.949
0.962
0.918
0.934
0.936
0.874
0.896
0.937
0.893
0.865
0.958
0.906
0.933
0.934
0.947
0.917
0.892
0.871
0.764
0.762
0.910
0.825
0.759
0.786
0.769
0.565
0.612
0.808
0.811
0.651
0.608
0.759
0.565
0.756
0.801
0.603
0.847
0.717
0.778
0.799
0.843
0.837
0.830
0.747
0.827
0.772
0.793
0.802
0.808
0.837
0.825
0.885
0.810
0.790
0.653
0.593
0.595
0.706
0.811
0.687
0.736
0.540
0.874
0.620
0.696
0.666
0.630
0.842
0.585
0.585
0.649
0.580
0.605
0.521
0.878
0.782
0.653
0.685
0.741
0.833
0.666
0.852
0.868
0.862
0.900
0.856
0.891
0.786
0.752
0.790
0.757
0.862
0.811
0.696
0.774
0.752
0.703
0.718
0.722
0.734
0.694
0.749
0.794
0.775
0.864
0.862
0.879
0.862
0.951
0.991
0.944
0.951
0.936
0.949
0.926
0.853
0.921
0.963
0.906
0.957
0.970
0.982
0.953
0.964
0.937
0.933
0.810
0.749
0.533
0.603
0.384
0.353
0.377
0.727
0.620
0.460
0.474
0.320
0.331
0.187
0.141
0.274
0.441
0.255
0.269
0.346
0.374
0.187
0.187
0.173
0.308
0.180
0.717
0.913
0.881
0.897
0.845
0.447
0.715
0.509
0.757
0.672
0.777
0.915
0.875
0.837
0.769
0.756
0.742
0.634
0.474
0.630
0.574
0.576
0.587
0.608
0.599
0.377
0.622
0.612
0.533
0.953
0.895
0.961
0.845
0.926
0.922
0.955
0.962
0.957
0.904
0.897
0.910
0.922
0.896
0.926
0.937
0.909
0.892
0.958
0.970
0.976
0.963
0.924
0.946
0.946
0.906
0.876
0.910
0.879
0.895
0.814
0.805
0.868
0.958
0.688
0.859
0.840
0.840
0.889
0.856
0.862
0.909
0.626
0.552
0.761
0.655
0.616
0.797
0.874
0.814
0.737
0.582
0.390
0.636
0.794
0.774
0.769
0.569
0.742
0.670
0.651
0.624
0.732
0.704
0.531
0.466
0.367
0.492
0.479
0.517
0.519
0.524
0.512
0.327
0.304
0.438
0.580
0.412
0.287
0.387
0.412
0.396
0.291
0.561
0.554
0.599
0.291
0.406
0.670
0.489
0.576
0.409
0.312
0.632
0.622
0.427
0.295
0.229
0.132
0.112
0.206
0.150
0.223
0.000
0.122
0.000
0.259
0.100
0.100
0.000
0.050
0.000
0.234
0.132
0.158
0.000
0.141
0.132
0.206
0.050
0.000
0.122
0.000
0.112
0.000
0.180
0.071
0.122
0.122
0.122
0.000
0.000
0.000
0.100
0.158
0.071
0.000
0.000
0.304
0.441
0.390
0.374
0.620
0.415
0.360
0.512
0.582
0.620
0.526
0.521
0.339
0.679
0.742
0.739
0.626
0.655
0.662
0.701
0.558
0.565
0.643
0.715
0.734
0.751
0.788
0.875
0.794
0.892
0.886
0.891
0.897
0.926
0.899
0.919
0.907
0.805
0.913
0.782
0.891
0.947
0.910
0.699
0.725
0.827
0.928
0.930
0.964
0.928
0.937
0.945
0.910
0.917
0.977
0.932
0.961
0.968
0.975
0.933
0.930
0.941
0.990
0.808
0.737
0.754
0.595
0.567
0.774
0.739
0.811
0.620
0.710
0.643
0.554
0.727
0.645
0.558
0.674
0.703
0.670
0.683
0.704
0.701
0.708
0.822
0.797
0.833
0.840
0.759
0.840
0.957
0.868
0.840
0.788
0.865
0.777
0.917
0.897
0.938
0.955
0.970
0.963
0.888
0.967
0.859
0.922
0.896
0.852
0.804
0.804
0.766
0.845
0.582
0.791
0.879
0.708
0.804
0.859
0.585
0.589
0.601
0.489
0.645
0.810
0.749
0.830
0.659
0.701
0.739
0.630
0.636
0.868
0.769
0.986
0.906
0.973
0.831
0.836
0.856
0.791
0.871
0.868
0.814
0.893
0.874
0.910
0.904
0.822
0.876
0.856
0.849
0.834
0.793
0.688
0.772
0.685
0.668
0.519
0.718
0.641
0.783
0.655
0.692
0.685
0.732
0.749
0.552
0.441
0.688
0.710
0.668
0.688
0.587
0.517
0.458
0.578
0.487
0.788
0.767
0.597
0.603
0.655
0.889
0.757
0.769
0.770
0.878
0.816
0.688
0.676
0.785
0.865
0.724
0.791
0.799
0.813
0.813
0.853
0.715
0.561
0.831
0.468
0.739
0.679
0.713
0.759
0.712
0.853
0.933
0.958
0.918
0.945
0.938
0.921
0.919
0.833
0.775
0.796
0.751
0.632
0.601
0.502
0.514
0.574
0.455
0.512
0.757
0.655
0.641
0.563
0.545
0.576
0.308
0.630
0.452
0.463
0.742
0.492
0.474
0.558
0.572
0.778
0.287
0.316
0.304
0.919
0.896
0.926
0.659
0.900
0.764
0.558
0.706
0.899
0.919
0.975
0.976
0.975
0.989
0.957
0.996
0.937
0.917
0.945
0.982
0.940
0.953
0.940
0.954
0.811
0.924
0.963
0.649
0.618
0.640
0.572
0.435
0.722
0.549
0.732
0.640
0.690
0.659
0.731
0.412
0.350
0.692
0.681
0.843
0.828
0.657
0.839
0.888
0.883
0.782
0.833
0.681
0.749
0.751
0.701
0.595
0.666
0.664
0.774
0.718
0.769
0.759
0.554
0.565
0.688
0.701
0.756
0.729
0.692
0.593
0.666
0.767
0.782
0.713
0.744
0.552
0.839
0.674
0.850
0.545
0.580
0.775
0.788
0.879
0.736
0.683
0.859
0.843
0.746
0.777
0.834
0.839
0.762
0.540
0.659
0.638
0.484
0.466
0.708
0.692
0.764
0.512
0.791
0.741
0.531
0.657
0.499
0.793
0.782
0.655
0.441
0.370
0.403
0.853
0.895
0.834
0.704
0.683
0.770
0.845
0.994
0.828
0.899
0.852
0.906
0.917
0.958
0.973
0.919
0.933
0.936
0.871
0.924
0.902
0.731
0.818
0.816
0.814
0.864
0.897
0.836
0.694
0.791
0.833
0.896
0.842
0.542
0.674
0.636
0.628
0.749
0.576
0.694
0.676
0.715
0.662
0.722
0.793
0.549
0.353
0.688
0.696
0.731
0.685
0.762
0.742
0.767
0.785
0.814
0.818
0.810
0.757
0.794
0.706
0.725
0.788
0.782
0.796
0.843
0.791
0.708
0.597
0.732
0.672
0.769
0.647
0.517
0.858
0.777
0.668
0.752
0.849
0.932
0.897
0.918
0.883
0.892
0.902
0.944
0.876
0.786
0.865
0.572
0.722
0.891
0.914
0.910
0.875
0.888
0.862
0.883
0.874
0.872
0.893
0.706
0.666
0.661
0.647
0.727
0.736
0.618
0.536
0.585
0.274
0.556
0.827
0.893
0.875
0.734
0.945
0.885
0.955
0.909
0.929
0.871
0.889
0.885
0.830
0.783
0.796
0.794
0.641
0.415
0.370
0.697
0.696
0.704
0.614
0.540
0.655
0.681
0.687
0.724
0.647
0.593
0.712
0.597
0.783
0.842
0.976
0.946
0.932
0.703
0.913
0.911
0.951
0.886
0.891
0.878
0.628
0.677
0.802
0.782
0.759
0.830
0.843
0.774
0.400
0.552
0.502
0.380
0.717
0.605
0.335
0.452
0.476
0.421
0.706
0.839
0.796
0.868
0.852
0.802
0.786
0.811
0.679
0.847
0.793
0.790
0.624
0.842
0.703
0.683
0.565
0.489
0.731
0.821
0.724
0.772
0.830
0.804
0.676
0.533
0.777
0.900
0.672
0.775
0.786
0.834
0.764
0.827
0.536
0.582
0.804
0.683
0.747
0.712
0.774
0.643
0.661
0.849
0.875
0.859
0.963
0.951
0.866
0.871
0.930
0.869
0.922
0.881
0.868
0.670
0.872
0.872
0.861
0.915
0.871
0.824
0.921
0.885
0.830
0.788
0.703
0.774
0.881
0.780
0.782
0.824
0.790
0.875
0.958
0.928
0.545
0.649
0.749
0.427
0.447
0.528
0.752
0.640
0.655
0.531
0.452
0.802
0.585
0.651
0.764
0.638
0.578
0.701
0.712
0.554
0.706
0.692
0.772
0.582
0.767
0.766
0.872
0.694
0.681
0.727
0.327
0.531
0.412
0.324
0.489
0.463
0.690
0.713
0.610
0.521
0.612
0.681
0.497
0.780
0.683
0.657
0.377
0.312
0.339
0.331
0.744
0.641
0.531
0.406
0.727
0.696
0.772
0.713
0.701
0.645
0.761
0.747
0.706
0.814
0.824
0.780
0.868
0.878
0.893
0.868
0.801
0.777
0.833
0.836
0.828
0.842
0.933
0.893
0.722
0.580
0.374
0.524
0.628
0.556
0.722
0.597
0.672
0.471
0.274
0.274
0.614
0.683
0.697
0.536
0.672
0.831
0.608
0.799
0.687
0.715
0.692
0.574
0.727
0.788
0.799
0.751
0.657
0.438
0.569
0.725
0.554
0.563
0.460
0.312
0.331
0.679
0.720
0.641
0.380
0.759
0.666
0.387
0.528
0.533
0.677
0.578
0.487
0.558
0.720
0.549
0.595
0.810
0.749
0.509
0.438
0.427
0.554
0.595
0.418
0.533
0.638
0.785
0.724
0.565
0.595
0.640
0.692
0.533
0.643
0.676
0.766
0.626
0.595
0.487
0.688
0.786
0.672
0.777
0.524
0.701
0.547
0.479
0.833
0.704
0.778
0.727
0.911
0.925
0.899
0.953
0.896
0.846
0.866
0.858
0.915
0.875
0.729
0.816
0.620
0.704
0.662
0.677
0.441
0.697
0.612
0.676
0.662
0.697
0.859
0.744
0.320
0.482
0.499
0.346
0.335
0.547
0.489
0.409
0.512
0.612
0.438
0.494
0.746
0.563
0.471
0.502
0.626
0.536
0.741
0.556
0.533
0.775
0.634
0.674
0.649
0.335
0.670
0.664
0.645
0.701
0.643
0.672
0.587
0.572
0.690
0.599
0.731
0.757
0.599
0.549
0.647
0.668
0.599
0.710
0.482
0.638
0.706
0.545
0.805
0.649
0.847
0.816
0.549
0.666
0.677
0.430
0.797
0.647
0.724
0.883
0.622
0.628
0.482
0.287
0.374
0.435
0.589
0.424
0.471
0.687
0.565
0.591
0.595
0.634
0.409
0.690
0.574
0.558
0.554
0.759
0.435
0.390
0.531
0.427
0.312
0.000
0.412
0.630
0.403
0.569
0.578
0.430
0.447
0.430
0.694
0.710
0.624
0.432
0.466
0.591
0.666
0.710
0.783
0.589
0.487
0.447
0.519
0.653
0.549
0.713
0.630
0.683
0.482
0.614
0.589
0.632
0.536
0.725
0.825
0.706
0.620
0.683
0.770
0.641
0.572
0.471
0.432
0.531
0.499
0.574
0.390
0.531
0.651
0.444
0.430
0.507
0.512
0.424
0.542
0.666
0.727
0.524
0.499
0.357
0.554
0.744
0.703
0.847
0.828
0.741
0.406
0.710
0.517
0.618
0.701
0.756
0.807
0.885
0.685
0.749
0.828
1.031
1.001
0.985
0.713
0.900
0.940
0.942
0.911
0.896
0.955
0.938
0.955
0.926
0.929
0.772
0.839
0.915
0.847
0.593
0.484
0.406
0.591
0.666
0.808
0.865
0.712
0.764
0.799
0.687
0.746
0.731
0.818
0.732
0.752
0.664
0.632
0.595
0.367
0.512
0.883
0.739
0.620
0.805
0.712
0.731
0.813
0.825
0.712
0.662
0.872
0.828
0.859
0.818
0.556
0.706
0.746
0.749
0.696
0.547
0.819
0.645
0.710
0.852
0.827
0.729
0.706
0.840
0.788
0.843
0.772
0.766
0.774
0.706
0.840
0.762
0.937
0.754
0.736
0.797
0.825
0.852
0.876
0.843
0.862
0.732
0.757
0.659
0.710
0.662
0.677
0.816
0.687
0.531
0.245
0.676
0.444
0.447
0.582
0.701
0.580
0.595
0.641
0.793
0.624
0.542
0.542
0.630
0.507
0.794
0.796
0.868
0.891
0.772
0.601
0.487
0.612
0.640
0.638
0.403
0.618
0.632
0.582
0.531
0.554
0.447
0.455
0.421
0.499
0.415
0.335
0.320
0.000
0.282
0.122
0.264
0.071
0.187
0.269
0.502
0.497
0.482
0.218
0.346
0.364
0.810
0.791
0.808
0.899
0.924
0.911
0.893
0.926
0.909
0.874
0.782
0.847
0.556
0.685
0.902
0.799
0.754
0.822
0.847
0.664
0.545
0.452
0.374
0.150
0.304
0.320
0.050
0.141
0.000
0.000
0.000
0.187
0.050
0.000
0.320
0.000
0.071
0.000
0.000
0.000
0.122
0.000
0.071
0.000
0.000
0.000
0.000
0.000
0.000
0.141
0.000
0.000
0.000
0.071
0.000
0.050
0.000
0.000
0.000
0.000
0.086
0.071
0.071
0.000
0.000
0.000
0.000
0.000
0.000
0.000
0.000
0.000
0.000
0.071
0.000
0.000
0.000
0.112
0.000
0.000
0.000
0.000
0.000
0.000
0.000
0.000
0.000
0.509
0.651
0.489
0.659
0.752
0.647
0.782
0.668
0.842
0.657
0.865
0.653
0.756
0.913
0.831
0.892
0.828
0.766
0.843
0.811
0.992
0.801
0.839
0.837
0.917
0.825
0.754
0.821
0.859
0.919
0.907
0.950
0.957
0.972
0.882
0.725
0.762
0.622
0.521
0.536
0.540
0.476
0.531
0.747
0.640
0.645
0.683
0.574
0.618
0.778
0.783
0.703
0.545
0.432
0.567
0.767
0.677
0.775
0.662
0.666
0.370
0.752
0.681
0.712
0.519
0.670
0.563
0.576
0.767
0.761
0.785
0.630
0.618
0.722
0.582
0.616
0.582
0.595
0.701
0.565
0.858
0.883
0.919
0.903
0.699
0.906
0.872
0.819
0.736
0.747
0.668
0.683
0.580
0.662
0.919
0.979
0.876
0.821
0.842
0.796
0.783
0.786
0.824
0.893
0.849
0.772
0.839
0.697
0.722
0.706
0.489
0.335
0.335
0.393
0.406
0.810
0.657
0.519
0.591
0.670
0.509
0.438
0.387
0.791
0.360
0.504
0.770
0.891
0.801
0.814
0.766
0.746
0.545
0.802
0.837
0.822
0.761
0.847
0.732
0.614
0.756
0.840
0.632
0.444
0.421
0.850
0.610
0.400
0.995
0.843
0.926
0.807
0.876
0.891
0.930
0.861
0.957
0.934
0.886
0.878
0.871
0.881
0.897
0.879
0.856
0.874
0.921
0.774
0.878
0.865
0.896
0.910
0.897
0.858
0.831
0.819
0.636
0.599
0.729
0.526
0.504
0.547
0.759
0.725
0.418
0.708
0.945
0.899
0.825
0.895
0.840
0.708
0.821
0.882
0.853
0.881
0.418
0.519
0.468
0.444
0.563
0.704
0.670
0.576
0.427
0.608
0.666
0.762
0.608
0.474
0.471
0.715
0.565
0.489
0.718
0.697
0.653
0.736
0.791
0.624
0.715
0.563
0.801
0.834
0.679
0.715
0.732
0.790
0.847
0.859
0.845
0.892
0.788
0.653
0.384
0.308
0.250
0.132
0.427
0.327
0.751
0.778
0.845
0.852
0.821
0.864
0.876
0.885
0.875
0.821
0.825
0.762
0.866
0.949
0.729
0.794
0.687
0.881
0.783
0.816
0.869
0.807
0.720
0.694
0.659
0.507
0.655
0.942
0.955
0.732
0.674
0.862
0.936
0.909
0.896
0.869
0.945
0.845
0.865
0.910
0.932
0.904
0.962
0.953
0.861
0.866
0.752
0.672
0.807
0.775
0.874
0.883
0.949
0.951
0.930
0.856
0.713
0.677
0.874
0.906
0.899
0.816
0.770
0.574
0.871
0.913
0.810
0.878
0.780
0.657
0.741
0.819
0.593
0.666
0.608
0.793
0.706
0.538
0.587
0.767
0.528
0.836
0.840
0.816
0.659
0.769
0.872
0.845
0.759
0.756
0.701
0.688
0.827
0.774
0.731
0.849
0.845
0.676
0.664
0.531
0.390
0.514
0.767
0.837
0.521
0.316
0.346
0.206
0.482
0.762
0.641
0.828
0.696
0.819
0.822
0.741
0.836
0.807
0.603
0.834
0.799
0.775
0.749
0.685
0.452
0.377
0.412
0.396
0.512
0.487
0.554
0.565
0.494
0.412
0.390
0.452
0.628
0.502
0.630
0.514
0.636
0.327
0.645
0.494
0.377
0.565
0.476
0.653
0.690
0.842
0.574
0.563
0.900
0.818
0.720
0.610
0.567
0.797
0.622
0.683
0.681
0.466
0.593
0.858
0.542
0.444
0.471
0.692
0.567
0.380
0.403
1.029
1.026
0.766
0.893
0.936
0.895
0.891
0.852
0.856
0.783
0.892
0.930
0.793
0.852
0.791
0.814
0.958
0.640
0.775
0.837
0.813
0.818
0.885
0.766
0.819
0.769
0.697
0.754
0.526
0.659
0.610
0.601
0.664
0.657
0.799
0.875
0.710
0.739
0.320
0.565
0.690
0.821
0.699
0.742
0.749
0.742
0.749
0.811
0.744
0.862
0.770
0.843
0.837
0.821
0.859
0.872
0.904
0.825
0.925
0.914
0.910
0.913
0.981
0.955
0.919
0.796
0.519
0.696
0.664
0.357
0.649
0.649
0.664
0.406
0.320
0.549
0.384
0.659
0.591
0.504
0.367
0.278
0.406
0.320
0.304
0.166
0.519
0.612
0.569
0.449
0.572
0.499
0.563
0.449
0.552
0.499
0.444
0.679
0.647
0.672
0.778
0.438
0.767
0.706
0.552
0.494
0.435
0.704
0.447
0.657
0.780
0.612
0.387
0.474
0.468
0.295
0.346
0.540
0.626
0.549
0.664
0.342
0.554
0.599
0.324
0.504
0.476
0.987
0.878
0.910
0.634
0.861
0.968
0.933
0.933
0.940
0.936
0.950
0.967
0.937
0.918
0.706
0.814
0.918
0.915
0.896
0.915
0.597
0.683
0.925
1.002
0.708
0.574
0.725
0.843
0.839
0.797
0.777
0.990
0.981
0.786
0.886
0.791
0.913
0.862
0.715
0.818
0.657
0.681
0.531
0.463
0.561
0.762
0.509
0.724
0.754
0.608
0.824
0.708
0.622
0.791
0.597
0.591
0.400
0.350
0.370
0.212
0.282
0.547
0.554
0.703
0.744
0.628
0.685
0.734
0.587
0.463
0.282
0.350
0.403
0.360
0.312
0.424
0.533
0.482
0.393
0.364
0.614
0.662
0.774
0.946
0.757
0.864
0.907
0.836
0.907
0.742
0.853
0.845
0.846
0.856
0.756
0.853
0.777
0.813
0.791
0.819
0.929
0.593
0.770
0.878
0.944
0.888
0.849
0.855
0.942
0.917
0.889
0.946
0.949
0.875
0.904
0.839
0.836
0.662
0.657
0.764
0.545
0.614
0.687
0.793
0.858
0.942
0.531
0.752
0.741
0.816
0.831
0.807
0.801
0.699
0.761
0.717
0.679
0.756
0.797
0.861
0.900
0.878
0.902
0.810
0.885
0.869
0.788
0.902
0.808
0.769
0.732
0.634
0.524
0.601
0.620
0.891
0.524
0.565
0.713
0.759
0.825
0.849
0.861
0.839
0.731
0.715
0.767
0.701
0.697
0.681
0.645
0.554
0.692
0.482
0.599
0.645
0.729
0.732
0.554
0.882
0.821
0.791
0.807
0.929
0.828
0.785
0.744
0.696
0.813
0.842
0.828
0.886
0.814
0.808
0.786
0.786
0.937
0.888
0.893
0.831
0.849
0.690
0.797
0.737
0.859
0.907
0.937
0.824
0.742
0.772
0.805
0.747
0.822
0.710
0.836
0.801
0.701
0.713
0.561
0.335
0.255
0.250
0.255
0.000
0.000
0.000
0.223
0.122
0.000
0.086
0.223
0.000
0.150
0.000
0.000
0.000
0.455
0.608
0.822
0.722
0.847
0.903
0.963
0.874
0.847
0.907
0.796
0.864
0.885
0.864
0.903
0.868
0.879
0.883
0.794
0.775
0.836
0.872
0.909
0.904
0.828
0.893
0.778
0.827
0.816
1.040
0.932
0.561
0.770
0.367
0.774
0.871
0.951
0.878
0.914
0.764
0.834
0.766
0.836
0.822
0.847
0.791
0.810
0.634
0.614
0.788
0.677
0.804
0.538
0.612
0.659
0.610
0.828
0.839
0.741
0.632
0.499
0.759
0.727
0.747
0.563
0.786
0.672
0.589
0.447
0.492
0.622
0.187
0.427
0.468
0.412
0.229
0.150
0.291
0.737
0.754
0.834
0.732
0.438
0.412
0.828
0.538
0.903
0.859
0.622
0.595
0.421
0.651
0.616
0.764
0.582
0.632
0.509
0.430
0.390
0.200
0.218
0.200
0.471
0.778
0.556
0.608
0.766
0.657
0.761
0.661
0.651
0.662
0.699
0.805
0.640
0.766
0.589
0.628
0.278
0.367
0.274
0.578
0.853
0.802
0.554
0.767
0.807
0.504
0.630
0.770
0.692
0.701
0.821
0.836
0.701
0.630
0.868
0.810
0.703
0.953
0.843
0.917
0.922
0.947
0.904
0.896
0.885
0.883
0.891
0.849
0.872
0.852
0.911
0.895
0.839
0.813
0.814
0.868
0.888
0.874
0.805
0.767
0.816
0.816
0.839
0.777
0.608
0.858
0.799
0.731
0.597
0.645
0.628
0.641
0.524
0.424
0.712
0.677
0.791
0.463
0.574
0.790
0.531
0.766
0.374
0.452
0.762
0.664
0.706
0.722
0.634
0.801
0.704
0.630
0.632
0.814
0.822
0.874
0.808
0.804
0.871
0.883
0.785
0.866
0.853
0.608
0.649
0.512
0.676
0.364
0.649
0.699
0.796
0.706
0.810
0.778
0.858
0.922
0.859
0.595
0.713
0.824
0.780
0.883
0.855
0.822
0.868
0.774
0.819
0.810
0.790
0.703
0.752
0.764
0.886
0.831
0.926
0.876
0.907
0.932
0.895
0.921
0.875
0.878
0.783
0.708
0.643
0.626
0.742
0.647
0.572
0.474
0.387
0.687
0.597
0.699
0.387
0.364
0.384
0.444
0.561
0.561
0.668
0.677
0.595
0.946
0.895
0.862
0.804
0.837
0.888
0.672
0.528
0.727
0.807
0.782
0.785
0.653
0.624
0.864
0.715
0.846
0.703
0.822
0.930
0.942
0.942
0.940
0.865
0.843
0.910
0.919
0.903
0.938
0.929
0.915
0.909
0.871
0.888
0.904
0.889
0.793
0.772
0.824
0.869
0.824
0.814
0.855
0.836
0.862
0.840
0.878
0.811
0.681
0.630
0.589
0.774
0.502
0.651
0.757
0.701
0.540
0.690
0.706
0.599
0.661
0.549
0.438
0.565
0.688
0.767
0.706
0.697
0.608
0.651
0.561
0.634
0.632
0.690
0.484
0.732
0.724
0.494
0.759
0.649
0.717
0.692
0.786
0.793
0.801
0.865
0.876
0.900
0.864
0.645
0.958
0.813
0.819
0.731
0.818
0.679
0.742
0.847
0.843
0.892
0.865
0.922
0.799
0.833
0.861
0.813
0.941
0.855
0.618
0.589
0.710
0.822
0.859
0.783
0.641
0.616
0.821
0.888
0.899
0.955
0.926
0.940
0.814
0.926
0.864
0.845
0.785
0.871
0.790
0.661
0.876
0.790
0.729
0.494
0.807
0.674
0.839
0.739
0.876
0.856
0.895
0.895
0.865
0.822
0.930
0.769
0.514
0.725
0.881
0.946
0.699
0.759
0.762
0.780
0.896
0.855
0.888
0.922
0.706
0.524
0.569
0.587
0.661
0.645
0.634
0.749
0.818
0.865
0.666
0.580
0.677
0.540
0.509
0.474
0.731
0.587
0.664
0.484
0.587
0.572
0.610
0.497
0.418
0.556
0.549
0.739
0.737
0.558
0.499
0.387
0.549
0.492
0.724
0.777
0.599
0.427
0.514
0.567
0.739
0.641
0.620
0.295
0.295
0.193
0.193
0.000
0.166
0.193
0.000
0.050
0.166
0.122
0.200
0.132
0.000
0.158
0.132
0.000
0.000
0.000
0.000
0.000
0.086
0.000
0.403
0.497
0.447
0.517
0.563
0.540
0.653
0.567
0.492
0.624
0.512
0.484
0.704
0.497
0.595
0.624
0.509
0.612
0.647
0.657
0.538
0.587
0.466
0.641
0.479
0.545
0.797
0.821
0.703
0.706
0.512
0.531
0.593
0.659
0.589
0.489
0.531
0.651
0.647
0.418
0.759
0.692
0.659
0.466
0.538
0.499
0.567
0.578
0.509
0.489
0.538
0.460
0.585
0.692
0.662
0.647
0.744
0.641
0.552
0.653
0.497
0.610
0.565
0.507
0.727
0.492
0.862
0.620
0.605
0.649
0.824
0.853
0.497
0.466
0.512
0.672
0.418
0.628
0.549
0.484
0.824
0.666
0.492
0.645
0.466
0.751
0.677
0.561
0.783
0.599
0.547
0.536
0.636
0.696
0.729
0.427
0.418
0.622
0.582
0.593
0.412
0.653
0.697
0.672
0.552
0.762
0.708
0.612
0.694
0.636
0.421
0.759
0.561
0.549
0.651
0.605
0.595
0.578
0.657
0.664
0.572
0.856
0.827
0.514
0.455
0.685
0.692
0.526
0.641
0.384
0.811
0.708
0.859
0.793
0.640
0.793
0.737
0.327
0.229
0.561
0.563
0.364
0.666
0.497
0.666
0.452
0.626
0.517
0.526
0.569
0.687
0.618
0.647
0.661
0.552
0.634
0.687
0.599
0.697
0.620
0.687
0.547
0.466
0.703
0.852
0.367
0.278
0.259
0.000
0.245
0.000
0.071
0.112
0.291
0.112
0.050
0.000
0.000
0.000
0.000
0.112
0.000
0.000
0.050
0.327
0.000
0.000
0.000
0.000
0.000
0.000
0.000
0.000
0.000
0.000
0.335
0.479
0.364
0.406
0.400
0.585
0.409
0.421
0.432
0.474
0.418
0.424
0.731
0.874
0.772
0.645
0.549
0.554
0.455
0.400
0.701
0.664
0.492
0.565
0.674
0.599
0.632
0.524
0.489
0.618
0.421
0.538
0.542
0.526
0.455
0.487
0.612
0.533
0.412
0.567
0.499
0.576
0.612
0.554
0.563
0.554
0.643
0.595
0.542
0.699
0.554
0.438
0.620
0.528
0.647
0.630
0.741
0.561
0.808
0.578
0.799
0.612
0.458
0.767
0.827
0.601
0.769
0.759
0.746
0.597
0.822
0.896
0.813
0.921
0.814
0.881
0.897
0.610
0.651
0.808
0.761
0.724
0.659
0.821
0.893
0.421
0.666
0.531
0.479
0.502
0.572
0.507
0.712
0.476
0.403
0.512
0.703
0.926
0.717
0.846
0.869
0.825
0.742
0.708
0.818
0.574
0.717
0.749
0.324
0.811
0.919
0.858
0.761
0.858
